# bin_4
2.041499301526339058e-02
2.557774487417482923e-02
3.712725164775072112e-02
5.016398093928052526e-02
6.600240223378042725e-02
8.265555043509166533e-02
1.022431805443131947e-01
1.234261615127175554e-01
1.485267091986165744e-01
1.762847642006302729e-01
1.994712733946182870e-01
2.075502551625630632e-01
1.992148094102808298e-01
1.939990921632967769e-01
1.999326399751798766e-01
2.039353826874770459e-01
2.008890691342067880e-01
2.009633793905272747e-01
2.024577236471680197e-01
2.019169598540744015e-01
1.984187618066474423e-01
1.963242788040044651e-01
1.943941655304636529e-01
1.931250716948543500e-01
1.901139598785756557e-01
1.866823806096894744e-01
1.851566600071272162e-01
1.891505310677946416e-01
1.933573217676404499e-01
1.947049989028032668e-01
1.865948035715572773e-01
1.783543821612953717e-01
1.711836459031609858e-01
1.636279694946020657e-01
1.588215283965598579e-01
1.557977602332276668e-01
1.546366726518947909e-01
1.514816610183077616e-01
1.483892799895985271e-01
1.461858547327358759e-01
1.458838116207294144e-01
1.503011616120749905e-01
1.612047470337580890e-01
1.733071449040348710e-01
1.812646908532905554e-01
1.833866841151203797e-01
1.781564385211990287e-01
1.728894040599575632e-01
1.727093258100709239e-01
1.758641339654100355e-01
1.787819713525989895e-01
1.729786903153795741e-01
1.670033480712699858e-01
1.689345601273656294e-01
1.751812609636352602e-01
1.844848562221007848e-01
1.945361119566805519e-01
2.053288424286293101e-01
2.223650180848486257e-01
2.394742017366099374e-01
2.601778693429720457e-01
2.803313724611579127e-01
3.017079833308016767e-01
3.165772377279197358e-01
3.275180596690790424e-01
3.445965588009662350e-01
3.703469346211420432e-01
4.061344854810907123e-01
4.610393875224421678e-01
5.528984626134323399e-01
6.575023977963724287e-01
7.591465790729446939e-01
8.463940638366040936e-01
9.167331165884404776e-01
9.906890765978465518e-01
1.074127774115633649e+00
1.154473358083015544e+00
1.240673743780130733e+00
1.324469871189161374e+00
1.400942816436302252e+00
1.468482822402392696e+00
1.524953326783007990e+00
1.579393199635329870e+00
1.640533285644077743e+00
1.691233960811507009e+00
1.719896110367033160e+00
1.769100040233959614e+00
1.809730047839723577e+00
1.848818015887841559e+00
1.898639013891123106e+00
1.935621470417191459e+00
1.968878402996667498e+00
1.988257834162044935e+00
1.991888822114403101e+00
1.976432899231359119e+00
1.957606928901797883e+00
1.925980386135901057e+00
1.888545882333048542e+00
1.849414207155507306e+00
1.798925149366606746e+00
1.738044294646573062e+00
1.682219630226661877e+00
1.621895817559563024e+00
1.545302453885220917e+00
1.457775715573626396e+00
1.367903320709651371e+00
1.292585440088322102e+00
1.224585695369245997e+00
1.161128806025959026e+00
1.104081603594972760e+00
1.039167687903568060e+00
9.912265033502597467e-01
9.430240120302563200e-01
8.889431155037249566e-01
8.462624948033674599e-01
8.104165456860438210e-01
7.879177929717515738e-01
7.702966580468231239e-01
7.661616951686757160e-01
7.790255493403476228e-01
7.706436291561110652e-01
7.331162985760809603e-01
6.905873098664945253e-01
6.509280562861605723e-01
6.119898482270421658e-01
5.761589158044289061e-01
5.417116761669749092e-01
5.045601292162325002e-01
4.616043652283200460e-01
4.199913948975831923e-01
3.865351757214124384e-01
3.651516465912601483e-01
3.489968980116451291e-01
3.328017386519483423e-01
3.214206304767336375e-01
3.087366103810114670e-01
3.014744309980242343e-01
2.918986225387567024e-01
2.792911916557996310e-01
2.699077108369743461e-01
2.591315027987772246e-01
2.533622840203711424e-01
2.473075038680228044e-01
2.396525300741602915e-01
2.299620005784580590e-01
2.202597100399775187e-01
2.120181491514988026e-01
2.077230488918152262e-01
2.026778464170189975e-01
1.944596041357920801e-01
1.884835293699507475e-01
1.807857844483283238e-01
1.750593774933413005e-01
1.695406811344010445e-01
1.606104277661969115e-01
1.517476477851667227e-01
1.471945371064776464e-01
1.421610142831032098e-01
1.385329564175257211e-01
1.330853146629285277e-01
1.264620162844167506e-01
1.219187946485667112e-01
1.173115994513889287e-01
1.124894498325592213e-01
1.083043906096193415e-01
1.059689486651234913e-01
1.037160374982597499e-01
9.874315119297265297e-02
9.547988913116894905e-02
9.156236310934794120e-02
8.792034663588502164e-02
8.236644853993657645e-02
7.915930577909445487e-02
7.816315766596532155e-02
7.464998361944348571e-02
7.142554520746001445e-02
6.858136694619607066e-02
6.595149197624353143e-02
6.380068619440458499e-02
6.196869013224078765e-02
5.998982347039438778e-02
5.767839195923835094e-02
5.612479483663955493e-02
5.447169685054457922e-02
5.112456105475649687e-02
5.003876042532876683e-02
4.878928189286892148e-02
4.829369027097260569e-02
4.700327191487715245e-02
4.503034681786381027e-02
4.285304816810114187e-02
4.100294254185082171e-02
3.931936351408498592e-02
3.797986620453804724e-02
3.663129376511996271e-02
3.603115501908185636e-02
3.580850911960388461e-02
3.457421006448871403e-02
3.356902751715129529e-02
3.217654447169664839e-02
3.076074281890059381e-02
2.961495680182723092e-02
2.962891540967834553e-02
2.985921209130797116e-02
2.900330118704970775e-02
2.910715648499477906e-02
2.798485185782740442e-02
2.606592988795289334e-02
2.586334694379711571e-02
2.585793442237659459e-02
2.533251288919534036e-02
2.408079609601089521e-02
2.342543335342610680e-02
2.297578711994365322e-02
2.226918855438221947e-02
2.204760074181152593e-02
2.158122859635438692e-02
2.127898200608666079e-02
2.124239661703910056e-02
2.099553680601906613e-02
1.952308680885988731e-02
1.834352340254670477e-02
1.835206948903388841e-02
1.739022780857855943e-02
1.778607439312828234e-02
1.773133874425348450e-02
1.698119583350259781e-02
1.653329951301241857e-02
1.618400875172736411e-02
1.601276145782775176e-02
1.608157780147777619e-02
1.523628846172856398e-02
1.460391876118028592e-02
1.451210937546715263e-02
1.389870384769533590e-02
1.416701026608951919e-02
1.375236229134592890e-02
1.280745000119588341e-02
1.289596303929766916e-02
1.267470079193489668e-02
1.258830392762809967e-02
1.217471403982163178e-02
1.174964797877297434e-02
1.156045390339020297e-02
1.136255095894436740e-02
1.073486125809433242e-02
1.067198647933157059e-02
9.961359044412868707e-03
1.040876701711212354e-02
1.036640284579519976e-02
9.562948633968955392e-03
9.396584818018544755e-03
8.909132325994996784e-03
8.881622066814484975e-03
9.080216837327048304e-03
8.475520178531870119e-03
8.661946949784492603e-03
7.881974127827588716e-03
7.829395348406251176e-03
7.894182822704320923e-03
7.857434651037224077e-03
7.722935528791398038e-03
6.933928272621220530e-03
6.846839582289776689e-03
6.797353672228062180e-03
6.622972813300384912e-03
6.504507777055986914e-03
5.814797906122809619e-03
5.898264683629190000e-03
6.097551280156124527e-03
5.733447302349031251e-03
6.009933546376599635e-03
6.090755106678270164e-03
5.812193384515377224e-03
5.459240014765085608e-03
5.321444544877526606e-03
4.798627533276278792e-03
4.699167365513292997e-03
4.889053266942864490e-03
4.877902658923435712e-03
4.920063351995251216e-03
4.882257093436270963e-03
5.018668911192083158e-03
4.734694667634029019e-03
4.383491210820351404e-03
4.060327056616085811e-03
3.953541671809144425e-03
4.117300966193695316e-03
3.778102726022048233e-03
3.866615764100903973e-03
3.893434197240502881e-03
3.593792128570601815e-03
3.329514579488834954e-03
3.447287789657349760e-03
3.524283958873803725e-03
3.174464154151554907e-03
3.223950064189594778e-03
2.731614094216046253e-03
2.500625586552908050e-03
2.557762278679398885e-03
2.518043324651205849e-03
2.750618962665435895e-03
2.387898636909916144e-03
2.230772733475153667e-03
2.138434304311509840e-03
2.024852746014227552e-03
1.957257271886015879e-03
2.124679174704623575e-03
2.046624918641578965e-03
1.923113621786894708e-03
1.902033275233297764e-03
1.634093117699603843e-03
1.366682003595612229e-03
1.328183918980742556e-03
1.518598863862435705e-03
1.457270519793598231e-03
1.255013140821613620e-03
1.071394369411122821e-03
1.224532099196010962e-03
1.264942879352873306e-03
1.055889326872659758e-03
1.183592275576186023e-03
1.152053147116513738e-03
1.182371406139618884e-03
1.054668457385762653e-03
1.008682373246249557e-03
8.046750813547620413e-04
7.444048241332920429e-04
9.534583766068493484e-04
9.032806405686282089e-04
7.363877811581470874e-04
7.022441310643957532e-04
6.811637845499136793e-04
5.527690097609539192e-04
6.693213504671195833e-04
7.574681276830180950e-04
6.445783954570430147e-04
5.694949217759150703e-04
5.750702257905946713e-04
5.074747516519920046e-04
5.043411866127300988e-04
4.100900619362010668e-04
3.616622388079475457e-04
3.505116307727543061e-04
4.701975365219011231e-04
4.820399705801731681e-04
4.789064055305282375e-04
4.311704084506932781e-04
2.884914606525625764e-04
2.134079869685157700e-04
7.943790819022364630e-05
0.000000000000000000e+00
0.000000000000000000e+00
0.000000000000000000e+00
0.000000000000000000e+00
0.000000000000000000e+00
0.000000000000000000e+00
0.000000000000000000e+00
0.000000000000000000e+00
0.000000000000000000e+00
0.000000000000000000e+00
0.000000000000000000e+00
0.000000000000000000e+00
0.000000000000000000e+00
0.000000000000000000e+00
0.000000000000000000e+00
0.000000000000000000e+00
0.000000000000000000e+00
0.000000000000000000e+00
0.000000000000000000e+00
0.000000000000000000e+00
0.000000000000000000e+00
0.000000000000000000e+00
0.000000000000000000e+00
0.000000000000000000e+00
0.000000000000000000e+00
0.000000000000000000e+00
0.000000000000000000e+00
0.000000000000000000e+00
0.000000000000000000e+00
0.000000000000000000e+00
0.000000000000000000e+00
0.000000000000000000e+00
0.000000000000000000e+00
0.000000000000000000e+00
0.000000000000000000e+00
0.000000000000000000e+00
0.000000000000000000e+00
0.000000000000000000e+00
0.000000000000000000e+00
0.000000000000000000e+00
0.000000000000000000e+00
0.000000000000000000e+00
0.000000000000000000e+00
0.000000000000000000e+00
0.000000000000000000e+00
0.000000000000000000e+00
0.000000000000000000e+00
0.000000000000000000e+00
0.000000000000000000e+00
0.000000000000000000e+00
