# bin_1
0.000000000000000000e+00
5.331279603359203277e-03
2.648133483859796758e-02
4.834281229091814264e-02
7.531583372206768212e-02
1.065687919346489654e-01
1.427496685897106377e-01
1.818884806676759058e-01
2.208194341201887290e-01
2.622555541870648099e-01
3.090256891324045241e-01
3.708303835212027888e-01
4.502147746377929693e-01
5.429429240772327692e-01
6.790914936235912247e-01
8.583736693475783053e-01
1.025422463604188428e+00
1.206415512131604917e+00
1.405738675379378355e+00
1.563060981737913746e+00
1.697527969878797727e+00
1.825315020660057019e+00
1.934184028554277957e+00
2.049095409590247829e+00
2.142118077410084087e+00
2.197887167209594761e+00
2.245255196527661923e+00
2.305884184995391717e+00
2.415242818276883252e+00
2.544455744021203891e+00
2.584855612631282273e+00
2.466145363413831948e+00
2.316586051943877678e+00
2.289697328237896290e+00
2.333581012587770065e+00
2.386688841254094751e+00
2.455333689932161612e+00
2.533110012251391208e+00
2.609167478774931936e+00
2.675415947910826819e+00
2.720029427058912486e+00
2.782174704980711066e+00
2.923761241001519018e+00
2.954246249834926896e+00
2.787186826444340682e+00
2.548493906994084401e+00
2.327927054083176017e+00
2.196683735292083384e+00
2.096076138436138159e+00
1.992439667270732295e+00
1.882901062914119628e+00
1.768383544782284877e+00
1.749460075911568380e+00
1.721757242969715440e+00
1.554523330195920261e+00
1.331222093501780446e+00
1.117701153304570649e+00
9.356425786347469797e-01
7.711684080398908403e-01
6.218886350017414077e-01
4.982626730195483522e-01
4.018568041317415740e-01
3.340655785517681609e-01
2.845893986103871232e-01
2.457371163497500677e-01
2.088538310726461289e-01
1.752605859555874945e-01
1.483597178509561965e-01
1.293765910144471787e-01
1.090614576174814415e-01
9.220433589862081503e-02
8.081826578437929787e-02
7.523603722358628010e-02
6.906605876248354814e-02
6.175702483849692531e-02
5.451361523411738658e-02
4.692604005609229273e-02
4.139675104602770495e-02
3.612160307617419408e-02
3.227440241630116780e-02
3.129846071177230099e-02
2.818030835958658387e-02
2.491930891062990247e-02
2.421534602822186452e-02
2.252064533015988440e-02
2.118787556675445077e-02
2.107767350494547248e-02
2.161514113802952969e-02
2.237349755640510515e-02
2.227479367759625795e-02
2.107176843033871372e-02
1.950209375950834323e-02
1.660317565751474531e-02
1.349938489230917069e-02
1.214814227296011698e-02
1.072476303961075392e-02
1.125046509010444243e-02
1.201966233406568003e-02
1.279495963154266176e-02
1.380701699505513212e-02
1.625973429119811908e-02
1.831262790046692818e-02
2.130247300949322103e-02
2.306443027883981270e-02
2.375361376219073048e-02
2.463216073174356868e-02
2.730583923400919238e-02
3.066500776263832509e-02
3.257909312328893109e-02
3.427632297602197647e-02
3.804481901925896303e-02
3.963347906188047221e-02
4.073405683589097215e-02
4.250996345135739374e-02
4.390969453220971291e-02
4.781974524059063453e-02
5.123058874273790642e-02
5.550447003725184070e-02
5.575618219779941709e-02
5.084243593433129815e-02
3.827279389404289467e-02
2.648872175260389913e-02
1.790257617871580942e-02
1.237603358541249608e-02
1.060906814429023182e-02
9.680573157031108211e-03
9.667325734996177686e-03
9.136615512784563783e-03
8.491352414345008578e-03
7.761117520999736077e-03
6.669848595676315488e-03
6.146720266370761000e-03
5.802359713898875768e-03
6.042206017045312696e-03
6.083112585557780977e-03
6.431896373169462659e-03
6.684187899393542569e-03
7.173044512829967675e-03
7.657745290744803757e-03
7.594867388088476223e-03
7.212809062316715737e-03
7.196208003521813862e-03
7.788581688607173169e-03
8.218911213763493637e-03
8.860965516881211604e-03
8.948806286770071353e-03
9.452999381632772383e-03
9.523364473234520455e-03
9.411680572043968143e-03
9.926519513556738769e-03
1.060921298574062088e-02
1.126733354840555451e-02
1.143411848053754211e-02
1.144449692773881998e-02
1.111593523522357886e-02
1.151092344592754939e-02
1.108285567579079048e-02
1.099119889077860256e-02
1.114439658050332335e-02
1.168159681401430630e-02
1.160284763060138308e-02
1.176676358785980550e-02
1.173776744330158259e-02
1.180251714325159657e-02
1.146437920239117871e-02
1.218766170606006005e-02
1.231259302939162643e-02
1.191332642490513898e-02
1.284444527077107517e-02
1.282923134745066196e-02
1.235899243144611588e-02
1.292686562790526517e-02
1.220625712014741099e-02
1.175524312154389676e-02
1.187871488873439539e-02
1.157224708846784321e-02
1.125085504786113230e-02
1.100699775067783687e-02
1.020980153984296472e-02
1.028996014193097122e-02
1.077713993701907153e-02
1.045861687127330221e-02
9.932402304860343464e-03
9.462163388860677163e-03
1.037252534048892574e-02
1.015302369058787568e-02
1.008239119943056192e-02
1.021838061049831596e-02
1.007388454947954690e-02
9.857881377717784763e-03
9.929193509679580879e-03
9.847235530997673972e-03
9.410271153245301431e-03
9.306559102736726083e-03
9.628558363311933224e-03
9.641610806392740887e-03
9.236049169603736952e-03
8.900730066335432733e-03
9.161868062870939453e-03
9.628290963659040871e-03
9.686673210524795324e-03
9.582353940033745340e-03
9.273746942979563604e-03
9.115663639685868055e-03
9.301940888660658810e-03
9.372913200278876894e-03
9.746537296857166882e-03
9.926179693271265300e-03
9.757110722834404573e-03
9.880047690749601055e-03
9.414621967682812106e-03
9.482725304291603208e-03
9.536756736728940406e-03
9.318541947463629752e-03
9.424003237131614932e-03
9.204111629375866591e-03
8.776188700778066523e-03
8.818309709272656102e-03
8.663970000340876637e-03
8.842080419839195085e-03
8.647029121282893971e-03
8.644622524816803974e-03
8.199151497162415411e-03
8.741649585263008837e-03
8.754629607759880500e-03
8.375585098321515487e-03
7.867915808620630155e-03
8.155036133301834037e-03
8.217501794942766447e-03
8.116463740490865650e-03
7.728377781990693370e-03
7.707960708028695380e-03
7.847231335072599526e-03
7.965745067878815186e-03
7.765808155708741820e-03
7.324492963511472152e-03
7.179534524085568782e-03
7.670602755044769218e-03
7.301257052112450872e-03
6.628942027115523883e-03
6.804645850218810944e-03
6.921750164204638553e-03
6.942507058446535477e-03
6.627872428735010965e-03
6.465973110163930788e-03
6.728448104713613369e-03
6.336473710249574884e-03
6.024390518450320996e-03
6.109629712929439543e-03
5.854786748765445324e-03
5.897175156854820091e-03
5.697773043843850152e-03
5.612606270006761759e-03
5.602227822903494033e-03
5.349596476182466587e-03
5.388971067861807532e-03
5.182471723782162802e-03
4.837843771790758564e-03
4.780263723630574606e-03
4.282365661188056345e-03
4.004699026598032389e-03
4.363593861696142204e-03
4.145574051265567272e-03
4.180597828525940869e-03
4.472531346175026221e-03
4.180525407907334685e-03
3.980126117152993533e-03
3.955285808120896814e-03
4.235503880580791282e-03
3.781258803411402091e-03
3.292207211139895617e-03
3.635570585837602248e-03
4.058000681010711340e-03
3.818154377882125149e-03
4.150871905911566670e-03
3.649620206732508837e-03
3.633626367920080296e-03
3.486651289780571834e-03
3.329102785628126372e-03
3.560175039201808958e-03
3.420564591828316025e-03
3.684983804318262349e-03
3.303922656258374835e-03
3.289265815434548861e-03
3.539685544571863178e-03
3.005159307126991676e-03
3.038043887569263565e-03
3.130040492995064209e-03
2.915641718821925660e-03
3.173231099868449329e-03
3.099974749994364488e-03
3.098370352396650953e-03
2.777173290678235356e-03
2.628933635231379181e-03
2.659801577008707139e-03
2.528697779533361362e-03
2.385611137255507462e-03
2.665027010893972290e-03
2.595051877067102667e-03
2.150722868532231255e-03
1.957153409459724477e-03
2.143430658474421244e-03
2.100240051617515129e-03
2.289531117098292032e-03
2.160031717259884056e-03
1.974896487284892848e-03
1.655643643492064150e-03
1.673993941334728404e-03
1.930976102395598991e-03
1.548845355889376862e-03
1.880493285445862918e-03
1.725546356624721401e-03
1.439105672589397573e-03
1.306130077837877818e-03
1.374695793003648421e-03
1.261335073424874834e-03
1.284303585179768017e-03
1.194980975845994506e-03
9.898910504362048134e-04
1.047276119584848080e-03
1.075932443845318068e-03
1.155411405274488950e-03
9.969882816333510561e-04
9.538700954986316805e-04
9.505888795081458235e-04
1.081960076574068784e-03
8.271171123890527516e-04
9.629115445866984332e-04
8.784745487963238880e-04
7.698044639255238828e-04
7.831967274465491792e-04
9.080054925675472201e-04
8.951480282409815092e-04
8.358911618952903156e-04
6.556415455568196564e-04
7.545404032172303797e-04
6.105791414685307747e-04
4.497494213392447910e-04
6.876515064575308136e-04
6.034819102622905693e-04
4.601278684600219491e-04
5.147665208889367445e-04
4.497494213259438530e-04
3.866765397553973554e-04
3.967875872684295318e-04
3.623710299142413353e-04
3.896903561108472900e-04
5.388046310639023470e-04
3.566107967718619648e-04
2.889197011917654071e-04
2.717114225123974116e-04
1.400728258380440100e-04
2.484030903561635438e-05
0.000000000000000000e+00
0.000000000000000000e+00
0.000000000000000000e+00
0.000000000000000000e+00
0.000000000000000000e+00
0.000000000000000000e+00
0.000000000000000000e+00
0.000000000000000000e+00
0.000000000000000000e+00
0.000000000000000000e+00
0.000000000000000000e+00
0.000000000000000000e+00
0.000000000000000000e+00
0.000000000000000000e+00
0.000000000000000000e+00
0.000000000000000000e+00
0.000000000000000000e+00
0.000000000000000000e+00
0.000000000000000000e+00
0.000000000000000000e+00
0.000000000000000000e+00
0.000000000000000000e+00
0.000000000000000000e+00
0.000000000000000000e+00
0.000000000000000000e+00
0.000000000000000000e+00
0.000000000000000000e+00
0.000000000000000000e+00
0.000000000000000000e+00
0.000000000000000000e+00
0.000000000000000000e+00
0.000000000000000000e+00
0.000000000000000000e+00
0.000000000000000000e+00
0.000000000000000000e+00
0.000000000000000000e+00
0.000000000000000000e+00
0.000000000000000000e+00
0.000000000000000000e+00
0.000000000000000000e+00
0.000000000000000000e+00
0.000000000000000000e+00
0.000000000000000000e+00
0.000000000000000000e+00
0.000000000000000000e+00
0.000000000000000000e+00
0.000000000000000000e+00
0.000000000000000000e+00
