# bin_2
1.592406167700713415e-02
2.043773099720062880e-02
3.139032215308193430e-02
4.189870928536475886e-02
5.897706420528193993e-02
7.551802019824770118e-02
9.883010442726158917e-02
1.245295132372346153e-01
1.541716941259944629e-01
1.908556641736283699e-01
2.330096906528651701e-01
2.694739226736236337e-01
3.192283755793843825e-01
3.663396886701821287e-01
4.082000011095597847e-01
4.578840529752267186e-01
5.237701001908633414e-01
5.842462651365215587e-01
6.432847179025834583e-01
6.956957031265909031e-01
7.609450094688968713e-01
8.276993930330918126e-01
8.948689646675277443e-01
9.646912139259814500e-01
1.032958622886208655e+00
1.090237806943794352e+00
1.140653984598189119e+00
1.163548172237262035e+00
1.157138771216945194e+00
1.101970431252754068e+00
1.064596034336568131e+00
1.085876196773806202e+00
1.092134698461681541e+00
1.097810015644514525e+00
1.097243655343894897e+00
1.124479169956863256e+00
1.147209004358858975e+00
1.198399832240608420e+00
1.263358228577268871e+00
1.331411555337136843e+00
1.459359963857498776e+00
1.622162911462589729e+00
1.768013801662245976e+00
1.907329054729772766e+00
2.024472837764106359e+00
2.148379500671689701e+00
2.290598184326569697e+00
2.381742274475148857e+00
2.489911777197307607e+00
2.597365200573931165e+00
2.724385016713694263e+00
2.911921291287735247e+00
3.114671251771553351e+00
3.231356530889909706e+00
3.335873161813452281e+00
3.403785932100607425e+00
3.333736678887780691e+00
3.110648841031320000e+00
2.806930799067538729e+00
2.473709624921125005e+00
2.165075667787530023e+00
1.915822398847043972e+00
1.712647671542012251e+00
1.517452665733204364e+00
1.347400744283061780e+00
1.197150631652708297e+00
1.062089309753312838e+00
9.202151538752678661e-01
7.775794196171704753e-01
6.520330653859923720e-01
5.489666317571441079e-01
4.597582188544045434e-01
4.010765401937454455e-01
3.463016178066956052e-01
3.054005647375392374e-01
2.684516305274849968e-01
2.333703262738046624e-01
2.094650285129994183e-01
1.920004400741830430e-01
1.746813134607435869e-01
1.617354839026411417e-01
1.523260802709396622e-01
1.404154100318262821e-01
1.318932478053928825e-01
1.288294755913533263e-01
1.249439985929814145e-01
1.246002417553307706e-01
1.207494297135147943e-01
1.149268632188160805e-01
1.047647094797041906e-01
9.339685520652910022e-02
8.185594905029011659e-02
7.225695587454311619e-02
6.671344876006464475e-02
6.711239935806753709e-02
6.789769945686663366e-02
6.956191755092938633e-02
7.120472674256636547e-02
7.665875719845516301e-02
8.162856303754148501e-02
8.374843325528558147e-02
8.322044933324178329e-02
7.842524407724929536e-02
7.614994440952101151e-02
7.590863374100396965e-02
8.090847208117812883e-02
8.179094458173001569e-02
8.057739821039267003e-02
8.103792157574196686e-02
7.950678935149040061e-02
7.765065525213341036e-02
7.734981173392001252e-02
7.856073145549673231e-02
7.934861726947120553e-02
7.815741447843836676e-02
7.964254280576645029e-02
7.764573625319981520e-02
7.029841654117818806e-02
5.898733884089470136e-02
4.300970715067133771e-02
3.189562137130317471e-02
2.319750771308436155e-02
2.172617441457301915e-02
2.052588409720638996e-02
1.939223564030970876e-02
1.970568025561225678e-02
1.837574259197517421e-02
1.630496002644490905e-02
1.460730502018375843e-02
1.227584280153033898e-02
1.332135862574150911e-02
1.218921793417161725e-02
1.269083302015078414e-02
1.281259359407409953e-02
1.281990045651531726e-02
1.367338429358142503e-02
1.380032312026147415e-02
1.283458922866507514e-02
1.381656059241445633e-02
1.474534400108377073e-02
1.576391790203316573e-02
1.463834724633848380e-02
1.433193659496441105e-02
1.488731954571871456e-02
1.497197271996138050e-02
1.538538012617248103e-02
1.626742963376998086e-02
1.657731974362760055e-02
1.643198072275674215e-02
1.685025937053064374e-02
1.827976412204240439e-02
1.617377080266722833e-02
1.670024013700553353e-02
1.655590401879665149e-02
1.551607130980949163e-02
1.731414621239020860e-02
1.715720899689474749e-02
1.620867454542296998e-02
1.603047852192953857e-02
1.576430678260957660e-02
1.627655127262772963e-02
1.605950812036953737e-02
1.599035559171407481e-02
1.581842259327023020e-02
1.628223438789027505e-02
1.672428251180799533e-02
1.621203802181652234e-02
1.641933869079214084e-02
1.535843820274031268e-02
1.626854851844273045e-02
1.511916745212252104e-02
1.518310079306793743e-02
1.474611493996229664e-02
1.427573310929548117e-02
1.463509975195481476e-02
1.394396334680522709e-02
1.379904731886242089e-02
1.267637621188955586e-02
1.270018662280348980e-02
1.232810290103213829e-02
1.310872278736127314e-02
1.264158845111746157e-02
1.337443059887852455e-02
1.206212219080345788e-02
1.206444182962070587e-02
1.233246928012675554e-02
1.203297661052526307e-02
1.181941291649948877e-02
1.214893808721572051e-02
1.113867395156556070e-02
1.165416593592738526e-02
1.180990239710631717e-02
1.104594297596323861e-02
1.187685126869111527e-02
1.095781034333061406e-02
1.106778169378778987e-02
1.127025205594553783e-02
1.121172893140749173e-02
1.069890453168208938e-02
1.084540337205943533e-02
1.057691199379091028e-02
1.081556190009059538e-02
1.024954954533615140e-02
1.050625169995376106e-02
1.045603834065063180e-02
9.337774547568318886e-03
9.880904347066305632e-03
1.010892484922098176e-02
9.881832202566989340e-03
1.021727245249948700e-02
9.890025985777955997e-03
9.597492232812735238e-03
1.018360357635997304e-02
9.119107648039232947e-03
9.616779347839422842e-03
9.280295260593573667e-03
9.481373839355163036e-03
9.262938903676192978e-03
9.037585986302124064e-03
9.574220796849381224e-03
9.046011733388648057e-03
8.970480197845178902e-03
8.049351597528842106e-03
7.915685818036389057e-03
8.101959642876689974e-03
7.742940946022870523e-03
8.474316263266581245e-03
8.560552249997025603e-03
7.571894868257458139e-03
7.454425626306097029e-03
7.953953037184879893e-03
7.833236300706656122e-03
7.950473578953249493e-03
7.420176840352907602e-03
7.112490387487685126e-03
7.514763527062359727e-03
7.095250012698832431e-03
7.082300969645965658e-03
7.146930202479819493e-03
6.789958245759068929e-03
6.184866798273578985e-03
6.616749445877036576e-03
6.498352348385802620e-03
6.884428950496932625e-03
6.153517560990460523e-03
6.115830251628114229e-03
6.449762736195281329e-03
5.950119343332504161e-03
6.053711686861666316e-03
5.514641255421334938e-03
5.755262854678708587e-03
5.420982424305327389e-03
5.874471825844265402e-03
5.115458693543134192e-03
4.956474737993495083e-03
5.351365967846953044e-03
5.645987395939328080e-03
5.292958825358555323e-03
5.143908382183216485e-03
5.115110747697410032e-03
4.913104313342366546e-03
5.021567898499083513e-03
5.049321695487931846e-03
5.128755682323535812e-03
4.926633266036600442e-03
5.022263790085561112e-03
5.128987646290709100e-03
4.949863767151525124e-03
4.574532550983596499e-03
4.972862304456798083e-03
4.096727875930826664e-03
4.478090153116366483e-03
4.775843093765623840e-03
4.788908118512494663e-03
4.732820614867891407e-03
4.501204672457496773e-03
4.311799335165057007e-03
4.312727190717923799e-03
4.421422739750284839e-03
4.472175074083388838e-03
4.082850977430738625e-03
4.431472234133775404e-03
4.069438006706705378e-03
4.448828590984596487e-03
4.514617643036651119e-03
4.296530653374624163e-03
4.106545406426909128e-03
4.037856805547708657e-03
3.919459707990701793e-03
4.306580147639588879e-03
3.699632989113456512e-03
3.913312664925433677e-03
3.588501819202343131e-03
3.575088848464406076e-03
3.591401367739834385e-03
3.910413116387702163e-03
3.251901749866516721e-03
3.766929806451730939e-03
3.876321247241556502e-03
4.008711225321938063e-03
3.669327589274522412e-03
3.535313864042004608e-03
3.680768866988508390e-03
3.289357095367592427e-03
3.396080951375087323e-03
3.219392693142573026e-03
3.126429753730599215e-03
3.330407881069926291e-03
3.450312743927272299e-03
3.232109772228595676e-03
3.030799229564218582e-03
3.217073054233105401e-03
2.853879007443417548e-03
3.094964534503725530e-03
2.810160636999444426e-03
2.728059065487407724e-03
2.623074938522903035e-03
2.998290172773940797e-03
2.577268893150551094e-03
2.390415158642304923e-03
2.690487737990839966e-03
2.967868791149014598e-03
2.184929265936965109e-03
2.388327483660923796e-03
2.441051510938978698e-03
2.278588097066059411e-03
2.263551379163927617e-03
2.084543482139919468e-03
1.724712911585348646e-03
2.360457704741659828e-03
2.343681257623420229e-03
1.963478799722273918e-03
1.801827259485021347e-03
1.882884993564613429e-03
1.866804438098721266e-03
1.569515425409705569e-03
1.611030138915769136e-03
1.719609706082462445e-03
1.758224870984239230e-03
1.530204368763791708e-03
1.755325322407647959e-03
1.189544931475886502e-03
1.472261153973013258e-03
1.310029704053819466e-03
1.322514819172096803e-03
1.200870227166431214e-03
1.214283197916909236e-03
1.198550588282970347e-03
9.383689751962807956e-04
5.682160117318499435e-04
0.000000000000000000e+00
0.000000000000000000e+00
0.000000000000000000e+00
0.000000000000000000e+00
0.000000000000000000e+00
0.000000000000000000e+00
0.000000000000000000e+00
0.000000000000000000e+00
0.000000000000000000e+00
0.000000000000000000e+00
0.000000000000000000e+00
0.000000000000000000e+00
0.000000000000000000e+00
0.000000000000000000e+00
0.000000000000000000e+00
0.000000000000000000e+00
0.000000000000000000e+00
0.000000000000000000e+00
0.000000000000000000e+00
0.000000000000000000e+00
0.000000000000000000e+00
0.000000000000000000e+00
0.000000000000000000e+00
0.000000000000000000e+00
0.000000000000000000e+00
0.000000000000000000e+00
0.000000000000000000e+00
0.000000000000000000e+00
0.000000000000000000e+00
0.000000000000000000e+00
0.000000000000000000e+00
0.000000000000000000e+00
0.000000000000000000e+00
0.000000000000000000e+00
0.000000000000000000e+00
0.000000000000000000e+00
0.000000000000000000e+00
0.000000000000000000e+00
0.000000000000000000e+00
0.000000000000000000e+00
0.000000000000000000e+00
0.000000000000000000e+00
0.000000000000000000e+00
0.000000000000000000e+00
0.000000000000000000e+00
0.000000000000000000e+00
0.000000000000000000e+00
0.000000000000000000e+00
0.000000000000000000e+00
0.000000000000000000e+00
0.000000000000000000e+00
