# bin_3
0.000000000000000000e+00
0.000000000000000000e+00
4.698528272826922939e-03
9.668600165683865350e-03
1.447241858394181235e-02
2.002303259127664881e-02
2.664169930199317485e-02
3.492223992015815182e-02
4.522482053894674725e-02
5.688375733326851702e-02
6.741433374035185611e-02
8.366474945534276009e-02
9.967495100971530964e-02
1.152060978522378015e-01
1.240109885359466091e-01
1.327213014097939348e-01
1.426290809849804775e-01
1.530556343947981623e-01
1.593913064129255375e-01
1.714565355709556926e-01
1.811281335287679706e-01
1.913333826273877769e-01
1.989738952758956514e-01
2.080307329255242088e-01
2.167703317227052395e-01
2.249216076482801197e-01
2.293205306817593936e-01
2.370807278114687999e-01
2.418888345395543427e-01
2.438821663637034676e-01
2.463118437746437683e-01
2.415205280580613456e-01
2.229968641135209595e-01
2.086922543766184801e-01
2.042009697442576377e-01
2.019560674633794350e-01
1.982542641756194768e-01
1.970663257533659396e-01
1.970293798155063891e-01
1.943492212278680464e-01
1.934885874364721536e-01
1.966299542004228962e-01
2.012723423566196990e-01
2.162156181385631870e-01
2.411377856949554199e-01
2.720049541421783457e-01
3.004089800031329305e-01
3.286963996700799640e-01
3.566874014427059980e-01
3.784176954749625676e-01
4.038089350564794122e-01
4.306887932982452205e-01
4.563999618254475088e-01
4.751696576467230315e-01
5.050974927939850811e-01
5.721438108737394446e-01
6.599558843430783917e-01
7.750955179370849768e-01
9.161534948884566543e-01
1.089026094500720854e+00
1.292855631438911690e+00
1.506757973227953240e+00
1.705132482753634493e+00
1.905591592527391409e+00
2.072481732479477756e+00
2.223321151996953127e+00
2.346753325167477477e+00
2.453594235346124641e+00
2.573120486614676850e+00
2.696561697304031835e+00
2.834023324699840973e+00
2.979764281392841330e+00
3.070704691811585896e+00
3.040552249458731371e+00
2.964183557378323286e+00
2.878324786314901296e+00
2.788331378298769092e+00
2.684127794243492016e+00
2.564171621413865676e+00
2.448378865120302450e+00
2.331358787543326372e+00
2.227035487847464079e+00
2.123011542817612618e+00
2.007773653308451589e+00
1.907119634296260635e+00
1.801135265643688532e+00
1.706250889016878158e+00
1.619059767484477330e+00
1.527089408390496006e+00
1.432218166741192400e+00
1.330008139117256905e+00
1.227139173674281825e+00
1.121471523252747238e+00
1.008777125987359691e+00
8.928817242007615063e-01
7.906297612431238964e-01
7.052015193486061984e-01
6.551755367286663523e-01
6.151868022107234157e-01
5.861934135337982799e-01
5.721161984688268864e-01
5.544135894101431816e-01
5.243470742439529930e-01
4.799424465146142627e-01
4.210939824420048549e-01
3.644637936607624251e-01
3.205543715891229772e-01
2.876247740918849161e-01
2.641214151989012549e-01
2.434670753697350531e-01
2.243845354670834791e-01
2.034954655283858493e-01
1.850263811348428489e-01
1.702438462136290354e-01
1.556081291030782521e-01
1.447249115933668395e-01
1.346040252208102750e-01
1.287865726600062877e-01
1.222174727347550838e-01
1.158805880974291269e-01
1.145776442943926415e-01
1.097235346349378499e-01
9.856991731416790692e-02
8.600756879312124181e-02
7.444949881037160599e-02
6.867728447777664280e-02
6.608452665582563446e-02
6.287295001637262237e-02
5.756297861116189962e-02
5.550387193009252013e-02
4.962651675736870494e-02
4.475213792052917111e-02
4.038513377805212634e-02
3.716648655571632570e-02
3.536859935311881253e-02
3.389678079251445819e-02
3.345132368329094275e-02
3.471525204622799565e-02
3.453460423596554224e-02
3.488768806141761408e-02
3.297062791070892035e-02
3.201240683256015990e-02
3.204662502629739701e-02
3.248170606145760198e-02
3.222971884811642873e-02
3.192202255604479483e-02
3.174300152509444695e-02
3.083965601197950074e-02
3.112234040906834004e-02
3.102859611270514240e-02
3.109110572612525450e-02
3.107086511143777180e-02
3.078863771859110393e-02
3.059571960368482127e-02
2.977156306107697770e-02
2.897756620283434628e-02
2.756008570802253102e-02
2.683551974074737875e-02
2.653392549420274804e-02
2.584938375203746710e-02
2.611021503648348896e-02
2.477461100878757677e-02
2.478846784518740423e-02
2.415179989549536346e-02
2.334104318509846315e-02
2.228364828842293449e-02
2.167658824233076667e-02
2.242161034323047336e-02
2.127204340049690737e-02
2.122587688249690310e-02
2.106377669370050262e-02
2.056996282167324747e-02
2.024057440719155901e-02
1.980101810589261768e-02
1.894604363704328193e-02
1.814648223264721943e-02
1.797621049619734304e-02
1.755792956060770599e-02
1.723987147613951013e-02
1.578215123714464888e-02
1.591098748825534731e-02
1.587929580108343036e-02
1.587863755907685179e-02
1.472513284960482935e-02
1.430647540485945925e-02
1.479100248306435515e-02
1.418232993888153028e-02
1.414334046494361043e-02
1.372253302292475614e-02
1.303741353383629405e-02
1.301190438711880004e-02
1.284843318566697250e-02
1.265646932670939570e-02
1.187179950984812958e-02
1.171168832823525803e-02
1.170451128414802186e-02
1.185495916263417000e-02
1.146683791146293346e-02
1.076106105090484516e-02
1.074654597254577799e-02
1.035480893479085590e-02
1.087110819520820809e-02
1.047589039491852829e-02
1.025364610903758966e-02
9.512239794627614167e-03
9.312225130555532027e-03
9.279538939730823041e-03
9.290573255566248606e-03
9.232458413179978757e-03
9.485279140105417825e-03
8.968361885210983722e-03
8.514948747449350291e-03
8.335134450510085086e-03
8.315888339423632009e-03
8.308254291060955879e-03
8.519222775870232550e-03
7.975465609144216997e-03
7.986956929233630931e-03
7.887567591606197900e-03
8.435975295950288652e-03
7.447473790887068970e-03
7.426319167798145840e-03
7.358957778965208481e-03
7.178269721034928087e-03
7.544040607947809403e-03
6.968094502175414297e-03
7.032889136973437434e-03
6.507961324446659250e-03
6.967059751047108458e-03
6.592956326399676895e-03
6.291980074211565681e-03
6.155348784666754038e-03
5.702970397939500710e-03
5.948654328293181102e-03
5.911116362185836123e-03
5.726033533172894020e-03
5.760587988584462728e-03
5.465915019621256019e-03
5.782777362820904626e-03
5.744661649890309835e-03
5.001387070852012992e-03
5.174024323668556524e-03
5.387022063247809758e-03
5.312403135246455792e-03
4.821572773972676411e-03
5.032084254520556577e-03
4.702816582664363226e-03
4.963768609766305503e-03
4.362353604794051015e-03
4.554116226094436989e-03
4.177687532546986784e-03
4.348376025738369052e-03
4.403668347621621931e-03
4.291551701040944265e-03
3.793006796356579013e-03
3.970415329310189936e-03
3.947809198364795116e-03
3.762605626767783103e-03
3.188070781342291528e-03
3.282352577096879498e-03
3.574203025398037161e-03
3.628998095453432084e-03
3.515510436186254986e-03
3.338061655595153925e-03
3.132778459501924483e-03
3.254934918319238486e-03
3.432800455591914629e-03
3.267877746281387576e-03
3.208271148431447641e-03
3.242865851334055492e-03
3.034142140262223366e-03
2.681730838095865935e-03
2.754360758884854665e-03
2.946203875200646867e-03
2.946163627694798823e-03
2.751954994969460153e-03
2.865859410975914005e-03
2.692348397193500536e-03
3.001496196973681922e-03
2.889379550458124040e-03
2.390834645792241833e-03
2.508099081707911016e-03
2.209031341689426074e-03
2.132127392430720886e-03
2.326416520214325163e-03
2.572060202971928472e-03
2.369182770795565454e-03
2.400874457994101301e-03
2.168173603155780331e-03
2.146521728258212174e-03
2.140339187640336645e-03
2.445092216459177244e-03
2.112424277126524318e-03
2.275855231139085975e-03
2.093178165985318598e-03
2.152744516261372032e-03
1.878231666941398330e-03
1.949369832272673580e-03
1.870060119181410612e-03
1.981599018825653397e-03
1.914734881949295680e-03
1.692114086812734940e-03
1.637816268580793294e-03
1.815224801687498985e-03
1.787807142869898835e-03
1.740229364506693530e-03
1.794029930952195911e-03
1.523831357537515016e-03
1.544985980698172215e-03
1.513711050176037853e-03
1.381017527432525397e-03
1.435852844897591392e-03
1.571906387644264429e-03
1.514208302011294622e-03
1.476213331623352568e-03
1.370897220071043247e-03
1.233392169491576845e-03
1.214146058405122467e-03
1.148773676813398146e-03
1.228580641680761211e-03
1.197802963016794545e-03
1.138653369419374102e-03
1.050177605099524751e-03
9.819022078148406316e-04
9.799936957095617580e-04
1.018902674551480344e-03
8.203395183669461629e-04
8.140764827824987148e-04
7.953678710194090002e-04
9.905307597888695064e-04
7.693614725235819844e-04
7.775732677857192078e-04
9.323354223006518693e-04
6.794744478419970004e-04
8.578372369322040739e-04
7.688642207963083909e-04
5.957699636592144994e-04
5.515522052400243782e-04
6.457937535324262098e-04
6.905087636974038693e-04
6.505650337109050284e-04
4.404703098283162038e-04
5.053856872148743216e-04
5.318088424440344962e-04
4.371102899190908988e-04
4.914081081532615559e-04
3.284341584287097738e-04
4.048811034171611754e-04
4.274872344002726785e-04
4.394758062909204124e-04
2.668788010238754460e-04
2.889876802419933115e-04
2.009689201235975037e-04
0.000000000000000000e+00
0.000000000000000000e+00
0.000000000000000000e+00
0.000000000000000000e+00
0.000000000000000000e+00
0.000000000000000000e+00
0.000000000000000000e+00
0.000000000000000000e+00
0.000000000000000000e+00
0.000000000000000000e+00
0.000000000000000000e+00
0.000000000000000000e+00
0.000000000000000000e+00
0.000000000000000000e+00
0.000000000000000000e+00
0.000000000000000000e+00
0.000000000000000000e+00
0.000000000000000000e+00
0.000000000000000000e+00
0.000000000000000000e+00
0.000000000000000000e+00
0.000000000000000000e+00
0.000000000000000000e+00
0.000000000000000000e+00
0.000000000000000000e+00
0.000000000000000000e+00
0.000000000000000000e+00
0.000000000000000000e+00
0.000000000000000000e+00
0.000000000000000000e+00
0.000000000000000000e+00
0.000000000000000000e+00
0.000000000000000000e+00
0.000000000000000000e+00
0.000000000000000000e+00
0.000000000000000000e+00
0.000000000000000000e+00
0.000000000000000000e+00
0.000000000000000000e+00
0.000000000000000000e+00
0.000000000000000000e+00
0.000000000000000000e+00
0.000000000000000000e+00
0.000000000000000000e+00
0.000000000000000000e+00
0.000000000000000000e+00
0.000000000000000000e+00
0.000000000000000000e+00
