# bin_2_2
1.196431594946721405e-08
1.359497966143439515e-08
1.023902314189351237e-08
1.198294080548151398e-08
8.762433830989885183e-09
1.059291953799987177e-08
7.503024377360634664e-09
9.397530462437328098e-09
6.433932539580126507e-09
8.373532484952791499e-09
5.532411118212753400e-09
7.501358007691140658e-09
4.779369720094246687e-09
6.764721201959169995e-09
4.158994273421222863e-09
6.150296634793956084e-09
3.658436980581102882e-09
5.647460737189896900e-09
3.267568891056940715e-09
5.248091087489285483e-09
2.978789812647379132e-09
4.946417618745089786e-09
2.786890200251288103e-09
4.738921682694927601e-09
2.688960406470556143e-09
4.624278754978863898e-09
2.684343104139299893e-09
4.603340279080402173e-09
2.774624241685530576e-09
4.679151039965029697e-09
2.963657771128022347e-09
4.856995672599958557e-09
3.257617928206649114e-09
5.144469008615666152e-09
3.665072092162926801e-09
5.551561093283315498e-09
4.197063991350541272e-09
6.090746261560131054e-09
4.867194769154998166e-09
6.777061481000339439e-09
5.691685510714928351e-09
7.628155754498800165e-09
6.689399281525335708e-09
8.664285543318345927e-09
7.881795992762125162e-09
9.908226440407865059e-09
9.292785430703682374e-09
1.138506333065106613e-08
1.094843790981174557e-08
1.312181382746252721e-08
1.287650329140262113e-08
1.514683359704822564e-08
1.510568386861078859e-08
1.748894575679867393e-08
1.766460197861530846e-08
2.017623501838209092e-08
2.058040350096167115e-08
2.323445089510879627e-08
2.387694708457144112e-08
2.668497711767581211e-08
2.757254717416507099e-08
3.054235127794382878e-08
3.167727500363500021e-08
3.481136369040674138e-08
3.618987753828064238e-08
3.948383350109073649e-08
4.109445767469352013e-08
4.453525782361154058e-08
4.635717141894394596e-08
4.992165773637632658e-08
5.192334114467960063e-08
5.557710113512224045e-08
5.771555027616584882e-08
6.141255493974305138e-08
6.363345670899152251e-08
6.731688232672173260e-08
6.955620673058801639e-08
7.316091211733426049e-08
7.534839221489955115e-08
7.880549977464633892e-08
8.087039574207619385e-08
8.411428447067518438e-08
8.599361045009103092e-08
8.897132149215909343e-08
9.062030349491019486e-08
9.330283688859619133e-08
9.470673360852199525e-08
9.710096724043726676e-08
9.828653952784945966e-08
1.004455828658831136e-07
1.014895485286171347e-07
1.035184241562601389e-07
1.045494262461754905e-07
1.066023776182265395e-07
1.077927363862054661e-07
1.100586791694478095e-07
1.116030438940196853e-07
1.142772977892812253e-07
1.163578330509428959e-07
1.196017697711730176e-07
1.223439984875724068e-07
1.262396199125680371e-07
1.296690739745213797e-07
1.341817992770457254e-07
1.381975198998392112e-07
1.431651678267332688e-07
1.475486345973977684e-07
1.527138555734882927e-07
1.571868284970607459e-07
1.622798622639612978e-07
1.666084378364102565e-07
1.714652355113566350e-07
1.755810303996758764e-07
1.802531416035012884e-07
1.843352598072275098e-07
1.891269040714461100e-07
1.935794350879433600e-07
1.989562964235975373e-07
2.042481910524636011e-07
2.106199715987917210e-07
2.170352048914532970e-07
2.245109535429475164e-07
2.319554102009715566e-07
2.402500043680505976e-07
2.482969728751910166e-07
2.569345109666009785e-07
2.651732752508486021e-07
2.739299287111786253e-07
2.824152037087845441e-07
2.916635339122861523e-07
3.010435120149305262e-07
3.115870614555103695e-07
3.226358257881807061e-07
3.350229118874497759e-07
3.479112514640698518e-07
3.618963832980344054e-07
3.760666651031310565e-07
3.910220403355399841e-07
4.060805793036004078e-07
4.221048721345901396e-07
4.387279246273004231e-07
4.569212777711575007e-07
4.762628932308173948e-07
4.973962359438478549e-07
5.195502342689386439e-07
5.430809137107831909e-07
5.672763994582754186e-07
5.928088779400737744e-07
6.194787243192833149e-07
6.482590086237619022e-07
6.789021017789134682e-07
7.118839558108080408e-07
7.464202941346000905e-07
7.827443477912191662e-07
8.204441856250658398e-07
8.604124445692839465e-07
9.026997986624866614e-07
9.479245408253242723e-07
9.953749781549448822e-07
1.045063258526814764e-06
1.096548839828005443e-06
1.150701763695307102e-06
1.207630095380090890e-06
1.267652883737710668e-06
1.329835946772272456e-06
1.394191813765753973e-06
1.460713302365098327e-06
1.530250693691080583e-06
1.602271748253998607e-06
1.676308487357910302e-06
1.751737339279319408e-06
1.829336685006768839e-06
1.908936896992599009e-06
1.989948553027345235e-06
2.071380500309624183e-06
2.153842277780091056e-06
2.237172523345510147e-06
2.320538109993901812e-06
2.403004940847436384e-06
2.485264570982395339e-06
2.566709490357745889e-06
2.646277880015523350e-06
2.723826061900550247e-06
2.799820871470732495e-06
2.872829538651058370e-06
2.942820354215748977e-06
3.010234630645811843e-06
3.074164210870736442e-06
3.134440427249107958e-06
3.191977278722107497e-06
3.245655369298403669e-06
3.296309959959138517e-06
3.344294516224837181e-06
3.389104893167120178e-06
3.432139555600760818e-06
3.472933448449097740e-06
3.512332049902541478e-06
3.550813426294692242e-06
3.588288868767858106e-06
3.625821598022626657e-06
3.662790502133121351e-06
3.700220527521577248e-06
3.737297550660589979e-06
3.774690305921684424e-06
3.811519613494599213e-06
3.848085892333724751e-06
3.883517941005426019e-06
3.917910779638913175e-06
3.950521975696706944e-06
3.981470856342264909e-06
4.010294158611816710e-06
4.037329037999974549e-06
4.062477444385961982e-06
4.086347161064428322e-06
4.109130404176921399e-06
4.131559478215597981e-06
4.153865483800720141e-06
4.176617233626812112e-06
4.199779683272706597e-06
4.223518602161141051e-06
4.247399194451490184e-06
4.271216588470989604e-06
4.294337776500754375e-06
4.316543595772993741e-06
4.337436209139478930e-06
4.357195754686575290e-06
4.375928931547716832e-06
4.394247908980477839e-06
4.412513297398563683e-06
4.431282552268160948e-06
4.450576176355417756e-06
4.470394861023658796e-06
4.490203683378590408e-06
4.509641644827297783e-06
4.528194855518411884e-06
4.545904029854314962e-06
4.562907315682476821e-06
4.579835685525547023e-06
4.597075262729922853e-06
4.614985290858848708e-06
4.633284254820558106e-06
4.651600176441705096e-06
4.669305861651147579e-06
4.686300837909661605e-06
4.702732625972628416e-06
4.719273009242603466e-06
4.736299371559597632e-06
4.753943896392479825e-06
4.771650190138656259e-06
4.788942433284073765e-06
4.805532510059868677e-06
4.821898604997105127e-06
4.838561408778637911e-06
4.855861208960066378e-06
4.873326855934513772e-06
4.890442535504744855e-06
4.906972376877230038e-06
4.923500866980749724e-06
4.940483620233802953e-06
4.957898604028729681e-06
4.975042562181596064e-06
4.991733871035289660e-06
5.008378212428779444e-06
5.025573509970143408e-06
5.042971913179841939e-06
5.060039602270993075e-06
5.076785337760885355e-06
5.093921594795223152e-06
5.111371238574979464e-06
5.128578301239869004e-06
5.145472915077494425e-06
5.162780184333584494e-06
5.180320302212527698e-06
5.197547212736560742e-06
5.214681148217801004e-06
5.232301722306195602e-06
5.249787485330538021e-06
5.267022914051531406e-06
5.284605316795276263e-06
5.302322180628577673e-06
5.319646282850624187e-06
5.337331052898239590e-06
5.355102290894749097e-06
5.372620551725740936e-06
5.390422956007879034e-06
5.408233122188326584e-06
5.425873773461453016e-06
5.443893215093556630e-06
5.461610732268000281e-06
5.479552391315708455e-06
5.497472417715549385e-06
5.515418628662344167e-06
5.533389489454078824e-06
5.551363232563222215e-06
5.569433311871742397e-06
5.587408115897756636e-06
5.605560111786681845e-06
5.623514534169086435e-06
5.641692599357435689e-06
5.659749661446559834e-06
5.677836988251183390e-06
5.695948204520305145e-06
5.714023093339216015e-06
5.732097445523156009e-06
5.750194627854850754e-06
5.768167729754057775e-06
5.786215683567278298e-06
5.804175355401574842e-06
5.822077475678720987e-06
5.839977676259950078e-06
5.857759536537991093e-06
5.875498857578135025e-06
5.893167093771078363e-06
5.910677675841819904e-06
5.928162387473853401e-06
5.945489823940165183e-06
5.962685578193817747e-06
5.979777593803344938e-06
5.996660762745739959e-06
6.013402014687739714e-06
6.029961456942726302e-06
6.046270638621747205e-06
6.062413829402912239e-06
6.078278943354135430e-06
6.093871484484211158e-06
6.109192863885269645e-06
6.124174055155147814e-06
6.138854829678937714e-06
6.153175839378568603e-06
6.167081763754756987e-06
6.180610638589171983e-06
6.193673579096276801e-06
6.206275492886814502e-06
6.218397541820169208e-06
6.229975677098984515e-06
6.241022893003284770e-06
6.251478795414078451e-06
6.261297633071901954e-06
6.270493039800572543e-06
6.278991560755792490e-06
6.286775707567456768e-06
6.293814792169062767e-06
6.300055760715223258e-06
6.305504776636765895e-06
6.310108087723057980e-06
6.313831719663829866e-06
6.316674600922576633e-06
6.318579949961128237e-06
6.319532745614850947e-06
6.319508059478298250e-06
6.318466060267045626e-06
6.316408658710260057e-06
6.313293819641360534e-06
6.309100737557699941e-06
6.303820353381757041e-06
6.297408080923186004e-06
6.289859483362760706e-06
6.281160814598124314e-06
6.271277795234166936e-06
6.260201913132206873e-06
6.247899320754413287e-06
6.234356811146397900e-06
6.219569523097943488e-06
6.203517779009193903e-06
6.186198648092129575e-06
6.167608723340456022e-06
6.147723789665451346e-06
6.126543437841743690e-06
6.104054571496530065e-06
6.080264596194259325e-06
6.055172394134926081e-06
6.028767941064667843e-06
6.001051850565291637e-06
5.972030404236441119e-06
5.941706432876254571e-06
5.910094420330781662e-06
5.877203274997444873e-06
5.843044968048669949e-06
5.807627826054227923e-06
5.770963232118244873e-06
5.733060540724629711e-06
5.693934655160598139e-06
5.653602610110624521e-06
5.612090509173768176e-06
5.569421983576318893e-06
5.525625151427868053e-06
5.480723699555095832e-06
5.434744713573621428e-06
5.387709580340158816e-06
5.339650570479307929e-06
5.290603078367613307e-06
5.240601972348223942e-06
5.189672638412836767e-06
5.137853438614244838e-06
5.085177306599621061e-06
5.031677149486088117e-06
4.977395906876895259e-06
4.922385386290704049e-06
4.866682027862102141e-06
4.810322416708577285e-06
4.753344055607119459e-06
4.695789101480488079e-06
4.637705198173920520e-06
4.579133728560401524e-06
4.520114844028512178e-06
4.460694056162520163e-06
4.400919988318880541e-06
4.340837030538966936e-06
4.280483145694388384e-06
4.219896162958087737e-06
4.159120674984140422e-06
4.098209761763711310e-06
4.037200769013737819e-06
3.976135779977814214e-06
3.915058403204468661e-06
3.854009105233140910e-06
3.793020630324542813e-06
3.732139075970505992e-06
3.671407409286158854e-06
3.610859635032417037e-06
3.550526718143824364e-06
3.490449805786186129e-06
3.430660947297656202e-06
3.371199140683788379e-06
3.312099034655599380e-06
3.253385420263008495e-06
3.195088053799778974e-06
3.137242780998531963e-06
3.079874828861112011e-06
3.023012544307599465e-06
2.966675960986047514e-06
2.910895592645621692e-06
2.855696282531757855e-06
2.801094895145842523e-06
2.747110710290317599e-06
2.693765690731690561e-06
2.641080486206278515e-06
2.589067405822832520e-06
2.537745053755729702e-06
2.487129970951292917e-06
2.437232388081905016e-06
2.388063214991319315e-06
2.339632479843515417e-06
2.291946609026522309e-06
2.245019534973876580e-06
2.198860658631199253e-06
2.153472139429119652e-06
2.108860787287948845e-06
2.065028706760845519e-06
2.021978515067929466e-06
1.979710469139149770e-06
1.938221990013498178e-06
1.897523513428784699e-06
1.857609502885893935e-06
1.818476722027867684e-06
1.780126075630130198e-06
1.742547539774010465e-06
1.705745747067981238e-06
1.669704602175600988e-06
1.634417573524213740e-06
1.599894129977803092e-06
1.566117673990671074e-06
1.533081160139888801e-06
1.500777262370418509e-06
1.469187534186721786e-06
1.438322877400761501e-06
1.408159260904041593e-06
1.378679573310522643e-06
1.349895345804378631e-06
1.321780390796289539e-06
1.294330014168204512e-06
1.267530914644525000e-06
1.241359266876653614e-06
1.215831856916814497e-06
1.190913434279696557e-06
1.166585043476642629e-06
1.142862554682170906e-06
1.119710427362447171e-06
1.097129559086095201e-06
1.075100743348579608e-06
1.053594315136908670e-06
1.032637246220806537e-06
1.012185841443306142e-06
9.922225939093105249e-07
9.727669400661432796e-07
9.537727725737203963e-07
9.352515104358678405e-07
9.171798851097725758e-07
8.995242168591108872e-07
8.823221925205120555e-07
8.655230260075982055e-07
8.491146475867510850e-07
8.331162239508439242e-07
8.174765488600520124e-07
8.022168275663606100e-07
7.873100190722435358e-07
7.727212391158900896e-07
7.584962221005661862e-07
7.445797464864995599e-07
7.309676813300493976e-07
7.176757108000754595e-07
7.046534328236853928e-07
6.919300333517540324e-07
6.794762130122921628e-07
6.672583149641136853e-07
6.553272192427747331e-07
6.436246909583076208e-07
6.321560193536077498e-07
6.209311449911101376e-07
6.099025009049041885e-07
5.991060234607487023e-07
5.885094029836715063e-07
5.780829854256662706e-07
5.678775554196416139e-07
5.578360202792599727e-07
5.479712905450762070e-07
5.382888134803632569e-07
5.287466652287162522e-07
5.193870767603398415e-07
5.101767422745690320e-07
5.010932469979098620e-07
4.921845451259053863e-07
4.833970367574303566e-07
4.747501526694209990e-07
4.662440309591452013e-07
4.578430106876851806e-07
4.495908304108277986e-07
4.414535846723720569e-07
4.334169135411877709e-07
4.255244034146912889e-07
4.177293626875861790e-07
4.100552794669004765e-07
4.024962594379303733e-07
3.950203840050367386e-07
3.876658845915892787e-07
3.803942825406587499e-07
3.731913629033382309e-07
3.660850822445774996e-07
3.590288202371347754e-07
3.520426662596308488e-07
3.451158906470753380e-07
3.382232372689557876e-07
3.314017250725607335e-07
3.246212428786835608e-07
3.178820410103131857e-07
3.112128223253527782e-07
3.045854420284218590e-07
2.980316205144235198e-07
2.915525545754460605e-07
2.851376663737016468e-07
2.788229291630958650e-07
2.725854784367315000e-07
2.664331123416009730e-07
2.603885840172318956e-07
2.544316225773873044e-07
2.485848271677630874e-07
2.428403298202032829e-07
2.371840236591983807e-07
2.316397544172669414e-07
2.261875507981648594e-07
2.208328546062987483e-07
2.155806776411891936e-07
2.104116656470065609e-07
2.053387033889514326e-07
2.003572058987339073e-07
1.954591756992902078e-07
1.906566618714601853e-07
1.859307823623293570e-07
1.812862444312392547e-07
1.767266415751382427e-07
1.722401680236623548e-07
1.678321048844737593e-07
1.634991662151940345e-07
1.592404207383951518e-07
1.550627194525862506e-07
1.509533334716641611e-07
1.469177164825672113e-07
1.429562121326828419e-07
1.390588197361408561e-07
1.352300744335166548e-07
1.314711109500416846e-07
1.277791262066067175e-07
1.241572714476452874e-07
1.206023271301665493e-07
1.171133269144012918e-07
1.136878282572801863e-07
1.103268378448896993e-07
1.070306318268192724e-07
1.038007070867453060e-07
1.006380417295215328e-07
9.753790624880511480e-08
9.449990974628292430e-08
9.152401044272756739e-08
8.861302941468301858e-08
8.576815217144580764e-08
8.298467330100654152e-08
8.026244740580071455e-08
7.760155022759853823e-08
7.500345183685442514e-08
7.246957576896138443e-08
6.999599459833907609e-08
6.758016130939190176e-08
6.522691280190985185e-08
6.293441431244755049e-08
6.070209195664317541e-08
5.852731919727092048e-08
5.640971310567688735e-08
5.435378854870047556e-08
5.235358309042671247e-08
5.040784268122366014e-08
4.852079171451291986e-08
4.668810660508428728e-08
4.490914854423123136e-08
4.318428419363669083e-08
4.151246465994600460e-08
3.989275583636644326e-08
3.832288348615647669e-08
3.680411319562522660e-08
3.533525330125891076e-08
3.391242638521337541e-08
3.253909520430979129e-08
3.121127130856793296e-08
2.992850039029825907e-08
2.869133798628728485e-08
2.749558741506197726e-08
2.634305319457292107e-08
2.523165694875419938e-08
2.416030673199388970e-08
2.312855960512484389e-08
2.213442369398351102e-08
2.117768527658433340e-08
2.025676178495722509e-08
1.937055051267180731e-08
1.851828253595410000e-08
1.769954438337201204e-08
1.691229162379283766e-08
1.615716657460611489e-08
1.543214945553314443e-08
1.473516504272400164e-08
1.406732398841761379e-08
1.342631844981458451e-08
1.281141759159208178e-08
1.222299196522737392e-08
1.165811458256441842e-08
1.111811749981828341e-08
1.060076161403753148e-08
1.010456071013888255e-08
9.630122081087746223e-09
9.176040040991919689e-09
8.741676608586496340e-09
8.325955296106451150e-09
7.929071946015500769e-09
7.549796154832237081e-09
7.187006157412521386e-09
6.840539450098767295e-09
6.508795358934371043e-09
6.193625780008783896e-09
5.892617292859084430e-09
5.604102280813263233e-09
5.330077574127770216e-09
5.067840136027232619e-09
4.818275198237250562e-09
4.580489856153401667e-09
4.352361241021747756e-09
4.136657265134688764e-09
3.930949775367364855e-09
3.734768557003304670e-09
3.549122784054320948e-09
3.370964369606091151e-09
3.202020375872876332e-09
3.041493556163269291e-09
2.887335818621639653e-09
2.742043170991515790e-09
2.603766685168867695e-09
2.471872483391946281e-09
2.346835124936499238e-09
2.227175414057832289e-09
2.113891862446676630e-09
2.005984012153749197e-09
1.902662371767598667e-09
1.805732425610119606e-09
1.713086804725646587e-09
1.625118929532961479e-09
1.541858995835778595e-09
1.461975069599897402e-09
1.386793990245933530e-09
1.315486970068055788e-09
1.247132812409808446e-09
1.182916480170560631e-09
1.121108988965461873e-09
1.062717248711529896e-09
1.007969173041147729e-09
9.555199705462083436e-10
9.062520710500641872e-10
8.595436330769481491e-10
8.147784789486240809e-10
7.732219847233343435e-10
7.331720706166752241e-10
6.948118806695383947e-10
6.585353572273732967e-10
6.235922619532385905e-10
5.910042705025987893e-10
5.599225807195066998e-10
5.303263869759071052e-10
5.034207435301714107e-10
4.773042001254555788e-10
4.526807791806313252e-10
4.295415079203368350e-10
4.066937720592473797e-10
3.855358137516565675e-10
3.655071360034475992e-10
3.460346907967669384e-10
3.281802641924037049e-10
3.108344946574208401e-10
2.944932800090060475e-10
2.792786268031440485e-10
2.646458037942819844e-10
2.515388595243176710e-10
2.388427798242609308e-10
2.260517991567195472e-10
2.141213935728699844e-10
2.024027323820997671e-10
1.918832227441280338e-10
1.824571716773957662e-10
1.729668611945442356e-10
1.642917673210375856e-10
1.556283803742116027e-10
1.472399644472680138e-10
1.398011422432985541e-10
1.322734856388377017e-10
1.255170844220446027e-10
1.194580119880798457e-10
1.132645100900734393e-10
1.073675956605603044e-10
1.013510234995755179e-10
9.603369060963790264e-11
9.169647547681733446e-11
8.699674836206174283e-11
8.240063400456033591e-11
7.810599661999618482e-11
7.383110159378755818e-11
7.028237418322560026e-11
6.691380672921267994e-11
6.337990697055924267e-11
5.990978056899309511e-11
5.687009955319966459e-11
5.430045089599772643e-11
5.144390866211612629e-11
4.850518348274394363e-11
4.617272610751670076e-11
4.398069157878290594e-11
4.175094316719220709e-11
3.940232482816357934e-11
3.745550868258077291e-11
3.575453917172090738e-11
3.381661401437387501e-11
3.201978956771392354e-11
3.061124504628671961e-11
2.897473519708868396e-11
2.738158745451262284e-11
2.624360456365370449e-11
2.478830518474005238e-11
2.348242818265546559e-11
2.242972573812820889e-11
2.120521045281809098e-11
2.015989991592166139e-11
1.919809260712292953e-11
1.812963131876566506e-11
1.735224514319025068e-11
1.640469555113553563e-11
1.559545942535936953e-11
1.485681684680527368e-11
1.405051351671793903e-11
1.339412750211356417e-11
1.267290007775045419e-11
1.207910126619347091e-11
1.145479982582077392e-11
1.088527190537153481e-11
1.035162648280023035e-11
9.833352658783518929e-12
9.314640627590864518e-12
8.862699718064209343e-12
8.387746816015366402e-12
7.984249226164797115e-12
7.585284006232223954e-12
7.196125004097632121e-12
6.832733118000211757e-12
6.473830785437659950e-12
6.128478538064907124e-12
5.821552753893961156e-12
5.519783758624627209e-12
5.236132320111223189e-12
4.957885260194879553e-12
4.677812690371138831e-12
4.430653074096364216e-12
4.194390460958435562e-12
3.962577984802883014e-12
3.740994667016058856e-12
3.517904789022057283e-12
3.320095570367584026e-12
3.133814698328341733e-12
2.940916301380267011e-12
2.758455907995503565e-12
2.586611643672558003e-12
2.426162332610140762e-12
2.269771783351694633e-12
2.109408634003567748e-12
1.965540261547197667e-12
1.830197596228960575e-12
1.693755246258186227e-12
1.565601439777724954e-12
1.446246995760845073e-12
1.331731476042368200e-12
1.219254715333234128e-12
1.114268224205283846e-12
1.020921818928549536e-12
9.251719000628318710e-13
8.369276818507282307e-13
7.620244152872900275e-13
6.859864609218329598e-13
6.185880835183007904e-13
5.597037360801662535e-13
5.008764982395964634e-13
4.547520626354993284e-13
4.103235294367155196e-13
3.728154308184690619e-13
3.430105317189066701e-13
3.153699229480014376e-13
2.939795991049586661e-13
2.761174812381069046e-13
2.624900526944163986e-13
2.516081451041707105e-13
2.438157553709538291e-13
2.366585249982873060e-13
2.305136090387751207e-13
2.248907160115968221e-13
2.186782657293958495e-13
2.118331904807049874e-13
2.031755644502252486e-13
1.928662615344027010e-13
1.812658225674665257e-13
1.678947311470030985e-13
1.530667264799611444e-13
1.374823458995063707e-13
1.218931921444673459e-13
1.069774736597283472e-13
9.263242621834137325e-14
8.037389965002219459e-14
7.052452171733924050e-14
6.324575153318942931e-14
5.808302850296073789e-14
5.583464342108865388e-14
5.535666246013985088e-14
5.569827224010478018e-14
5.660167283023395412e-14
5.729987075571681092e-14
5.639529403358919863e-14
5.412978815786780904e-14
5.019299038884891140e-14
4.464740213430757508e-14
3.827414530724804037e-14
3.197363733214102047e-14
2.631823185423701270e-14
2.241926021879904893e-14
2.037894035512765634e-14
2.028929036167551485e-14
2.132145481360026898e-14
2.284755092986008063e-14
2.366248171564006830e-14
2.320287063805537166e-14
2.124158859450478621e-14
1.806375812331336671e-14
1.445071253296173451e-14
1.138256803775010031e-14
9.586052696817292502e-15
9.435065236797487184e-15
1.042432177308283630e-14
1.172609115753543384e-14
1.225594898360972976e-14
1.138250032599597930e-14
9.299612210378349579e-15
6.921005726899170012e-15
5.297543386530568316e-15
5.118605786145054217e-15
5.945458194279339776e-15
6.927738497650262138e-15
7.049706008221309418e-15
6.000631639766470692e-15
4.298847627414883548e-15
3.103278348081516027e-15
3.097572677607540944e-15
4.028883171632973948e-15
4.586132972010231066e-15
4.073621670089944157e-15
2.814571800432552915e-15
1.968568828441419674e-15
2.144182730529693639e-15
2.884931019954379322e-15
3.036543046021675530e-15
2.255571108768560403e-15
1.351654882226593128e-15
1.448711637607386578e-15
2.068842028204697274e-15
2.095480750443272131e-15
1.360511500464012934e-15
9.120958490741162512e-16
1.269896498133449219e-15
1.641784496101284539e-15
1.139296888586353726e-15
6.691904966661388623e-16
9.478804331220628271e-16
1.222908600814423787e-15
7.841918266129379371e-16
5.097992275531400982e-16
8.503751514053712933e-16
8.567252112520914618e-16
4.131752828702605947e-16
5.538363211059333052e-16
7.310104683983398448e-16
3.956294925825697004e-16
3.870746823767829258e-16
6.040777601345130664e-16
3.049866239382525519e-16
3.463566669778506792e-16
4.609978588030084825e-16
2.273317188410792417e-16
3.313061152850945411e-16
3.299600986583791537e-16
1.719023210092354795e-16
3.382794015430157822e-16
1.576981024987790653e-16
2.465499555906951420e-16
1.931089121950231888e-16
1.644063756013746562e-16
2.010174652596265962e-16
1.234168015697730272e-16
1.814136326182925131e-16
1.065646417136047065e-16
1.535369966680132764e-16
9.708993409039179493e-17
1.279489292033169313e-16
8.840890066237544489e-17
1.071086537015381297e-16
7.939788575959119960e-17
9.045892644223812114e-17
7.043586195232535123e-17
7.697406920097912420e-17
6.196616637298695185e-17
6.584468339341606961e-17
5.422826408995800489e-17
5.651921607858060909e-17
4.730015335616992243e-17
4.862364218225254577e-17
4.117031498532801687e-17
4.189323203566225798e-17
3.578532190853933590e-17
3.613072871004371993e-17
3.107558549975917696e-17
3.118258117143363802e-17
2.696818837473751463e-17
2.692534159303874521e-17
2.339293979664136867e-17
2.325752512047643039e-17
2.028501077322652414e-17
2.009443622647298729e-17
1.758586534799903487e-17
1.736466927386294505e-17
1.524335288168230264e-17
1.500760435217909772e-17
1.321139954588789856e-17
1.297152992912643736e-17
1.144952324895545459e-17
1.121218327681879213e-17
9.922287701148359572e-18
9.691584263940157208e-18
8.598754833327777413e-18
8.377084609819307004e-18
7.451964922142910973e-18
7.240581278167857999e-18
6.458457925442587679e-18
6.257858659573308297e-18
5.597840771041536642e-18
5.408034119847520848e-18
4.852400853945418611e-18
4.673087907193318544e-18
4.206763528099974179e-18
4.037462890024414952e-18
3.647590283996675126e-18
3.487722582629063079e-18
3.163313858242464216e-18
3.012258280456692071e-18
2.743906381703598477e-18
2.601037729274595563e-18
2.380676970131371903e-18
2.245389145020450572e-18
2.066095245685823455e-18
1.937815361509539639e-18
1.793637718931057118e-18
1.671833779071242021e-18
1.557654172147239258e-18
1.441838409006902159e-18
1.353251580129262067e-18
1.242980907023728856e-18
1.176193290609234333e-18
1.071067925894895026e-18
1.022811547067228783e-18
9.224725182379965554e-19
8.899316210539472552e-19
7.940576512964722576e-19
7.748060221255617648e-19
6.831101609217479592e-19
6.750575067571201251e-19
5.872837152047897111e-19
5.886297154881286961e-19
5.045495728592378854e-19
5.137444399367681106e-19
4.331540533102982774e-19
4.488646610481202533e-19
3.715818509735053866e-19
3.926625962316742686e-19
3.185243666540495821e-19
3.439921098564114524e-19
2.728524284059271968e-19
3.018649125198059515e-19
