# bin_2_1
1.132910398902626975e-08
1.208193387791306735e-08
9.692790381325933322e-09
1.058755629737604190e-08
8.282918987228496225e-09
9.292322218809011691e-09
7.069373622280606388e-09
8.169984544235008304e-09
6.026169560254710200e-09
7.197924662469515431e-09
5.130914461814991875e-09
6.356681474517693390e-09
4.364344784726224270e-09
5.629546691435884010e-09
3.709927912336985640e-09
5.002218123084156583e-09
3.153521615686618992e-09
4.462503745616683703e-09
2.683083628050091735e-09
4.000070114583471566e-09
2.288425000611343326e-09
3.606229810647616707e-09
1.961002092981734392e-09
3.273763106999006184e-09
1.693742255324404934e-09
2.996769666294744288e-09
1.480899211445714760e-09
2.770546862826141749e-09
1.317934531124557972e-09
2.591490924293240338e-09
1.201421396357399749e-09
2.457018107979929319e-09
1.128967925886595177e-09
2.365502558538436356e-09
1.099156164835523753e-09
2.316227574474981047e-09
1.111493759651832498e-09
2.309346850231294921e-09
1.166373939869517170e-09
2.345851391794523577e-09
1.265039732020345471e-09
2.427537510526548795e-09
1.409546808173271720e-09
2.556970093263776246e-09
1.602718835469061973e-09
2.737434260162311944e-09
1.848087590819353821e-09
2.972867258288106386e-09
2.149809157390468118e-09
3.267761026582541072e-09
2.512545719393237724e-09
3.627024678133310937e-09
2.941301590303984757e-09
4.055794717029038190e-09
3.441201182216986680e-09
4.559180973254073881e-09
4.017196878746326616e-09
5.141936614181145835e-09
4.673696198098487268e-09
5.808043401213943366e-09
5.414101830109607462e-09
6.560208710906438449e-09
6.240264863136060755e-09
7.399279886703095312e-09
7.151863069747687558e-09
8.323595148203257609e-09
8.145732563260832398e-09
9.328310243394226303e-09
9.215203982522479968e-09
1.040476528292495149e-08
1.034952271261436381e-08
1.153998790598398392e-08
1.153346646898958738e-08
1.271646324822067738e-08
1.274730787650227915e-08
1.391233456892776420e-08
1.396729907219303958e-08
1.510222056761532912e-08
1.516686800075889225e-08
1.625883484250967243e-08
1.631869710956657851e-08
1.735555051294140349e-08
1.739778438138373000e-08
1.836994894401373145e-08
1.838544398684543087e-08
1.928820592796819563e-08
1.927397323669833024e-08
2.010989282305163272e-08
2.007139420949763299e-08
2.085241756679557176e-08
2.080530530514409699e-08
2.155395661703299715e-08
2.152453121523396560e-08
2.227344614794417107e-08
2.229708664910770678e-08
2.308618981992562292e-08
2.320317769524424893e-08
2.407412757970633005e-08
2.432278545194187672e-08
2.531100646317843675e-08
2.571896688843540085e-08
2.684466060714506785e-08
2.742028358920560512e-08
2.868106366644415054e-08
2.940820147745531225e-08
3.077694260512246134e-08
3.161676607473077483e-08
3.304812367206867887e-08
3.395072180870261310e-08
3.539772360761724980e-08
3.632297502010723442e-08
3.776074253924137754e-08
3.870270157483427068e-08
4.015064769749264536e-08
4.115424191156018172e-08
4.268388428505930638e-08
4.384090838014490504e-08
4.555821035418489211e-08
4.697594787908056079e-08
4.897850764782966081e-08
5.073042750072012418e-08
5.305914498155106199e-08
5.514676857248977916e-08
5.776748980031608657e-08
6.012968751801886678e-08
6.297396149249920356e-08
6.555669914962736693e-08
6.861043611060068879e-08
7.145693900018174776e-08
7.482986791434662547e-08
7.810722557178738889e-08
8.200121844803113332e-08
8.590858474093183170e-08
9.048224015593180363e-08
9.510664624417460350e-08
1.003687654308933876e-07
1.056606399285838597e-07
1.115524316144277013e-07
1.175035914307252566e-07
1.241200294800415514e-07
1.309451095625221876e-07
1.385911983550711858e-07
1.466115452222741840e-07
1.555390743967810477e-07
1.648776880556143658e-07
1.750895779979240473e-07
1.857095576595408753e-07
1.972497785483663886e-07
2.093654402575456917e-07
2.226165299634514315e-07
2.366666747567075437e-07
2.519655182613974840e-07
2.680867044171913828e-07
2.854198477504927360e-07
3.036277605109859136e-07
3.232192491852149579e-07
3.439630586628931127e-07
3.663013966323017036e-07
3.898635320494619853e-07
4.149576986958042858e-07
4.412762998978358258e-07
4.692830487977547107e-07
4.987862876421489247e-07
5.301236532282889861e-07
5.628999055412035663e-07
5.973721304258909243e-07
6.333288582659265304e-07
6.711715007850097892e-07
7.105804488563720527e-07
7.516698569285311361e-07
7.940935352624769790e-07
8.381846928539193570e-07
8.836757349222494390e-07
9.305973217854558272e-07
9.785035998004690708e-07
1.027630551337600954e-06
1.077680880243359939e-06
1.128571534107852870e-06
1.179835284230996262e-06
1.231661367565977610e-06
1.283634367496275253e-06
1.335569906858243287e-06
1.387137053422384278e-06
1.438437970625190522e-06
1.488887585637359061e-06
1.538482843604571975e-06
1.587024458435817937e-06
1.634342878607464997e-06
1.680144408000228657e-06
1.724642727541289055e-06
1.767395095748699945e-06
1.808632715990271848e-06
1.848254418338238237e-06
1.886265699925815512e-06
1.922824667573696101e-06
1.957984001865211143e-06
1.991837602615188552e-06
2.024654238310389382e-06
2.056372196351632872e-06
2.087385762936163192e-06
2.117534457604399517e-06
2.147190197632468357e-06
2.176137007279184070e-06
2.204640242594311037e-06
2.232437366762233751e-06
2.259675950608465213e-06
2.286061210496960284e-06
2.311665522932617906e-06
2.336205644741917754e-06
2.359753021419694652e-06
2.382099665067472082e-06
2.403389992890159472e-06
2.423539496696906396e-06
2.442797931264360196e-06
2.461196343861074012e-06
2.479050155630630257e-06
2.496426529031090268e-06
2.513604485921226706e-06
2.530572558969912172e-06
2.547472780206226800e-06
2.564147655675617948e-06
2.580591444428876709e-06
2.596553892139468081e-06
2.611997487017825841e-06
2.626734755552208049e-06
2.640857388004539672e-06
2.654360893858092514e-06
2.667506318169246632e-06
2.680407476698615630e-06
2.693333132949242742e-06
2.706296835913909468e-06
2.719369931225810135e-06
2.732350087280232145e-06
2.745142121922079213e-06
2.757510462893069938e-06
2.769470762648775086e-06
2.781015034797943407e-06
2.792392862977025279e-06
2.803733217074535561e-06
2.815237438376062537e-06
2.826824812785778902e-06
2.838422538561759897e-06
2.849777811312956538e-06
2.860849627922880851e-06
2.871619818920775910e-06
2.882327532973766702e-06
2.893092019239350592e-06
2.904030330093339402e-06
2.914971274972245405e-06
2.925795616147813376e-06
2.936361242674215537e-06
2.946820524379237205e-06
2.957304549378661343e-06
2.967962353255095322e-06
2.978640027027508442e-06
2.989209085159777870e-06
2.999567336933430873e-06
3.009921150583395674e-06
3.020394498798500997e-06
3.031006426331689301e-06
3.041505479675595689e-06
3.051851029477145175e-06
3.062158268351894235e-06
3.072655979539249456e-06
3.083215698049137607e-06
3.093672615270343268e-06
3.103999589805032335e-06
3.114458200363923456e-06
3.125020603645519604e-06
3.135521647878790490e-06
3.145906262323676148e-06
3.156431046223172573e-06
3.167031656938942774e-06
3.177545904712266339e-06
3.188020913041675886e-06
3.198665975948015261e-06
3.209264854780621446e-06
3.219797014672384111e-06
3.230448648150439290e-06
3.241161189212583795e-06
3.251733822186254719e-06
3.262442202486189583e-06
3.273191469611986524e-06
3.283866903352563831e-06
3.294633914558758590e-06
3.305427869274923097e-06
3.316165527255192923e-06
3.327047483076715409e-06
3.337830293487309201e-06
3.348692639646168714e-06
3.359566156575132021e-06
3.370460607592525062e-06
3.381353130821119197e-06
3.392281029388560496e-06
3.403231735939447109e-06
3.414174187091921630e-06
3.425181202708503292e-06
3.436117289022076166e-06
3.447158340413384132e-06
3.458162735163706282e-06
3.469167577744036474e-06
3.480215009311296750e-06
3.491240359042549958e-06
3.502290279830300985e-06
3.513356013519370638e-06
3.524364187731513200e-06
3.535435518609020447e-06
3.546476075427815993e-06
3.557490510330602377e-06
3.568533821606465833e-06
3.579519908767656640e-06
3.590517769733527726e-06
3.601495771522445013e-06
3.612408062327579984e-06
3.623348350994687678e-06
3.634233703763994328e-06
3.645075219653625303e-06
3.655909678264057196e-06
3.666656259382671930e-06
3.677379149022445316e-06
3.688042173287091736e-06
3.698605514877353692e-06
3.709141024573334091e-06
3.719576674867993853e-06
3.729921124406152336e-06
3.740192580098611547e-06
3.750328750773446759e-06
3.760375183590767685e-06
3.770286885575736232e-06
3.780034073367500549e-06
3.789659468696261338e-06
3.799096660872547200e-06
3.808347906505060712e-06
3.817409846197914759e-06
3.826233000899499181e-06
3.834849390822896659e-06
3.843210948825611708e-06
3.851286248384630845e-06
3.859094459472028959e-06
3.866591836400991319e-06
3.873780219252132489e-06
3.880646963803052408e-06
3.887147126744838925e-06
3.893298354013857690e-06
3.899065713938457554e-06
3.904433053992724083e-06
3.909400978719198895e-06
3.913923610776329211e-06
3.917993205305021890e-06
3.921593304752977694e-06
3.924686601958321938e-06
3.927280084132201342e-06
3.929336607093255078e-06
3.930835868408151937e-06
3.931772156090188250e-06
3.932118090138156356e-06
3.931869347390393544e-06
3.931014023998239209e-06
3.929529019183021530e-06
3.927415737064088730e-06
3.924642007565022748e-06
3.921199077267429239e-06
3.917073068730703428e-06
3.912235823109845383e-06
3.906675468950590942e-06
3.900379855762803402e-06
3.893334758782828423e-06
3.885544365892700096e-06
3.876996532497378615e-06
3.867693444724429777e-06
3.857623239287958425e-06
3.846769080500980839e-06
3.835125426063410199e-06
3.822690447176699987e-06
3.809445587409704954e-06
3.795400475930700573e-06
3.780561609700914079e-06
3.764931406334964204e-06
3.748498696623997013e-06
3.731254628854864101e-06
3.713196874753887454e-06
3.694328997001632638e-06
3.674655311453192632e-06
3.654191434111359998e-06
3.632947326156964017e-06
3.610929784804399303e-06
3.588130952766930360e-06
3.564564077511400969e-06
3.540245034349788706e-06
3.515193309254782010e-06
3.489416674151609712e-06
3.462917359493227593e-06
3.435696571727764292e-06
3.407784215990053854e-06
3.379203762040096917e-06
3.349974330203683005e-06
3.320104984081134809e-06
3.289612968525845518e-06
3.258529158413061876e-06
3.226877085686417039e-06
3.194662474415091164e-06
3.161904665412333566e-06
3.128633847503845329e-06
3.094884082450770467e-06
3.060671520491789240e-06
3.026019566654091919e-06
2.990959541008606615e-06
2.955514831678911758e-06
2.919698041358875750e-06
2.883541677044970984e-06
2.847081081236839840e-06
2.810339862900306218e-06
2.773341156736465490e-06
2.736119755041061328e-06
2.698690972309969125e-06
2.661082888653540550e-06
2.623333877538441382e-06
2.585465518165532390e-06
2.547503749501108618e-06
2.509476015360280163e-06
2.471398448622650157e-06
2.433311005368523351e-06
2.395234454704244155e-06
2.357195627405829132e-06
2.319215372029500918e-06
2.281317692442622878e-06
2.243533382959489236e-06
2.205881327535168174e-06
2.168383624576075322e-06
2.131060082402339438e-06
2.093939188264966981e-06
2.057039936721575914e-06
2.020380827543545462e-06
1.983982766999900302e-06
1.947867712998881599e-06
1.912049332299362921e-06
1.876544358620354569e-06
1.841372190581636330e-06
1.806546439143829358e-06
1.772079655698268699e-06
1.737988900038100489e-06
1.704284215880029488e-06
1.670973898022501581e-06
1.638072292518282631e-06
1.605589038706405544e-06
1.573534714023492442e-06
1.541920696883406781e-06
1.510752438599343204e-06
1.480041388426261512e-06
1.449794702216865340e-06
1.420018919389354022e-06
1.390720871037234600e-06
1.361905352284232041e-06
1.333575537024466035e-06
1.305730196310746215e-06
1.278373200538720676e-06
1.251502092113352035e-06
1.225119739784523458e-06
1.199220784636574588e-06
1.173807092990398766e-06
1.148885979947461182e-06
1.124456641090252568e-06
1.100518872456689191e-06
1.077071247595957366e-06
1.054105722684360482e-06
1.031625850313157359e-06
1.009619931561296784e-06
9.880781926614357435e-07
9.670027054481962431e-07
9.463836318666899060e-07
9.262213219886810683e-07
9.065151372111486729e-07
8.872579852246411993e-07
8.684561911067309515e-07
8.500892591350326386e-07
8.321432380399420292e-07
8.146199051669095339e-07
7.975025278615746459e-07
7.807951362652990190e-07
7.644939275569107588e-07
7.485847424343133311e-07
7.330757478511671311e-07
7.179378510800167889e-07
7.031554809104140600e-07
6.887385849460191866e-07
6.746702862084153923e-07
6.609580130556066037e-07
6.475855038518449247e-07
6.345285301551944017e-07
6.218009315317047213e-07
6.093782886644111133e-07
5.972611737381831347e-07
5.854605046906997072e-07
5.739430041977931592e-07
5.627103324802005811e-07
5.517481419909706129e-07
5.410441796048098452e-07
5.306220140769304667e-07
5.204415384488509520e-07
5.104939068267133100e-07
5.007923831428366895e-07
4.913108567989738381e-07
4.820603775048795546e-07
4.730200467213133439e-07
4.641743178555987231e-07
4.555550535527799340e-07
4.471242979847413597e-07
4.388810960603551492e-07
4.308320777925836222e-07
4.229459960122556598e-07
4.152397581349394161e-07
4.076930779081010164e-07
4.002876144754847178e-07
3.930556024329530905e-07
3.859626725479049572e-07
3.790135759491665937e-07
3.722125093727933000e-07
3.655288016525298930e-07
3.589847486019324435e-07
3.525610938137730036e-07
3.462404611559068300e-07
3.400558800028209631e-07
3.339759733893249633e-07
3.280065474593911295e-07
3.221502315508057265e-07
3.163767307254267312e-07
3.107160507895293467e-07
3.051447386266482353e-07
2.996517271988082986e-07
2.942673629277291542e-07
2.889556622688342830e-07
2.837329163704308575e-07
2.785933578620650920e-07
2.735200812026998079e-07
2.685407065493070747e-07
2.636321587428667729e-07
2.587857037871773441e-07
2.540261712588082032e-07
2.493226092416910044e-07
2.446906345114726657e-07
2.401217233980034298e-07
2.355970927790758428e-07
2.311401027441805587e-07
2.267225503089077478e-07
2.223379039834965536e-07
2.180041920058895056e-07
2.136946756676274724e-07
2.094256779247813653e-07
2.051936072045904667e-07
2.009903538501265880e-07
1.968407015061066423e-07
1.927235649042663339e-07
1.886463143372106535e-07
1.846290560976162820e-07
1.806526682541139173e-07
1.767363061497405227e-07
1.728755630274374836e-07
1.690571703177648975e-07
1.653027379480358361e-07
1.615993216389691139e-07
1.579495225872503194e-07
1.543608042649436394e-07
1.508193083703267760e-07
1.473384962823055379e-07
1.439160294070820781e-07
1.405456018217985935e-07
1.372388700401588450e-07
1.339822692760897386e-07
1.307811009459461233e-07
1.276378558419289364e-07
1.245423427876240690e-07
1.215020796150592571e-07
1.185152984735912170e-07
1.155777459309914543e-07
1.126980288102864776e-07
1.098655307637340877e-07
1.070841560715904220e-07
1.043532770081165149e-07
1.016660854141098246e-07
9.902745419573833881e-08
9.643513631560838701e-08
9.388761941690785079e-08
9.138929944767940993e-08
8.893408912430537990e-08
8.652369686785750053e-08
8.415543361623271882e-08
8.182783355548193002e-08
7.954401090896976717e-08
7.730340931516603281e-08
7.510643015374092264e-08
7.295119760869286027e-08
7.083480433905559152e-08
6.875854217464401260e-08
6.672431116276967503e-08
6.473210828503130655e-08
6.277964869116826128e-08
6.086479668921516866e-08
5.898788951883790162e-08
5.715134692971150681e-08
5.535458031519631229e-08
5.359582998189395378e-08
5.187379096119979110e-08
5.019086854743460143e-08
4.854734916051775949e-08
4.694241361178447547e-08
4.537361826352467244e-08
4.384144307562660966e-08
4.234852147823580827e-08
4.089127931665401444e-08
3.946818233175351487e-08
3.808363428422425586e-08
3.673524289643046823e-08
3.542169857985199556e-08
3.414414251633543271e-08
3.290220688564566403e-08
3.169430288535434842e-08
3.051891907119075762e-08
2.937846370211000937e-08
2.827103927202688229e-08
2.719556123630469558e-08
2.615453523303620633e-08
2.514467463593825138e-08
2.416561248003722017e-08
2.321780518291981285e-08
2.229881499479580041e-08
2.141002369343801632e-08
2.055140770436465403e-08
1.972085411127065664e-08
1.891839968646458002e-08
1.814269780157194626e-08
1.739341377560028143e-08
1.667080059179548683e-08
1.597339132442974127e-08
1.530083231580624060e-08
1.465249460617898453e-08
1.402735836839745277e-08
1.342636529398087922e-08
1.284781575881520287e-08
1.229051570328422978e-08
1.175436321909033811e-08
1.123860944152216568e-08
1.074306414908322787e-08
1.026744788697921835e-08
9.809740368935885365e-09
9.371051143566871384e-09
8.949920568115216760e-09
8.544960660222429977e-09
8.156984262055150544e-09
7.784602294900643789e-09
7.427573395512969596e-09
7.085583348545977042e-09
6.757735342357054667e-09
6.444260221008972974e-09
6.143762373017296277e-09
5.855645035446739619e-09
5.580001961146529206e-09
5.317038564225682217e-09
5.065556409725501317e-09
4.824434183944094422e-09
4.594313848746599291e-09
4.374215926640611582e-09
4.164248132489721941e-09
3.963522073165977853e-09
3.771128571191258807e-09
3.588489208602624227e-09
3.414201058593925126e-09
3.247975116123534239e-09
3.089994636339521877e-09
2.938501692456667294e-09
2.794390996655429830e-09
2.657297889254637295e-09
2.525573995031433388e-09
2.401038676095191892e-09
2.282528451191225176e-09
2.169274719751450249e-09
2.061684254960778704e-09
1.958618639257313969e-09
1.860850520664980090e-09
1.767605876602230222e-09
1.678280927148159104e-09
1.594275604600034562e-09
1.513914899967925356e-09
1.437533436550858593e-09
1.365127161120237659e-09
1.295576405444347155e-09
1.229989801204494652e-09
1.167740524570653665e-09
1.108117973821418040e-09
1.051865595069068888e-09
9.976946936778223311e-10
9.465048500064082552e-10
8.984115346394759313e-10
8.524222338893204670e-10
8.090466944931408135e-10
7.679148132487631378e-10
7.286493799722949196e-10
6.919454659039072350e-10
6.566321863225605212e-10
6.227379690853608744e-10
5.905262990480958395e-10
5.596697454192360137e-10
5.306646619571383658e-10
5.030009067189696342e-10
4.768545123261911074e-10
4.528644951178514632e-10
4.297176509519847097e-10
4.078358518191898667e-10
3.871606872955779215e-10
3.669129058310369732e-10
3.479410438384775252e-10
3.300264260312366032e-10
3.127246916755291259e-10
2.966331168523081396e-10
2.811508735648353049e-10
2.664836539359342376e-10
2.527774554423406385e-10
2.397820525871516108e-10
2.279944593921635638e-10
2.166183435655467749e-10
2.051851794447383159e-10
1.943367320386055774e-10
1.838025247726843359e-10
1.743066248940536477e-10
1.657978081404028583e-10
1.573361762823318769e-10
1.494706156093241949e-10
1.416508485467230824e-10
1.341006433486545058e-10
1.273219117898408824e-10
1.205365629402685557e-10
1.144117109118831195e-10
1.089300876383226099e-10
1.033875199789906538e-10
9.799910790053401257e-11
9.251338865737895704e-11
8.769929398189473325e-11
8.377025272295256156e-11
7.953756388977353705e-11
7.534976345191085930e-11
7.143003226766421904e-11
6.755329513047941578e-11
6.430460632496066618e-11
6.126981664598356761e-11
5.806083221782892809e-11
5.486710048873185188e-11
5.210900946596060825e-11
4.978025131537216416e-11
4.716623663797970947e-11
4.448694561034945185e-11
4.234678768767297144e-11
4.035979520884600659e-11
3.833076875375320070e-11
3.616443601679569822e-11
3.439294038786186252e-11
3.284618718682933727e-11
3.106621482762888088e-11
2.942724500731309227e-11
2.813843111105124761e-11
2.664054533345193616e-11
2.517596304074035103e-11
2.414272421560797964e-11
2.280555859668147580e-11
2.160610460907710565e-11
2.064407329536248782e-11
1.952024431628242643e-11
1.856077536421877120e-11
1.768183482758335528e-11
1.669617791801111633e-11
1.598936896258500731e-11
1.511500834301060260e-11
1.437340960660613096e-11
1.369516513663808075e-11
1.295297706243458521e-11
1.234993978312367259e-11
1.168533929994564354e-11
1.114219077141861839e-11
1.056556215712780978e-11
1.004360050531960097e-11
9.552498150832968940e-12
9.075888759912009253e-12
8.597166358108632353e-12
8.181734372346097448e-12
7.742985252365982114e-12
7.372606159521826103e-12
7.005157391472316906e-12
6.646725981212201920e-12
6.311634728710120463e-12
5.980384073383902683e-12
5.661311015651403861e-12
5.378799953232793524e-12
5.101173271934893584e-12
4.840011344362558607e-12
4.583243486936643717e-12
4.323477970300432837e-12
4.095365275072095420e-12
3.877656478474188303e-12
3.663783029205919070e-12
3.459238710411657512e-12
3.252446017377491545e-12
3.070104759034686299e-12
2.898704605200107259e-12
2.720041822199792923e-12
2.551136169879466641e-12
2.392193129131045714e-12
2.244109907450672009e-12
2.099678775494999636e-12
1.950862494496494208e-12
1.817918425606316616e-12
1.692976974163295494e-12
1.566465074456364091e-12
1.447992718568233449e-12
1.337618887156939436e-12
1.231810908919381405e-12
1.127671304886319581e-12
1.030192662022118411e-12
9.439682554828512415e-13
8.552641262507674562e-13
7.734798618916164076e-13
7.045647640845603904e-13
6.339063775155585292e-13
5.715266821296441712e-13
5.171962901360323927e-13
4.625079531114032642e-13
4.200339213003706144e-13
3.788500023232676092e-13
3.441237889591394487e-13
3.167240376790226506e-13
2.910573454846998347e-13
2.713480295092706726e-13
2.548652115961178398e-13
2.423551695657579342e-13
2.323584382570937549e-13
2.252045405898095441e-13
2.185654883473563846e-13
2.130430481948692681e-13
2.078799908347300322e-13
2.021881592972699807e-13
1.958955130841331360e-13
1.878751403667485734e-13
1.783895875886807636e-13
1.677005898310649092e-13
1.552844958374407021e-13
1.415533685939390928e-13
1.271236154898372133e-13
1.127007728717327646e-13
9.886629513689470950e-14
8.556198818944668716e-14
7.423262848018758137e-14
6.511694563617549384e-14
5.835863585135955560e-14
5.361395690032176272e-14
5.154531846395974633e-14
5.111687995930505226e-14
5.147175676891787671e-14
5.229337124358348206e-14
5.298364775654437728e-14
5.216169846533749188e-14
5.006120431634103064e-14
4.643547339441700079e-14
4.129675598811092749e-14
3.538444616125624287e-14
2.955690028273258131e-14
2.428883214756470780e-14
2.068811574512105443e-14
1.880197812433737166e-14
1.872038805290649729e-14
1.970397601408655772e-14
2.111810656479920506e-14
2.188770910254364196e-14
2.146596881511520508e-14
1.964498779920294140e-14
1.670390852464647984e-14
1.335535425147714796e-14
1.050683355803639084e-14
8.846473592944212409e-15
8.702115589793090752e-15
9.626889406467863300e-15
1.084258412185793587e-14
1.133934720320489382e-14
1.053469441544780320e-14
8.600087653740006230e-15
6.387810631082246798e-15
4.886363915591904495e-15
4.720957206244095780e-15
5.494987531720871890e-15
6.407328931572821527e-15
6.521231168554316397e-15
5.551375072083852593e-15
3.972220851399972053e-15
2.860060389227145579e-15
2.856938025857799258e-15
3.723840425054144358e-15
4.245790084254837942e-15
3.768625253991737087e-15
2.598507310403583394e-15
1.814886738464500775e-15
1.979302282738161071e-15
2.668004736427650786e-15
2.811405324647297248e-15
2.084058277841938170e-15
1.244979961360278785e-15
1.337793905688559685e-15
1.914658173291001646e-15
1.937849732886258024e-15
1.256570228008330512e-15
8.409463724864873552e-16
1.173927266792357873e-15
1.518982895405249832e-15
1.052903843663567773e-15
6.168348152030304402e-16
8.761566345454271238e-16
1.131353895827775041e-15
7.246608167713396109e-16
4.696913044968860187e-16
7.869916727922403157e-16
7.918687790413475428e-16
3.814581616232192408e-16
5.115252449121867844e-16
6.762676333266883381e-16
3.653846375502704928e-16
3.572881666522135205e-16
5.588156138634524741e-16
2.818064018591640560e-16
3.195238416377372261e-16
4.268524607105644141e-16
2.094851738595787301e-16
3.063355703553198856e-16
3.051862792931110261e-16
1.584182759270494994e-16
3.130502881507881352e-16
1.454710836542878538e-16
2.279202299420941305e-16
1.785670609710484520e-16
1.517187373578237802e-16
1.860509207070446578e-16
1.137623641431817519e-16
1.679392014107540450e-16
9.822319609028501524e-17
1.421240052207882871e-16
8.952332023752813074e-17
1.184241395268273042e-16
8.154609088007911307e-17
9.912639818811899517e-17
7.324964095514836918e-17
8.371390770730921434e-17
6.498816399748051354e-17
7.123446570890315756e-17
5.717526167195737374e-17
6.093684784287159919e-17
5.003476712679345041e-17
5.230938834760169367e-17
4.364023633088517450e-17
4.500531501550139029e-17
3.798186605807621808e-17
3.877933378510888463e-17
3.301077336948611546e-17
3.344876582736024526e-17
2.866294640893808625e-17
2.887146800306611075e-17
2.487118807408374598e-17
2.493320027120878219e-17
2.157075745359007186e-17
2.154006930078695277e-17
1.870182999548384000e-17
1.861372848094040307e-17
1.621037240657136653e-17
1.608813294479166892e-17
1.404823636478992224e-17
1.390721878851982449e-17
1.217287852176323780e-17
1.202316400076889589e-17
1.054691551715195137e-17
1.039503694625565167e-17
9.137621574544091586e-18
8.987716858374900087e-18
7.916423867600381680e-18
7.771013988930471706e-18
6.858423083349685829e-18
6.718941835170298014e-18
5.941951742293422631e-18
5.809108600435539316e-18
5.148174814531459494e-18
5.022204351005572331e-18
4.460732895082976168e-18
4.341566250157938566e-18
3.865425940080986681e-18
3.752808385679300925e-18
3.349934553029069596e-18
3.243505544765868165e-18
2.903575318862032156e-18
2.802922385242042274e-18
2.517086673508657178e-18
2.421781046123945363e-18
2.182441919965133427e-18
2.092061420550351698e-18
1.892686204435149252e-18
1.806829316952891325e-18
1.641794586973331311e-18
1.560088434336573443e-18
1.424548600292005502e-18
1.346652802011241222e-18
1.236428963803069333e-18
1.162036744039256479e-18
1.073522428881661709e-18
1.002359931718691076e-18
9.324409105869720362e-19
8.642654220419433642e-19
8.102513335628348237e-19
7.448488697360674376e-19
7.044147912096838566e-19
6.415973918638081822e-19
6.127338082225445305e-19
5.523367343169476490e-19
5.333066267676977805e-19
4.751856234499479960e-19
4.644876084399395089e-19
4.085163153640825476e-19
4.048529291815301420e-19
3.509204952487543276e-19
3.531708857376551221e-19
3.011798072932895313e-19
3.083761803521346639e-19
2.582403836313084813e-19
2.695476817467369953e-19
