# bin_3_1
1.196640073327932207e-08
1.324940664677025657e-08
1.022210357548520925e-08
1.164119340273291897e-08
8.722029242923908770e-09
1.024866886845960820e-08
7.434070953827629439e-09
9.043870100452887742e-09
6.330608676960682245e-09
8.002787634557776982e-09
5.387938975828148405e-09
7.104868835217549714e-09
4.585787142364668475e-09
6.332594061749600153e-09
3.906892190812267760e-09
5.671117200983748627e-09
3.336655057784488393e-09
5.107962725554483410e-09
2.862842765935483601e-09
4.632772647978951611e-09
2.475342400176695079e-09
4.237097972409608178e-09
2.165958537347477390e-09
3.914229622582975273e-09
1.928250197758423151e-09
3.659064104080043185e-09
1.757401890464438849e-09
3.468000730279570672e-09
1.650125584375725599e-09
3.338865692071093682e-09
1.604588778911934979e-09
3.270859709555062200e-09
1.620365342478229789e-09
3.264524981762961011e-09
1.698404030523884512e-09
3.321726662762261580e-09
1.841009792650943391e-09
3.445643348624501147e-09
2.051831513667173974e-09
3.640759775569724451e-09
2.335848478833662314e-09
3.912853259519868216e-09
2.699346150577140253e-09
4.268963188511113831e-09
3.149869282406572907e-09
4.717330810768415607e-09
3.696138155573774007e-09
5.267293375144238540e-09
4.347910640223347130e-09
5.929114044074103382e-09
5.115769736439327936e-09
6.713725959123806383e-09
6.010814095512608366e-09
7.632366983405302373e-09
7.044227155400766138e-09
8.696080654988695484e-09
8.226700761778932360e-09
9.915060300145566393e-09
9.567692553675350879e-09
1.129781894264205872e-08
1.107450405996226697e-08
1.285017829560240993e-08
1.275118102326523323e-08
1.457408833230745328e-08
1.459726012847613941e-08
1.646631737537600638e-08
1.660642034770917368e-08
1.851709212404858974e-08
1.876514285449324805e-08
2.070881922306955670e-08
2.105154162969866089e-08
2.301508364517382032e-08
2.343459482306729883e-08
2.540018928703225141e-08
2.587407687349420195e-08
2.781957385157503885e-08
2.832155045727712497e-08
3.022147571652672208e-08
3.072280256283720020e-08
3.255022795406816624e-08
3.302206975619700328e-08
3.475146780445995092e-08
3.516825294840658682e-08
3.677933755960510767e-08
3.712303126498930199e-08
3.860537468131609357e-08
3.887031463223876981e-08
4.022822752248793002e-08
4.042582805623296781e-08
4.168261642422168822e-08
4.184486176463231211e-08
4.304520083454186839e-08
4.322551878337830012e-08
4.443444140453311962e-08
4.470444307731186693e-08
4.600152772596546470e-08
4.644244062789227024e-08
4.791043973913063889e-08
4.859908199813569731e-08
5.030765012588993810e-08
5.129861448097018674e-08
5.328597865545689608e-08
5.459414257486085770e-08
5.685210244922961910e-08
5.844197597266745160e-08
6.091153783250644908e-08
6.270099841951434167e-08
6.528566023573773018e-08
6.716956746591387687e-08
6.976907175669297953e-08
7.166169827284568362e-08
7.422021660238292712e-08
7.610472795137171760e-08
7.865581770583382311e-08
8.061796287015232323e-08
8.330010375075554407e-08
8.551963449159062888e-08
8.853981549663202807e-08
9.122613530652359386e-08
9.477225174978098563e-08
9.806365385479054721e-08
1.022058076045343861e-07
1.060916481338337484e-07
1.107446883275165750e-07
1.150843033353447782e-07
1.200908187948435562e-07
1.247554879417549485e-07
1.300661337311380621e-07
1.351222493213374471e-07
1.409364747946054569e-07
1.466987328526844466e-07
1.533990802003976540e-07
1.602422596984701442e-07
1.681174071221131830e-07
1.761818108418138028e-07
1.852090859207023854e-07
1.943505168233002841e-07
2.043633814916697974e-07
2.145156803958493506e-07
2.256542431872858915e-07
2.371978769827127272e-07
2.500218869217360358e-07
2.635454049749035869e-07
2.784960160289847391e-07
2.941732000086790245e-07
3.111738976611083695e-07
3.288424477550782111e-07
3.478903862721311960e-07
3.678897509622898194e-07
3.896611205541247681e-07
4.127762286524300886e-07
4.378413694749857935e-07
4.642282941664038848e-07
4.924315149563723102e-07
5.219892373616576203e-07
5.536491610831380954e-07
5.871506145329652707e-07
6.231150345943991461e-07
6.609836200543714511e-07
7.011148345035927137e-07
7.430669382178946259e-07
7.875262532332100063e-07
8.342770066970847381e-07
8.837595762309887610e-07
9.353348381701300867e-07
9.892921536868821130e-07
1.045362001894086995e-06
1.104142739080693092e-06
1.165141381378297351e-06
1.228387404272448581e-06
1.293334817399459631e-06
1.360479780788688960e-06
1.429440720817253319e-06
1.500118926201346386e-06
1.571777527427506885e-06
1.644762184799872853e-06
1.718650203967157091e-06
1.793163801664762596e-06
1.867547995313704631e-06
1.942109690534436078e-06
2.016214850260750772e-06
2.089437241394202091e-06
2.161330834310545783e-06
2.232080970735583725e-06
2.300735799318277925e-06
2.367289039595791460e-06
2.431583641586829500e-06
2.493289186466032729e-06
2.552056225802363832e-06
2.608342424504780206e-06
2.661484149683981060e-06
2.711969992147644647e-06
2.759812032444656563e-06
2.805021782828193941e-06
2.848108812727929192e-06
2.889154363292990342e-06
2.928497821998931401e-06
2.966629024711327618e-06
3.003528097977453027e-06
3.039909065662326466e-06
3.075513043537807069e-06
3.110983972799469331e-06
3.145923458118764600e-06
3.180747167677666583e-06
3.214951340237100420e-06
3.248716743590170398e-06
3.281479456820817554e-06
3.313285694032056480e-06
3.343610829758380206e-06
3.372522843441879582e-06
3.399665712128762518e-06
3.425272902159228441e-06
3.449243167907707123e-06
3.472024935495958006e-06
3.493737527108484140e-06
3.514946131647504337e-06
3.535815770768761089e-06
3.556814086562637443e-06
3.577920846447638382e-06
3.599313258075069162e-06
3.620669039445332591e-06
3.641878230722059836e-06
3.662450598388939134e-06
3.682245085652880760e-06
3.700929485155019442e-06
3.718654180153835886e-06
3.735470214790605954e-06
3.751870611717407933e-06
3.768124209295952481e-06
3.784709755710201417e-06
3.801656585683375504e-06
3.819019965350100409e-06
3.836383218809094473e-06
3.853481952124035481e-06
3.869864937505065597e-06
3.885535594702278036e-06
3.900534933723925763e-06
3.915352755171583953e-06
3.930290020254287011e-06
3.945705247995453716e-06
3.961436251087863774e-06
3.977268798528207753e-06
3.992700894182592324e-06
4.007618699704416033e-06
4.022032867837148597e-06
4.036416814974929224e-06
4.051043174527957293e-06
4.066099793423182224e-06
4.081233185298361834e-06
4.096147764993484617e-06
4.110578046559504501e-06
4.124823245202813806e-06
4.139191426651188057e-06
4.153958365635454294e-06
4.168815935078329902e-06
4.183460335368122694e-06
4.197708295494359532e-06
4.211973208542403351e-06
4.226539704716944917e-06
4.241412020617151318e-06
4.256077444400811462e-06
4.270423497570379089e-06
4.284715186575746568e-06
4.299403361208043668e-06
4.314233068099486791e-06
4.328835579631931001e-06
4.343184942430091135e-06
4.357815252533789016e-06
4.372685095301523728e-06
4.387417843186097532e-06
4.401914006749667709e-06
4.416691637795267000e-06
4.431631098146753538e-06
4.446366442884655114e-06
4.461019370404420013e-06
4.476024523396707163e-06
4.490950002790532856e-06
4.505720251175430469e-06
4.520735274545049214e-06
4.535859071515707041e-06
4.550683533547087345e-06
4.565768718089026342e-06
4.580944358668641691e-06
4.595952170614660100e-06
4.611154111969356447e-06
4.626398423203763277e-06
4.641500389157139838e-06
4.656876339137969043e-06
4.672061114991136008e-06
4.687397203077447952e-06
4.702756293829813460e-06
4.718137772975177166e-06
4.733511259195421460e-06
4.748935154554935974e-06
4.764415827408285543e-06
4.779873146173151708e-06
4.795451136894899482e-06
4.810886552754675328e-06
4.826513529708035398e-06
4.842073543105215085e-06
4.857650133442558983e-06
4.873273374924030543e-06
4.888860516471061521e-06
4.904480852937752513e-06
4.920138139489097241e-06
4.935690969969531469e-06
4.951339594888201059e-06
4.966940368514546831e-06
4.982507392812568733e-06
4.998102929224821588e-06
5.013614894793878855e-06
5.029128498243326824e-06
5.044598816688629204e-06
5.059961777247875287e-06
5.075347729284299147e-06
5.090627350006156572e-06
5.105831473772378452e-06
5.120999640471805969e-06
5.136016886575650462e-06
5.150967806554269352e-06
5.165808235371634927e-06
5.180475363144178863e-06
5.195063741508838213e-06
5.209464739947993287e-06
5.223691193599581786e-06
5.237753560237533612e-06
5.251580140996198199e-06
5.265226190260518888e-06
5.278629464192115438e-06
5.291751211407812522e-06
5.304628731761701296e-06
5.317186409617218329e-06
5.329428036935301206e-06
5.341348207928737814e-06
5.352880417502164790e-06
5.364052475431952602e-06
5.374804986589378933e-06
5.385102587109581156e-06
5.394959347320977243e-06
5.404308995498586242e-06
5.413134444226079771e-06
5.421413726938093557e-06
5.429093737736325610e-06
5.436187752442969618e-06
5.442639934834582843e-06
5.448422578294780761e-06
5.453534414453422740e-06
5.457922269611988158e-06
5.461568544800638168e-06
5.464452425028887689e-06
5.466533983227862256e-06
5.467818196872163484e-06
5.468259643044593796e-06
5.467841698087492405e-06
5.466552591300674640e-06
5.464348399626109232e-06
5.461223296631621590e-06
5.457167141933579545e-06
5.452140704690867305e-06
5.446136764398206490e-06
5.439119018530165016e-06
5.431073113903014794e-06
5.421990341731730098e-06
5.411851133892734072e-06
5.400647203782496483e-06
5.388374398174909373e-06
5.375003606334790566e-06
5.360531310378396761e-06
5.344938690474557635e-06
5.328229961634563862e-06
5.310397463114566097e-06
5.291427932376618758e-06
5.271314905484647691e-06
5.250060727836552906e-06
5.227659135753545536e-06
5.204120469608448644e-06
5.179445087600267355e-06
5.153639840929095807e-06
5.126703496794373284e-06
5.098642710803257342e-06
5.069457452973577706e-06
5.039156597066228623e-06
5.007747845690846163e-06
4.975250074627524765e-06
4.941676653777859537e-06
4.907049019021118045e-06
4.871380743440143503e-06
4.834691680969959400e-06
4.796993829918251837e-06
4.758312541922005001e-06
4.718672908412775891e-06
4.678102759491329611e-06
4.636618095308922969e-06
4.594249732642892477e-06
4.551021295984397111e-06
4.506959093678912105e-06
4.462096886831390736e-06
4.416478946443930444e-06
4.370133583329241969e-06
4.323090972584636566e-06
4.275380373068190840e-06
4.227037971080021879e-06
4.178103672614442408e-06
4.128613383051211300e-06
4.078600418936398140e-06
4.028104979994296382e-06
3.977169209580137333e-06
3.925832912111316776e-06
3.874128201984071035e-06
3.822088823179471048e-06
3.769754216839263363e-06
3.717173952670978123e-06
3.664380932328997218e-06
3.611414404175667861e-06
3.558313634294648456e-06
3.505116807015952801e-06
3.451853278336413179e-06
3.398567385215783035e-06
3.345299304243239051e-06
3.292081994621744533e-06
3.238943971512543841e-06
3.185925599974322165e-06
3.133057152811984964e-06
3.080377244866145624e-06
3.027919227163340801e-06
2.975708391249699591e-06
2.923773888331172945e-06
2.872152091798365996e-06
2.820867499326782677e-06
2.769949453959378817e-06
2.719418136033521643e-06
2.669305272431417246e-06
2.619635809040726259e-06
2.570428661624293863e-06
2.521704424935884893e-06
2.473486629145851241e-06
2.425796194099850455e-06
2.378647841264645900e-06
2.332061520636556530e-06
2.286056138876983123e-06
2.240643246341912209e-06
2.195836326873072078e-06
2.151647929457540919e-06
2.108087382048617526e-06
2.065168476278138237e-06
2.022904336468617796e-06
1.981299234430498104e-06
1.940362233586809807e-06
1.900098697968957053e-06
1.860512748745090511e-06
1.821608263407578771e-06
1.783386696083283842e-06
1.745856796644168836e-06
1.709018448539512840e-06
1.672870270925989385e-06
1.637415357698141601e-06
1.602648342211973954e-06
1.568573234705939706e-06
1.535178775209528121e-06
1.502462779723268931e-06
1.470431632689144851e-06
1.439075603017724618e-06
1.408388471323943661e-06
1.378365293910847561e-06
1.348992707516281653e-06
1.320278796925025241e-06
1.292205575604241214e-06
1.264760343322103950e-06
1.237950365652101541e-06
1.211757098322299002e-06
1.186175149390813514e-06
1.161194167832720538e-06
1.136795701852708529e-06
1.112991662172653488e-06
1.089753746252525996e-06
1.067066739187549468e-06
1.044941490249240176e-06
1.023350876797741681e-06
1.002293402198554174e-06
9.817530785077974247e-07
9.617056450956195163e-07
9.421713878219113537e-07
9.231144550146227792e-07
9.045197600470462004e-07
8.864013457565108587e-07
8.687220980463720362e-07
8.514890097168606742e-07
8.346821009698969835e-07
8.182731575764909397e-07
8.022917724062468899e-07
7.866953865260426271e-07
7.714730280096445665e-07
7.566389084153141113e-07
7.421507449983738168e-07
7.280240548656482619e-07
7.142354058062364288e-07
7.007549343678480152e-07
6.876199381668040799e-07
6.747834802986020720e-07
6.622407208867801774e-07
6.500036270301505068e-07
6.380293431315178549e-07
6.263408981516307136e-07
6.149123723408151614e-07
6.037142114488521024e-07
5.927893561837991577e-07
5.820872642988520383e-07
5.716114169759287791e-07
5.613695035404963299e-07
5.513203682152455783e-07
5.414943908077599503e-07
5.318631574691330258e-07
5.224005877691556572e-07
5.131514438130516324e-07
5.040655179851721925e-07
4.951530868094810199e-07
4.864176178070619609e-07
4.778205116447621947e-07
4.693969642446286270e-07
4.611146375970534242e-07
4.529505108261336665e-07
4.449451390820335721e-07
4.370477232187977272e-07
4.292731838020849163e-07
4.216201384572588885e-07
4.140564699867238137e-07
4.066236385210718910e-07
3.992939267195396903e-07
3.920584767122986543e-07
3.849628411683786188e-07
3.779688898648717611e-07
3.711013124368043318e-07
3.643555899518526938e-07
3.577016000140672724e-07
3.511737299985534978e-07
3.447355559541444170e-07
3.383739664556916211e-07
3.321163024375152460e-07
3.259190651978753594e-07
3.198006275260800830e-07
3.137488420807599280e-07
3.077356543137587243e-07
3.017897471685631430e-07
2.958755951522838004e-07
2.899875159119362149e-07
2.841484254721203003e-07
2.783267673781834853e-07
2.725501238684966148e-07
2.668183445397302720e-07
2.611212345789571586e-07
2.554952690133597433e-07
2.499213424329215055e-07
2.444097578013384527e-07
2.389849747769705415e-07
2.336281037587395388e-07
2.283627461074648136e-07
2.231822704215802552e-07
2.180727506374389488e-07
2.130579033413171604e-07
2.081198668412212197e-07
2.032655719284847148e-07
1.985019074749785094e-07
1.938109127580532339e-07
1.892069963778761085e-07
1.846869608196882672e-07
1.802435719472459328e-07
1.758897917316281806e-07
1.716073840587004149e-07
1.674007937558654890e-07
1.632740009575654365e-07
1.592149811153685316e-07
1.552294554275905989e-07
1.513131670636330028e-07
1.474651505179881680e-07
1.436924085957348798e-07
1.399810044726251436e-07
1.363364996986401543e-07
1.327590794069350095e-07
1.292377828613445075e-07
1.257779291719435957e-07
1.223801387459385449e-07
1.190413919208675545e-07
1.157650925564441806e-07
1.125474427916137889e-07
1.093876384514947497e-07
1.062830764457296055e-07
1.032340637494976064e-07
1.002419871267085033e-07
9.730744924495877838e-08
9.443099651550854548e-08
9.160909070875305061e-08
8.884055562017721670e-08
8.612559401367642826e-08
8.346715039188192757e-08
8.086591194180562313e-08
7.831808108036765361e-08
7.582308383643816657e-08
7.338065665751321302e-08
7.099337228772468311e-08
6.866136573715598793e-08
6.638221931443210853e-08
6.415248623955224032e-08
6.197777154499872372e-08
5.985608194577076342e-08
5.778720346013925510e-08
5.576842872919656675e-08
5.380028843243763422e-08
5.188642818965154012e-08
5.002187690587707026e-08
4.820557082012227732e-08
4.644117570203880517e-08
4.472573075748185093e-08
4.305795427589650403e-08
4.143830555368057406e-08
3.986670352608905023e-08
3.834180789671608317e-08
3.686172506280960184e-08
3.542830321498137450e-08
3.403995331734980803e-08
3.269340453863899465e-08
3.139204707061239794e-08
3.013267788035900411e-08
2.891385577825860024e-08
2.773752903235249162e-08
2.659924279922503777e-08
2.550041175487068902e-08
2.444032097563398114e-08
2.341679510719428067e-08
2.243033012175390450e-08
2.147873114410547733e-08
2.056229120650191352e-08
1.967912548159916117e-08
1.882829217140161875e-08
1.800962380430357223e-08
1.722210106080833256e-08
1.646464360398275660e-08
1.573719160778549880e-08
1.503805479132376839e-08
1.436590151333755724e-08
1.372094695241900173e-08
1.310154663184974396e-08
1.250694167859657794e-08
1.193765051751885838e-08
1.139065023405856803e-08
1.086742624712649368e-08
1.036586369450450603e-08
9.884251063428159711e-09
9.423912468794191959e-09
8.982708387452995044e-09
8.560404270024086390e-09
8.156441718494567910e-09
7.769918893644864047e-09
7.400890281919145540e-09
7.047621276395136988e-09
6.709677495131138777e-09
6.386515317725461996e-09
6.078901010407223414e-09
5.785145021888200809e-09
5.503630978015953710e-09
5.235742492197158470e-09
4.979641399971021808e-09
4.735644567103708030e-09
4.503021661961048341e-09
4.279922825717134895e-09
4.068740842266389030e-09
3.867371818279188767e-09
3.675214609515765398e-09
3.493343094468205676e-09
3.318726271530997479e-09
3.153046488672113586e-09
2.995644436593336611e-09
2.844392029220005992e-09
2.701806109401670526e-09
2.566075865491304730e-09
2.436530771216311166e-09
2.313751835866352374e-09
2.196152819327562815e-09
2.084801279371006891e-09
1.978727276485601295e-09
1.877144057639764907e-09
1.781797395629351338e-09
1.690639126210037846e-09
1.604091077395491398e-09
1.522127946778781433e-09
1.443501506919339449e-09
1.369451628835242517e-09
1.299205859075893328e-09
1.231929306719744073e-09
1.168612074668116320e-09
1.107700153090412795e-09
1.050166615173598348e-09
9.961455988694659541e-10
9.444802910140000560e-10
8.958573906561197667e-10
8.497590652175066682e-10
8.056653380623402652e-10
7.646042239872914914e-10
7.250949497905746725e-10
6.872457792236345387e-10
6.513871104547611642e-10
6.169484650902185331e-10
5.847321775088984342e-10
5.540137691501317620e-10
5.248385967804430574e-10
4.982083572193243344e-10
4.724305284632637283e-10
4.481019955652959839e-10
4.251961024872995189e-10
4.026601483493186217e-10
3.817143449430790527e-10
3.619076338409027289e-10
3.426921827486489777e-10
3.249936167737595830e-10
3.078629984038860778e-10
2.916977671392187833e-10
2.766238736297736783e-10
2.621828954244168503e-10
2.491973610282753062e-10
2.366333286208113506e-10
2.239933443126622628e-10
2.121627211283148750e-10
2.005797910739103803e-10
1.901637169226302165e-10
1.808218134704558798e-10
1.714433498807946010e-10
1.628437288625533210e-10
1.542691271564688587e-10
1.459666322850364438e-10
1.385898008430208860e-10
1.311428841528322259e-10
1.244494024562474656e-10
1.184439134212220915e-10
1.123150303798854039e-10
1.064679736147602900e-10
1.005079149830396330e-10
9.523982220593811600e-11
9.094232055621902343e-11
8.628527764073354747e-11
8.172889690924284333e-11
7.747390991548501833e-11
7.323846858726661292e-11
6.971869550573169523e-11
6.638194061533151812e-11
6.287831512289901558e-11
5.943841055430648855e-11
5.642380271049043246e-11
5.387693731630317906e-11
5.104603761808859286e-11
4.813095754150578379e-11
4.581758141918829238e-11
4.364368987265787256e-11
4.143224374077419988e-11
3.910387841545985284e-11
3.717109941444323333e-11
3.548549038323938806e-11
3.356336922655981762e-11
3.178023333718076815e-11
3.038428073706835619e-11
2.876007027112149431e-11
2.717929188293864547e-11
2.605118148507782344e-11
2.460598073488683926e-11
2.331135420683753111e-11
2.226685232783105706e-11
2.105102330774595875e-11
2.001501659030069474e-11
1.906059975669632639e-11
1.800036044417503180e-11
1.722899519510510364e-11
1.628767929319033973e-11
1.548535895815603715e-11
1.475197185259787386e-11
1.395080117072179982e-11
1.330009836255805946e-11
1.258382225029469408e-11
1.199438149933832628e-11
1.137517614845372903e-11
1.080921031188038065e-11
1.028014053348405889e-11
9.765663849955618219e-12
9.250439824833683193e-12
8.802345868640413299e-12
8.330602690962076810e-12
7.929701963489386317e-12
7.533689751574255001e-12
7.146668628589597418e-12
6.786190800002422415e-12
6.430037950683548415e-12
6.086838842922038535e-12
5.782214821620912081e-12
5.482465395837253890e-12
5.201104588657126666e-12
4.925134870624492869e-12
4.646443493036384195e-12
4.400884168157316112e-12
4.166219179730286779e-12
3.936109600236974773e-12
3.716273617282581336e-12
3.494550202420681057e-12
3.298124174321960368e-12
3.113169504312803660e-12
2.921347785620402707e-12
2.740219360326455558e-12
2.569422813772511328e-12
2.410030438175423900e-12
2.254774380954920683e-12
2.095464821996096027e-12
1.952680911315330988e-12
1.818258337717835691e-12
1.682436989042975303e-12
1.555165456682805220e-12
1.436567555518333716e-12
1.322960668110359399e-12
1.211339875221100667e-12
1.106842192958002242e-12
1.014038966755175798e-12
9.189525663317474814e-13
8.313315179988589357e-13
7.570042068830398589e-13
6.812930623776809384e-13
6.143849880607765593e-13
5.559679966984142640e-13
4.975102038860463348e-13
4.516393596670955950e-13
4.075065268055570685e-13
3.702545564701162419e-13
3.406431107089758351e-13
3.132167419050935916e-13
2.919689288386515923e-13
2.742067567534159870e-13
2.606829999597354499e-13
2.499144332770843216e-13
2.421405569448177641e-13
2.350283427121137686e-13
2.289804646884944902e-13
2.233583198884449645e-13
2.172367575040189472e-13
2.104403752498337626e-13
2.018320888682467039e-13
1.915848115187911568e-13
1.800653157200638037e-13
1.668010689629052200e-13
1.520507654423003758e-13
1.365699706750403284e-13
1.210833965119134444e-13
1.062375436044142613e-13
9.200806638840795885e-14
7.982430738596252477e-14
7.004870319371365769e-14
6.280503881723162169e-14
5.768255246465526193e-14
5.545483551939449568e-14
5.497966231025187585e-14
5.532756170237874672e-14
5.621125944817047371e-14
5.692048996205869239e-14
5.602465052765718846e-14
5.377312605834006281e-14
4.985920496238919422e-14
4.435193871130457523e-14
3.802018649810725731e-14
3.175681972621898813e-14
2.613446446721028872e-14
2.226996767524544272e-14
2.023843803827237679e-14
2.014777732569469919e-14
2.117730403341508502e-14
2.269313572038498244e-14
2.350305186064944437e-14
2.305310525169064377e-14
2.110326032725325695e-14
1.794331755294961827e-14
1.435367758953943047e-14
1.130156642806057305e-14
9.519533908536999449e-15
9.371089968445896484e-15
1.035386222080291069e-14
1.164822773047226890e-14
1.217379286792923266e-14
1.130819074586103016e-14
9.238855988007038712e-15
6.873624760934983768e-15
5.259984652743015190e-15
5.081952422364821221e-15
5.906416274948974227e-15
6.882530303258892654e-15
7.003311715502514146e-15
5.959796170454213714e-15
4.269744430811200487e-15
3.082035445627906771e-15
3.076972254098740981e-15
4.000807317261232031e-15
4.555670176326737133e-15
4.047363304142254731e-15
2.796145718302103384e-15
1.953842828569662351e-15
2.129359701108169325e-15
2.866174210804163052e-15
3.016897302699784810e-15
2.239929516585675680e-15
1.342418525359821053e-15
1.438667533634057973e-15
2.055235617822353656e-15
2.081597904725764462e-15
1.351453151168393646e-15
9.053644012736309000e-16
1.261793134245268143e-15
1.630560823101254462e-15
1.131957402986579693e-15
6.644643880696736864e-16
9.412417414820658868e-16
1.215175856754679003e-15
7.787897264267503300e-16
5.060866157657669271e-16
8.449731694569835760e-16
8.508451070387164495e-16
4.104556813130882698e-16
5.499569282582244346e-16
7.263141293225544649e-16
3.928309387557288992e-16
3.844873493766872215e-16
6.000448513549586319e-16
3.029731787431738290e-16
3.438937464625387201e-16
4.580875177511215117e-16
2.256300467638023853e-16
3.291958332031500001e-16
3.276837355570883449e-16
1.707716714478059421e-16
3.359850774853756641e-16
1.566738963877021084e-16
2.448345514474470484e-16
1.918888449793221157e-16
1.632102620270787211e-16
1.997630425517685387e-16
1.224902734535578500e-16
1.802877664553629020e-16
1.057598760228576854e-16
1.525877646389745414e-16
9.635995661689161165e-17
1.271612530899853493e-16
8.774665090088965071e-17
1.064528221176469525e-16
7.880340822878972303e-17
8.990869376749887410e-17
6.990721799589210937e-17
7.650947249677683130e-17
6.149898985231119717e-17
6.545074213470894556e-17
5.381694241666742782e-17
5.618437604061395278e-17
4.693876500607900405e-17
4.833869854565145599e-17
4.085314243443269990e-17
4.165066130583266038e-17
3.550708368430167724e-17
3.592427218366264272e-17
3.083151717752239288e-17
3.100697194078618660e-17
2.675404912681009337e-17
2.677611432889863368e-17
2.320498466695955562e-17
2.313087580609025813e-17
2.011994877487181445e-17
1.998711400497163239e-17
1.744081334171668872e-17
1.727389022330377210e-17
1.511579007603225637e-17
1.493098115849149293e-17
1.309912477606417514e-17
1.290701356987384571e-17
1.135061604310689914e-17
1.115801410801045570e-17
9.835073317821048794e-18
9.646250706262508269e-18
8.521773181171593225e-18
8.339288018377666951e-18
7.383943152408246068e-18
7.209205969365052330e-18
6.398286330747010555e-18
6.231946270788272976e-18
5.544551683107752036e-18
5.386761595097430978e-18
4.805150194283219258e-18
4.655748611545805614e-18
4.164814695724294821e-18
4.023450333768398648e-18
3.610300125287875778e-18
3.476516424920072812e-18
3.130120411488795336e-18
3.003412238350856663e-18
2.714318221314064864e-18
2.594169164012845172e-18
2.354263903171766344e-18
2.240170038865541915e-18
2.042480207337999078e-18
1.933964530757482421e-18
1.772489692355035518e-18
1.669110105811626882e-18
1.538681999829372305e-18
1.440034974794208022e-18
1.336198536887728753e-18
1.241919875519003297e-18
1.160832314304892890e-18
1.070596063624355017e-18
1.008941029809780468e-18
9.224572597478935152e-19
8.773716528978336777e-19
7.943836096262963703e-19
7.633950467244767340e-19
6.836760113928079033e-19
6.646492807658844573e-19
5.879993740543885115e-19
5.790905243844133629e-19
5.053335957034026985e-19
5.049505034214666468e-19
4.339312133248063218e-19
4.406996658803541473e-19
3.722808038955486067e-19
3.850153025724755140e-19
3.190753713937883684e-19
3.367539662511997835e-19
2.731850436141574787e-19
2.949276245946802062e-19
