# bin_4_2
3.598971425159937926e-08
-5.773573115653843539e-09
3.281917192099440425e-08
-6.225612165990630673e-09
3.002133650767078101e-08
-6.483933237931150071e-09
2.755970857091684222e-08
-6.571341474351151080e-09
2.540395190773431401e-08
-6.505505411871562963e-09
2.352938965990326215e-08
-6.299337127472542317e-09
2.191662031653602539e-08
-5.961260880577392272e-09
2.055124703552116294e-08
-5.495379390640471961e-09
1.942371328477557409e-08
-4.901539658795456435e-09
1.852924062175114495e-08
-4.175304976672194597e-09
1.786786307641197136e-08
-3.307833421778370980e-09
1.744455750306238270e-08
-2.285668119607358795e-09
1.726946346776052429e-08
-1.090440994062953669e-09
1.735819026665721153e-08
3.015033684116900898e-10
1.773220337949778081e-08
1.919557476620044767e-09
1.841928084887268059e-08
3.799361143500702913e-09
1.945402472769091619e-08
5.983355461642221052e-09
2.087840628316754841e-08
8.521353800100182447e-09
2.274231312860453587e-08
1.147109414972603945e-08
2.510405591959072786e-08
1.489872138940861943e-08
2.803077513623673862e-08
1.887913290146539763e-08
3.159867056604642769e-08
2.349609788811992338e-08
3.589295333560538317e-08
2.884203888115027631e-08
4.100739369689140824e-08
3.501733413706958708e-08
4.704331105252881736e-08
4.212897389146083209e-08
5.410782366780159320e-08
5.028837446507639019e-08
6.231115116807118881e-08
5.960813464966295123e-08
7.176274777736365440e-08
7.019750962608449228e-08
8.256604523160966236e-08
8.215639267639747561e-08
9.481161433729146265e-08
9.556764314395859748e-08
1.085686270765007016e-07
1.104877009358364507e-07
1.238746341846996220e-07
1.269355975890851169e-07
1.407238871412371824e-07
1.448807369380797319e-07
1.590547477829204934e-07
1.642301870827488181e-07
1.787371556012730882e-07
1.848167118407302449e-07
1.995616655188229529e-07
2.063893609374519326e-07
2.212321982319734281e-07
2.286090911261804782e-07
2.433652975271383827e-07
2.510525088238886258e-07
2.654992334766416509e-07
2.732272449731711090e-07
2.871165218464160679e-07
2.946024409938614115e-07
3.076830526753942868e-07
3.146570083966994493e-07
3.267056637452908792e-07
3.329463270777944083e-07
3.438072661388834278e-07
3.491845102612238581e-07
3.588142347303293578e-07
3.633341115680366480e-07
3.718447295312598868e-07
3.756884570236819946e-07
3.833795320952904444e-07
3.869247009609070798e-07
3.942904323430191187e-07
3.981003891219394781e-07
4.057979761655148543e-07
4.105661779210724731e-07
4.193344399997890319e-07
4.257767264821029106e-07
4.363036093024821606e-07
4.450046182293284504e-07
4.577592469946240529e-07
4.689996015274153475e-07
4.840674067619439148e-07
4.976820600323517370e-07
5.146638325225807965e-07
5.299997849793466588e-07
5.480451046724811770e-07
5.640838902516575470e-07
5.821099941372238314e-07
5.977809015982839174e-07
6.148666080717082510e-07
6.294937163655331913e-07
6.453378902456669801e-07
6.590553522580288946e-07
6.742860225974084804e-07
6.881765135103299018e-07
7.042630887955325098e-07
7.200091058110919455e-07
7.386521112239284539e-07
7.577081536843486199e-07
7.798886347937320214e-07
8.025503296346342200e-07
8.277948514580959559e-07
8.528420144072188771e-07
8.793933382735958510e-07
9.048596914753248285e-07
9.309971968543684162e-07
9.558478836986609086e-07
9.815893263052942659e-07
1.007022847654235151e-06
1.034604780760121002e-06
1.063419158804605165e-06
1.095516198219671673e-06
1.129498875943803277e-06
1.166451310508973793e-06
1.204331134519996196e-06
1.243667036286750841e-06
1.282673462653473315e-06
1.322492747762094910e-06
1.362560287650957660e-06
1.404968106697247690e-06
1.449773561630512894e-06
1.498626043912778651e-06
1.550532208488048066e-06
1.605595690704155178e-06
1.661915189570792488e-06
1.719611245763200661e-06
1.778155087114062517e-06
1.839415685474350898e-06
1.904168179797969618e-06
1.973914852917201947e-06
2.047697602698049469e-06
2.124811418496015388e-06
2.203526632458590623e-06
2.284397220411884350e-06
2.368343222717879195e-06
2.457534961844758512e-06
2.551995838247108123e-06
2.650880309952890401e-06
2.752059824288687713e-06
2.855618315234011777e-06
2.962839116026333245e-06
3.075809612285442037e-06
3.193883722520835118e-06
3.315137679877154944e-06
3.437937697160142163e-06
3.563851787592715544e-06
3.694614371155755695e-06
3.829796612988384265e-06
3.966329663774046834e-06
4.103461285772032238e-06
4.243068035954947766e-06
4.386162843136672610e-06
4.529648064636274716e-06
4.671474334300113454e-06
4.813314257061876269e-06
4.956325998892518570e-06
5.096907014033434606e-06
5.233327452885958763e-06
5.367946037046443576e-06
5.500285508383292611e-06
5.626169714405606447e-06
5.746845776988904834e-06
5.863994486483898702e-06
5.973860786220784582e-06
6.076202461946759941e-06
6.174190791137676157e-06
6.264133203395739023e-06
6.346614047920362457e-06
6.424653694392867043e-06
6.494888925207854068e-06
6.559780300107713338e-06
6.621190857297668127e-06
6.676226646365026324e-06
6.730382286200986817e-06
6.780700646163540201e-06
6.830338906666471732e-06
6.879836209344609559e-06
6.928726035418434212e-06
6.979862720528228540e-06
7.030874624913244828e-06
7.084748515575188763e-06
7.138664086148163319e-06
7.194657408226857015e-06
7.250016787051242162e-06
7.305777004747917825e-06
7.359530378042187627e-06
7.411760223964959566e-06
7.460582377752268708e-06
7.506504065574850628e-06
7.548420254413610006e-06
7.587296853164032687e-06
7.622903311027551593e-06
7.656740366801834417e-06
7.689191979032680886e-06
7.721923140390768702e-06
7.755318246296528031e-06
7.790563198639807304e-06
7.827379563048470076e-06
7.866005388091559401e-06
7.905284249081801650e-06
7.944683135260172791e-06
7.982709109201053158e-06
8.018922334701559609e-06
8.052479079528108532e-06
8.083920897746970093e-06
8.113563239172217757e-06
8.142876887992887903e-06
8.172645062635525105e-06
8.204082658253957763e-06
8.237080346611253646e-06
8.271525245401972523e-06
8.306057275551727721e-06
8.339832564353260317e-06
8.371671462085335033e-06
8.401774646031615827e-06
8.430515301111984032e-06
8.459422871643532767e-06
8.489337238555199559e-06
8.521042633943567800e-06
8.553761551265707592e-06
8.586603467200159878e-06
8.618080716034677157e-06
8.648044490239962173e-06
8.676858468342482099e-06
8.706131084467688455e-06
8.736655817867738518e-06
8.768699876039944780e-06
8.800883070036862540e-06
8.832152047400153736e-06
8.861859884252510237e-06
8.891204014885351921e-06
8.921335123437475645e-06
8.953008522471923430e-06
8.985025998323835966e-06
9.016241893061087585e-06
9.046137351960261086e-06
9.076159399005431409e-06
9.107288644417794684e-06
9.139436680840215364e-06
9.170898479998099400e-06
9.201348393099892286e-06
9.231740646022035046e-06
9.263480728453681737e-06
9.295643537030513781e-06
9.327017113708418916e-06
9.357634530543445001e-06
9.389226253243002822e-06
9.421533514697090058e-06
9.453282237709017847e-06
9.484291814517524567e-06
9.516295188344647292e-06
9.548789141887734842e-06
9.580544303418133041e-06
9.612069973402369527e-06
9.644750591266035674e-06
9.677062824175190864e-06
9.708787905354843883e-06
9.741275245151037943e-06
9.774063069212277378e-06
9.805916591317712891e-06
9.838630216283582864e-06
9.871476326602790304e-06
9.903726667499727419e-06
9.936594830456879366e-06
9.969450954048522889e-06
1.000187618248891092e-05
1.003516263806043185e-05
1.006768145322304890e-05
1.010073828051728860e-05
1.013364028769918756e-05
1.016658285134976017e-05
1.019954720444014294e-05
1.023244941359283164e-05
1.026553246095962377e-05
1.029834354995139634e-05
1.033148993340234140e-05
1.036416278890038747e-05
1.039720253059110091e-05
1.042993015959100422e-05
1.046266757350148396e-05
1.049535290742551873e-05
1.052789472039135881e-05
1.056033618189137871e-05
1.059273514287388562e-05
1.062482499508614541e-05
1.065690681887964154e-05
1.068871028289709055e-05
1.072028095540851397e-05
1.075171393549497234e-05
1.078280804751628309e-05
1.081366866960850346e-05
1.084422264093171363e-05
1.087434704628853838e-05
1.090420353721404115e-05
1.093360330665335690e-05
1.096256347971610289e-05
1.099112059275735656e-05
1.101908510576010508e-05
1.104655705934725261e-05
1.107343931372275493e-05
1.109963396395704819e-05
1.112520536937598957e-05
1.115002773556970874e-05
1.117406582394015542e-05
1.119731549400128666e-05
1.121963993294410771e-05
1.124108827099839673e-05
1.126153842741098657e-05
1.128092160012088289e-05
1.129923100174869610e-05
1.131637129237876288e-05
1.133230115122060672e-05
1.134698817963970676e-05
1.136029813268925432e-05
1.137224634547114601e-05
1.138271932973819896e-05
1.139166495697308845e-05
1.139905421618800721e-05
1.140479907210957692e-05
1.140884052548150126e-05
1.141113857906223508e-05
1.141159302263171932e-05
1.141022510524418387e-05
1.140694068737863294e-05
1.140172002587017785e-05
1.139452309512611510e-05
1.138529738225036949e-05
1.137400020604940740e-05
1.136061659602606805e-05
1.134507946641633265e-05
1.132740583357604810e-05
1.130752573116390003e-05
1.128543650784584113e-05
1.126109865968726132e-05
1.123447776147680149e-05
1.120555100928507441e-05
1.117432017985162761e-05
1.114073281374571704e-05
1.110480923708412426e-05
1.106650566843842051e-05
1.102582382612633940e-05
1.098274528467803150e-05
1.093728591403739208e-05
1.088943039553589881e-05
1.083919708603686979e-05
1.078656486114462547e-05
1.073156684473879515e-05
1.067418748562861664e-05
1.061446946686764694e-05
1.055241244208650917e-05
1.048804881436016735e-05
1.042139986604500881e-05
1.035250579790981518e-05
1.028136680275432180e-05
1.020804240081345571e-05
1.013256670074612601e-05
1.005499851554879952e-05
9.975355592936112101e-06
9.893690626833172432e-06
9.810036662558142511e-06
9.724470299335264710e-06
9.637037081445294916e-06
9.547805214173423166e-06
9.456811038590266181e-06
9.364148236239550987e-06
9.269864428622953022e-06
9.174031996975870240e-06
9.076713002279685412e-06
8.978002634114080386e-06
8.877953410180434681e-06
8.776647635457491880e-06
8.674146639826849824e-06
8.570545198691623779e-06
8.465903664810049234e-06
8.360315597963572780e-06
8.253848008551395733e-06
8.146598731830989945e-06
8.038641647843109049e-06
7.930057812048739503e-06
7.820920090282685154e-06
7.711320798569640275e-06
7.601323438163441008e-06
7.491021135803083850e-06
7.380481371075148102e-06
7.269795858013949208e-06
7.159035559791936324e-06
7.048278619338687368e-06
6.937595637656072361e-06
6.827062066234656574e-06
6.716740818828012022e-06
6.606718044953214047e-06
6.497053615131167285e-06
6.387824401387889379e-06
6.279088358207554477e-06
6.170915882951758706e-06
6.063358202307466225e-06
5.956489241738688006e-06
5.850358566739397689e-06
5.745031099808851557e-06
5.640548673523566620e-06
5.536970205206629358e-06
5.434339750669530617e-06
5.332716356757225676e-06
5.232136973730742553e-06
5.132643862105798512e-06
5.034267943776972831e-06
4.937053763445703455e-06
4.841033005243113789e-06
4.746237233312434286e-06
4.652684293043703543e-06
4.560409551309946313e-06
4.469430329024541240e-06
4.379765855746939377e-06
4.291421348141440998e-06
4.204421459642446488e-06
4.118780415688418467e-06
4.034510435835595385e-06
3.951619488129310551e-06
3.870127473286381454e-06
3.790036137897399894e-06
3.711360861534540425e-06
3.634100624335451944e-06
3.558264787725107790e-06
3.483871827309928281e-06
3.410927986698507742e-06
3.339425479405950649e-06
3.269371242535708169e-06
3.200745310158531479e-06
3.133547596842403078e-06
3.067747786830128492e-06
3.003322081412262854e-06
2.940276207088905657e-06
2.878577295060156035e-06
2.818204522931952304e-06
2.759155134591804420e-06
2.701398307170678816e-06
2.644958136201246402e-06
2.589802207993719388e-06
2.535920671446191398e-06
2.483343771158382954e-06
2.432028163570822657e-06
2.381952138719527004e-06
2.333087721644260864e-06
2.285369651300401387e-06
2.238812246116402883e-06
2.193346807219591909e-06
2.148937948794003065e-06
2.105624285384225696e-06
2.063358351207996374e-06
2.022146608865896546e-06
1.981968725221783070e-06
1.942762414699834380e-06
1.904557904893264134e-06
1.867261734532554598e-06
1.830828002853477222e-06
1.795297593540617554e-06
1.760607740755829358e-06
1.726783823389368981e-06
1.693802204585040721e-06
1.661600446110059470e-06
1.630235232202161758e-06
1.599608888200184542e-06
1.569691364221202860e-06
1.540531251368732794e-06
1.512038863550332272e-06
1.484239496384210366e-06
1.457084496177760530e-06
1.430503313359744374e-06
1.404582579438681414e-06
1.379224445164086709e-06
1.354403938072563191e-06
1.330153348171429044e-06
1.306379385923434652e-06
1.283154991201731218e-06
1.260452425477941884e-06
1.238192503508774442e-06
1.216440083022207022e-06
1.195086944838016144e-06
1.174161829740613042e-06
1.153709264261558271e-06
1.133600954712547520e-06
1.113869616663441247e-06
1.094496893481706703e-06
1.075462809226038572e-06
1.056847670483317326e-06
1.038511721437862825e-06
1.020490753179868326e-06
1.002830530431465617e-06
9.854173823637416479e-07
9.682995312224831574e-07
9.514494864880408509e-07
9.348276576379573545e-07
9.185163570485340503e-07
9.024170728432509681e-07
8.865503198776147543e-07
8.709205729846935654e-07
8.554473150758136854e-07
8.401922995622961878e-07
8.251317729517530069e-07
8.102376850193227285e-07
7.955774895361564283e-07
7.810981643155782546e-07
7.668141147113225626e-07
7.527409299309512915e-07
7.388585679772262289e-07
7.252342524380442618e-07
7.118435943202399312e-07
6.986550128126273644e-07
6.857283061205222362e-07
6.729762787206215183e-07
6.604046773213353782e-07
6.479733408955062513e-07
6.356095014666068942e-07
6.233570038236625925e-07
6.111521422314699685e-07
5.989467932846028717e-07
5.867865726616928554e-07
5.746259924465285827e-07
5.625418766374289096e-07
5.505176389443869872e-07
5.385157860870132536e-07
5.266221363132199785e-07
5.148460986828943350e-07
5.031887341909227166e-07
4.916799919202632203e-07
4.803009631780632451e-07
4.691253314916226573e-07
4.581391482179645312e-07
4.473152511639652394e-07
4.367125138401178311e-07
4.263135456164955191e-07
4.161122626601239951e-07
4.061185959150555412e-07
3.963166678196177970e-07
3.867341273259268015e-07
3.773294640794890848e-07
3.681080207153504487e-07
3.590938851198532883e-07
3.502316220500620172e-07
3.415477370201934055e-07
3.330378889696082876e-07
3.246672411026318113e-07
3.164648725027618660e-07
3.084053611133025685e-07
3.004807928568052349e-07
2.927074300158687651e-07
2.850574589410315583e-07
2.775434955270222667e-07
2.701594563323238118e-07
2.628967319559338608e-07
2.557616279117324284e-07
2.487482463828189665e-07
2.418544940514695418e-07
2.350824604772950335e-07
2.284256995105045108e-07
2.218851626600789156e-07
2.154636403662143976e-07
2.091564118872988610e-07
2.029651952479710499e-07
1.968877398660138856e-07
1.909260947574318387e-07
1.850784165309424445e-07
1.793447561516107553e-07
1.737266867386734023e-07
1.682236228043719906e-07
1.628339301182106194e-07
1.575569576806650509e-07
1.523955924904165247e-07
1.473502158002361950e-07
1.424153608759789258e-07
1.375969948129263080e-07
1.328903871289954368e-07
1.282970460293149720e-07
1.238206895621496854e-07
1.194536564255291050e-07
1.151973403179419545e-07
1.110584672239977712e-07
1.070278317208944481e-07
1.031088132658240821e-07
9.929840469179931335e-08
9.559653400258667583e-08
9.200341980122576737e-08
8.851057537994338932e-08
8.512513701469247162e-08
8.183838043399753693e-08
7.864869203861108315e-08
7.555967560209866189e-08
7.256550041908213920e-08
6.966579397340398977e-08
6.686430698218550512e-08
6.415287142619687038e-08
6.153348715329987966e-08
5.900828064311743281e-08
5.656224777655141827e-08
5.420463036547194859e-08
5.192487779333681616e-08
4.972201997544299937e-08
4.760148601382527172e-08
4.555582637233469826e-08
4.359061341317085499e-08
4.170098642381552869e-08
3.988655225292984276e-08
3.814122526611032219e-08
3.646032972179111813e-08
3.484493766567825178e-08
3.328981670659629731e-08
3.179727250012811303e-08
3.036412343225301227e-08
2.898700149178749502e-08
2.766410719929059322e-08
2.639431888773436277e-08
2.517710284243011445e-08
2.401027594158813140e-08
2.289457300836635989e-08
2.182445870752845502e-08
2.080293377696294696e-08
1.982873178282767981e-08
1.889497379324694682e-08
1.800345457037416419e-08
1.714555922226582133e-08
1.632192296331553653e-08
1.553560160526571565e-08
1.478492369316249217e-08
1.406905700463660385e-08
1.338500694955768186e-08
1.273485001399377644e-08
1.211683448816839275e-08
1.152693141532542259e-08
1.096053708973974203e-08
1.041670306972798998e-08
9.900687023889776735e-09
9.404867181308435804e-09
8.934139970434585386e-09
8.492055755806833983e-09
8.069136914710570043e-09
7.667268007062265739e-09
7.281924174837829280e-09
6.910082788113772197e-09
6.558386438213557052e-09
6.223907834545328429e-09
5.910110028413126274e-09
5.613666403460105811e-09
5.326775752580501563e-09
5.051334682870686818e-09
4.789707332625285866e-09
4.543338028015420272e-09
4.313400771033553419e-09
4.094168415887763950e-09
3.882324638111080835e-09
3.678378809846982073e-09
3.485958606513545840e-09
3.308879795118499279e-09
3.140034304038997704e-09
2.974998688869123252e-09
2.817653999418945860e-09
2.671093803443079844e-09
2.535455644908018951e-09
2.402545016283448852e-09
2.272669707176864335e-09
2.154576670787896639e-09
2.044484896970186584e-09
1.936493070046284505e-09
1.832467014149737347e-09
1.736872950264079819e-09
1.647667927979674881e-09
1.559151888691351757e-09
1.475540617057725308e-09
1.400561600497949146e-09
1.324949397041008763e-09
1.253304370856448984e-09
1.189709248078986546e-09
1.125584349192151525e-09
1.065689887285590684e-09
1.011505310419882616e-09
9.564177162959084493e-10
9.068523659808878469e-10
8.599617494777063072e-10
8.128104450547393239e-10
7.710372820488369780e-10
7.286710231926090623e-10
6.902764572195577583e-10
6.538727084664354884e-10
6.179646637089135481e-10
5.868861907856169709e-10
5.552889440246461182e-10
5.266038975439780528e-10
4.990901107295955867e-10
4.722087907652635101e-10
4.472485701052228234e-10
4.239333123416633354e-10
4.006956430662229637e-10
3.801123579073784387e-10
3.595526632266725175e-10
3.405352858444859869e-10
3.227505275802780539e-10
3.054737754729106795e-10
2.901781387818704739e-10
2.753907153136446554e-10
2.603064267254304652e-10
2.466412764259657820e-10
2.329099656915273600e-10
2.207464723748925153e-10
2.097725492453072166e-10
1.986045525151949514e-10
1.885907198940113258e-10
1.785978853410843806e-10
1.688018989142803513e-10
1.602904928349709182e-10
1.515115048243074179e-10
1.437389973168310306e-10
1.367097609892295881e-10
1.294735211003498328e-10
1.227542960281600337e-10
1.158699524449661274e-10
1.096915033369284541e-10
1.047002549594756168e-10
9.921170993341292110e-11
9.397084185209569372e-11
8.907018280672813002e-11
8.413661727754666236e-11
8.007045115582760195e-11
7.616898093023369388e-11
7.210130294369292174e-11
6.819825162266640945e-11
6.467172131237094141e-11
6.170872446482691982e-11
5.845650991217611399e-11
5.510568872962841410e-11
5.244596427064371274e-11
4.991196633838940024e-11
4.735523962167697583e-11
4.471988082186769316e-11
4.247222808188660572e-11
4.052184838254020780e-11
3.832916070974219906e-11
3.627788686124768816e-11
3.465927592818359945e-11
3.280231484996359373e-11
3.099921389813011114e-11
2.968671056975618702e-11
2.803539345881133077e-11
2.656731346207147338e-11
2.535373990015375110e-11
2.396822470435304617e-11
2.278367646680575952e-11
2.168467276309104833e-11
2.048197884207858572e-11
1.959234923376238095e-11
1.851994731877946178e-11
1.760562025287557506e-11
1.676044311942985159e-11
1.585214601450976271e-11
1.510579070143421163e-11
1.429584265361594342e-11
1.361614500135288442e-11
1.291443619068496794e-11
1.226524953452203166e-11
1.166440633522005060e-11
1.107727196821720788e-11
1.049318040347630544e-11
9.979916770567742020e-12
9.446636073163434049e-12
8.987315173682591847e-12
8.537518839396298520e-12
8.095452380125872619e-12
7.686872304398617378e-12
7.282461631026692318e-12
6.894826728622358948e-12
6.546339744334171878e-12
6.207308717969990089e-12
5.886272271169607918e-12
5.573680769939748632e-12
5.258714653869971134e-12
4.981676307820476631e-12
4.713951284849680257e-12
4.453822851241093762e-12
4.204038046074411256e-12
3.954484474950393081e-12
3.730114334317565397e-12
3.521054554043160311e-12
3.303463047811124079e-12
3.098946594295851246e-12
2.904848431230825596e-12
2.724358711269738051e-12
2.547958138562491803e-12
2.369569554954292167e-12
2.207445839366921470e-12
2.055819499916563944e-12
1.902443156501790188e-12
1.759398902939890094e-12
1.624620195524608678e-12
1.496773817208571421e-12
1.369826306119491174e-12
1.252475237763298504e-12
1.146267905516283047e-12
1.039613801085642063e-12
9.405770111398833462e-13
8.566274414409843846e-13
7.711964314630204601e-13
6.962932182403707075e-13
6.296374050633281757e-13
5.644663469705023320e-13
5.116297417279634201e-13
4.619456814103673154e-13
4.194052243399421802e-13
3.859481344402561591e-13
3.549213803598054872e-13
3.314616602540870360e-13
3.111320472791541952e-13
2.961381337265105156e-13
2.831867486769751680e-13
2.741764957219897900e-13
2.657257316586579483e-13
2.591195536979462222e-13
2.528008361577349409e-13
2.462525117623533808e-13
2.381319641220721391e-13
2.283809120455159562e-13
2.162273386938652054e-13
2.033997019794028921e-13
1.885253102505611856e-13
1.723022496055917559e-13
1.545951480695743085e-13
1.370243750685942521e-13
1.198791269577883453e-13
1.043092631083553586e-13
9.056204092175276027e-14
7.963889242152314151e-14
7.101505927120026569e-14
6.531858510626501846e-14
6.288209153694013310e-14
6.258858321958469401e-14
6.256462448102040830e-14
6.352351310553191441e-14
6.428382624793607703e-14
6.362743724413276346e-14
6.075773510078111625e-14
5.622630430898196098e-14
5.010974901198846589e-14
4.322647200878843442e-14
3.582500779773803279e-14
2.961708234688766054e-14
2.530588603793795923e-14
2.302950647652390455e-14
2.270680443806334302e-14
2.411553854027748425e-14
2.564539585864726972e-14
2.652592733526687833e-14
2.608684347166451018e-14
2.391923376434984498e-14
2.018003060729202171e-14
1.636296364780746256e-14
1.275050962136292510e-14
1.083358362415475660e-14
1.062012273647475396e-14
1.173843771941282510e-14
1.316871058830527991e-14
1.376794526888580189e-14
1.276273914065674539e-14
1.048094216737386378e-14
7.754685721507900299e-15
6.013859024781465456e-15
5.725267939245058950e-15
6.722139783113279843e-15
7.753059778092258077e-15
7.948507206878825252e-15
6.708580564132464161e-15
4.861427193633835996e-15
3.474589794691372331e-15
3.520529477597013061e-15
4.501207719434856147e-15
5.172390018279732224e-15
4.550000972584786377e-15
3.193820875681739253e-15
2.194498066576271111e-15
2.437307632107165995e-15
3.221726963668460523e-15
3.427382994366847561e-15
2.515107696487027637e-15
1.545869976221101477e-15
1.612665471679575645e-15
2.340782333250919574e-15
2.336485184885465983e-15
1.547079477453954171e-15
1.012506971952393183e-15
1.444698257244153777e-15
1.827084043284236762e-15
1.295490579011406188e-15
7.413762150573031718e-16
1.079598608988897537e-15
1.359486905898336748e-15
8.946807715600365692e-16
5.633734625416709753e-16
9.668890115319041774e-16
9.504070193110100092e-16
4.776783719434140615e-16
6.117130674937191626e-16
8.315638247131610524e-16
4.350303393242172555e-16
4.461237256236626434e-16
6.681962079984527908e-16
3.530727015528525200e-16
3.806953825282413649e-16
5.262889855534439102e-16
2.478356983898778334e-16
3.806942457661477797e-16
3.625143203914137094e-16
2.019166456289452638e-16
3.719954559991026015e-16
1.852819565386915053e-16
2.697947990185831427e-16
2.241194295253976977e-16
1.782860160976459487e-16
2.323273366914969578e-16
1.327183318235959692e-16
2.098776235132594694e-16
1.140999958428181738e-16
1.782389696666084993e-16
1.037205065072485714e-16
1.491965150912606310e-16
9.422791304567657074e-17
1.254919722277409128e-16
8.436579095822498755e-17
1.065000145750238939e-16
7.455564374290357300e-17
9.107260195830741546e-17
6.529123693245357401e-17
7.830337120231706322e-17
5.683904807843196447e-17
6.757405179852002563e-17
4.928552815004160031e-17
5.846479859039728318e-17
4.261736972708485097e-17
5.067800487914428463e-17
3.677461910222666966e-17
4.399159388832512399e-17
3.167939107254433071e-17
3.823246603432429496e-17
2.725017372079975752e-17
3.326129400855520596e-17
2.340857151179037484e-17
2.896341742229826801e-17
2.008223316402122917e-17
2.524305101220876437e-17
1.720587989974860025e-17
2.201936356865885113e-17
1.472139892676660151e-17
1.922366956945495553e-17
1.257749109620794071e-17
1.679732208792917057e-17
1.072912269995900931e-17
1.469007333467050834e-17
9.136910497363360080e-18
1.285876393409962189e-17
7.766505706000810898e-18
1.126625372017092021e-17
6.588009839314277959e-18
9.880536745515101664e-18
5.575437065573502734e-18
8.674000779442682769e-18
4.706228564799001124e-18
7.622802997753226372e-18
3.960818833319174729e-18
6.706340398690683619e-18
3.322251617490806810e-18
5.906798753150791601e-18
2.775841508510432180e-18
5.208767113592893004e-18
2.308877138223745357e-18
4.598907541570263043e-18
1.910361495919163775e-18
4.065671602460442854e-18
1.570785300290255597e-18
3.599056657157991998e-18
1.281929529246932874e-18
3.190396080752259260e-18
1.036693632848871216e-18
2.832178543311805125e-18
8.289462082244974109e-19
2.517892220806021117e-18
6.533953664650594224e-19
2.241890403254830441e-18
5.054762572689423129e-19
1.999275535385842187e-18
3.812536002661676574e-19
1.785799126438911188e-18
2.773372262048722868e-19
1.597775356314292729e-18
1.908090243238483403e-19
1.432006524949704127e-18
1.191597465990730051e-19
1.285718698730803022e-18
6.023446295748462771e-20
1.156506249977170798e-18
1.218548868228235030e-20
1.042284048710132069e-18
-2.656810754817563910e-20
9.412463672545907115e-19
-5.737530428700657403e-20
8.518315618114171287e-19
-8.138289273250409664e-20
7.726918726051542214e-19
-9.956087655869312297e-20
