# bin_4_4
4.055953233833544928e-08
3.473262492458315625e-09
3.808613730226559489e-08
3.405500656196488630e-09
3.619729804323114434e-08
3.785513978765040064e-09
3.488641236769238126e-08
4.622580331215467461e-09
3.416096521059204721e-08
5.939687758239576994e-09
3.404322521262582165e-08
7.774471916038731523e-09
3.457130405252677288e-08
1.018051963302635496e-08
3.580059897833372967e-08
1.322905931294324039e-08
3.780564046839275454e-08
1.701106486117667675e-08
4.068237119897521501e-08
2.163979978476763405e-08
4.455087955806507402e-08
2.725382151825613228e-08
4.955861149076366241e-08
3.402046865651772090e-08
5.588406882437283184e-08
4.213983459494926400e-08
6.374099773726390003e-08
5.184921700905158891e-08
7.338303857613179454e-08
6.342800692951011947e-08
8.510878598937625064e-08
7.720293857046727330e-08
9.926715455743263493e-08
9.355357254463312022e-08
1.162628885115311288e-07
1.129178090940819754e-07
1.365619700608832187e-07
1.357971380242425653e-07
1.606965744857269038e-07
1.627612108755127409e-07
1.892690894102431009e-07
1.944511738538423684e-07
2.229545490484887771e-07
2.315810217333648689e-07
2.625006455834519495e-07
2.749360255570172098e-07
3.087242558496712472e-07
3.253670564747077261e-07
3.625031858326872627e-07
3.837793868503081149e-07
4.247615956476069960e-07
4.511143206412146562e-07
4.964473585941346114e-07
5.283218272750229874e-07
5.784994761225972761e-07
6.163222828815624261e-07
6.718036807170407882e-07
7.159555410594525922e-07
7.771346126163295735e-07
8.279159709254854140e-07
8.950835680042319001e-07
9.526729503531516740e-07
1.025971947384956559e-06
1.090377751219825426e-06
1.169752338956303916e-06
1.240759965472434936e-06
1.325901829220885703e-06
1.403019747428556857e-06
1.493315750092259592e-06
1.575726260613745013e-06
1.670214653954795036e-06
1.756737716997122176e-06
1.854082639060051652e-06
1.943163918203873699e-06
2.041660658518742972e-06
2.131397439106271892e-06
2.229023050235140300e-06
2.317243137942676639e-06
2.411767476146230609e-06
2.496175405664791648e-06
2.585345252058103371e-06
2.663745636585990481e-06
2.745547552519167171e-06
2.816145491628392545e-06
2.889139863376360748e-06
2.950901565898203531e-06
3.014599849072933868e-06
3.067632607092318843e-06
3.122862609466676178e-06
3.168743772788025041e-06
3.217917353670982534e-06
3.259872457977665597e-06
3.307044096746411925e-06
3.349855244871699566e-06
3.400451710858094610e-06
3.449984421060491417e-06
3.510113025712671702e-06
3.572401844576792809e-06
3.647725706966473170e-06
3.727671312159261697e-06
3.821984228715309967e-06
3.921887459990140880e-06
4.035714506196597258e-06
4.154073819414980674e-06
4.283812783155311815e-06
4.414962472046151758e-06
4.553162264702467501e-06
4.688304782869764191e-06
4.825512757935837799e-06
4.955364517972931641e-06
5.083454293559222815e-06
5.202022523163203751e-06
5.318066169406404238e-06
5.426154702766086280e-06
5.535028202136124940e-06
5.641397195338904646e-06
5.755023473362697686e-06
5.873422901497286607e-06
6.005589941349819078e-06
6.147735707359798906e-06
6.306032758870234755e-06
6.473710122583830625e-06
6.653289206796327352e-06
6.835315187278635454e-06
7.020319729463649990e-06
7.199042628870915113e-06
7.373767537007634206e-06
7.539248199265794486e-06
7.702523361875493132e-06
7.863530889097203701e-06
8.032758818436976561e-06
8.211372932694582604e-06
8.407420444556738037e-06
8.616902798576908865e-06
8.840600782568460946e-06
9.068031262856483660e-06
9.296107659557957295e-06
9.515566847449273598e-06
9.729279523120422366e-06
9.937426105909498311e-06
1.015160967096515091e-05
1.037643896966372114e-05
1.062039750566910748e-05
1.087841745163745306e-05
1.114647034693810225e-05
1.141108129400418351e-05
1.166889828676904082e-05
1.191740921468430203e-05
1.216856245002038872e-05
1.243028829758379673e-05
1.271189978409927169e-05
1.300612346813060388e-05
1.330404505963609135e-05
1.359141345159207242e-05
1.387044505073264194e-05
1.414896851986865539e-05
1.444337523642837931e-05
1.475364463180925050e-05
1.507116274077842217e-05
1.537755233195125520e-05
1.567266576630606308e-05
1.596701054441175701e-05
1.627807179075355736e-05
1.660015303734138531e-05
1.691753791980685673e-05
1.721645542955735047e-05
1.751161950526085746e-05
1.781821038075001283e-05
1.813498557063038645e-05
1.843701776887796904e-05
1.872135759629678080e-05
1.900561541249814790e-05
1.930284383078115839e-05
1.958923201696558843e-05
1.985292581708053003e-05
2.011116324614054449e-05
2.038013467685302816e-05
2.063290492099076968e-05
2.086184507748502614e-05
2.109070486532438874e-05
2.132270004721311673e-05
2.152601998992968453e-05
2.171820113282176695e-05
2.191624581410449917e-05
2.209442308466148111e-05
2.225204774245836966e-05
2.242047646215023342e-05
2.256779599504366807e-05
2.270133389800995746e-05
2.284356794042109002e-05
2.296595168610710846e-05
2.308365652079005261e-05
2.321003315118736813e-05
2.331271054861779380e-05
2.343406458848184030e-05
2.353992082613453983e-05
2.365233015226164573e-05
2.376690206773679099e-05
2.387607314815541655e-05
2.399692885973519953e-05
2.410847522237291111e-05
2.423224107892325404e-05
2.434722033019909876e-05
2.447080018686431752e-05
2.458660951271285190e-05
2.470666161175071333e-05
2.481928993241984968e-05
2.493265471348510477e-05
2.503880443966976716e-05
2.514379638983272493e-05
2.524251071738890835e-05
2.534005489173823052e-05
2.543336570155987043e-05
2.552700596421388234e-05
2.561909767537330287e-05
2.571344994012941779e-05
2.580841654593115462e-05
2.590660451351839774e-05
2.600588211849697037e-05
2.610749976920367482e-05
2.620878080568263597e-05
2.631014957135713474e-05
2.640909396884039332e-05
2.650627206370627365e-05
2.660027943137528866e-05
2.669278919116848832e-05
2.678370825019576622e-05
2.687536412565990769e-05
2.696794603653869971e-05
2.706307907006454710e-05
2.715985101497954041e-05
2.725833084311404255e-05
2.735648680771750281e-05
2.745383499361860662e-05
2.754893058705364841e-05
2.764258297247015739e-05
2.773508976272063078e-05
2.782844306761852196e-05
2.792316078677536676e-05
2.802010115447510182e-05
2.811797908290602637e-05
2.821596607129570427e-05
2.831236809187808999e-05
2.840743063007251243e-05
2.850158171031789902e-05
2.859676291196563893e-05
2.869356783256238775e-05
2.879222737751067099e-05
2.889102998344235285e-05
2.898901397545368118e-05
2.908553908958596326e-05
2.918208067971429228e-05
2.927970806192514773e-05
2.937911433051902172e-05
2.947881160833487141e-05
2.957770396302664663e-05
2.967537151656508035e-05
2.977354206947532660e-05
2.987315554045462100e-05
2.997402287859511757e-05
3.007425353533095091e-05
3.017363254520055881e-05
3.027319393877317245e-05
3.037434719277515115e-05
3.047594007298376733e-05
3.057672680084432801e-05
3.067687192360900658e-05
3.077828956170056092e-05
3.088063122273787282e-05
3.098252034986323695e-05
3.108377128714248465e-05
3.118613834235561306e-05
3.128893835027142235e-05
3.139087058519384935e-05
3.149260624888079783e-05
3.159565415068651815e-05
3.169837376103822621e-05
3.180052153285586289e-05
3.190347739284816260e-05
3.200659293901943539e-05
3.210851420497335817e-05
3.221123591018443385e-05
3.231405765837930120e-05
3.241604409939263803e-05
3.251838059837837761e-05
3.262037363915949804e-05
3.272153229560945966e-05
3.282333662773255945e-05
3.292411047831083113e-05
3.302488111061188881e-05
3.312497008482589436e-05
3.322443539228775358e-05
3.332321467138964541e-05
3.342139222015958697e-05
3.351887075438636710e-05
3.361520393781138369e-05
3.371103192353721488e-05
3.380526557475602644e-05
3.389879183445435566e-05
3.399061528516972904e-05
3.408117733841502462e-05
3.417040866158636175e-05
3.425784412525720909e-05
3.434348841372738967e-05
3.442734283909575701e-05
3.450880745916451572e-05
3.458822116130622982e-05
3.466513219561351988e-05
3.473942938304475233e-05
3.481101418418437439e-05
3.487953280719701950e-05
3.494495253524066862e-05
3.500706496762046125e-05
3.506553546186430537e-05
3.512037923297908803e-05
3.517121845686904869e-05
3.521793196948200049e-05
3.526028020705786512e-05
3.529803579107905758e-05
3.533115361487780765e-05
3.535947191232493008e-05
3.538263436786967043e-05
3.540059439633184372e-05
3.541310120953197423e-05
3.542001034352946890e-05
3.542121748287219098e-05
3.541646941502614470e-05
3.540573870391094496e-05
3.538877123995129789e-05
3.536546919377085588e-05
3.533571714878304583e-05
3.529926889768006442e-05
3.525607376395831623e-05
3.520609076148256629e-05
3.514914373463732953e-05
3.508524036419969505e-05
3.501421837712934804e-05
3.493603096145983527e-05
3.485068065117373590e-05
3.475807190272337384e-05
3.465818308403173970e-05
3.455094014246886574e-05
3.443624653673708398e-05
3.431413501111873696e-05
3.418461768039557055e-05
3.404770346194193779e-05
3.390339311296182380e-05
3.375169400218846989e-05
3.359270005253272700e-05
3.342642885507402645e-05
3.325284854095604591e-05
3.307201424830596981e-05
3.288401680722844589e-05
3.268889094462305953e-05
3.248672047845996020e-05
3.227766117164948285e-05
3.206182389871567369e-05
3.183932832291013718e-05
3.161028776529281332e-05
3.137483321193668985e-05
3.113305397795095578e-05
3.088514570848617015e-05
3.063127132995690729e-05
3.037158912276875442e-05
3.010625208473335636e-05
2.983538288673582409e-05
2.955917428560605084e-05
2.927787549709728177e-05
2.899169369008961392e-05
2.870087902419945431e-05
2.840559239157895678e-05
2.810600634234093696e-05
2.780233858121765089e-05
2.749483500624966877e-05
2.718373273075774574e-05
2.686923353010392548e-05
2.655157083645776425e-05
2.623101927128743322e-05
2.590784359510533215e-05
2.558221606375778021e-05
2.525431957423444500e-05
2.492441888917195953e-05
2.459278846886010555e-05
2.425966815960294538e-05
2.392528070833887266e-05
2.358988382139520413e-05
2.325370663107979711e-05
2.291693460064469378e-05
2.257980730782073060e-05
2.224260213673947458e-05
2.190549252544462416e-05
2.156865899635226975e-05
2.123234255824080595e-05
2.089676844208043601e-05
2.056216532572011495e-05
2.022876471035724237e-05
1.989668414558138732e-05
1.956609036939901166e-05
1.923720966358690937e-05
1.891021781157421733e-05
1.858530852536751496e-05
1.826261982524298970e-05
1.794233010353981131e-05
1.762460861838360208e-05
1.730955374138740582e-05
1.699731124205432594e-05
1.668803440421031236e-05
1.638187584964795286e-05
1.607891540311368324e-05
1.577928945602931129e-05
1.548311264677065214e-05
1.519046145757577311e-05
1.490142031369413128e-05
1.461611632367603875e-05
1.433460533093190523e-05
1.405696450555514427e-05
1.378328081673971948e-05
1.351359705373392259e-05
1.324795823160541070e-05
1.298642033322382321e-05
1.272902191699983589e-05
1.247583148227555391e-05
1.222683472830023693e-05
1.198207569763204439e-05
1.174159570906759826e-05
1.150539028865552930e-05
1.127343878563198643e-05
1.104575328615905112e-05
1.082238608218363764e-05
1.060328163104375407e-05
1.038842900983386584e-05
1.017784252985145086e-05
9.971490103173664987e-06
9.769357112449804430e-06
9.571362067902254518e-06
9.377463359071594790e-06
9.187734609982570720e-06
9.002069373548260217e-06
8.820419381224186086e-06
8.642792059298172287e-06
8.469054273353872133e-06
8.299236038626825300e-06
8.133228515924431116e-06
7.970928240003263772e-06
7.812436282507639605e-06
7.657578274780519608e-06
7.506301700892395215e-06
7.358604614880527334e-06
7.214319125466302999e-06
7.073503401293364004e-06
6.936004094875864240e-06
6.801681493296072027e-06
6.670678590097588341e-06
6.542765036821801604e-06
6.417914248139026918e-06
6.296096525119520318e-06
6.177111938273524314e-06
6.061072159055161955e-06
5.947782055047740321e-06
5.837094959703535840e-06
5.729185381836027811e-06
5.623779439735040693e-06
5.520886706049759588e-06
5.420452684048306200e-06
5.322265129188000535e-06
5.226496583481101851e-06
5.132908276433628745e-06
5.041362014430467418e-06
4.952052543978425435e-06
4.864686960880699447e-06
4.779316870478362412e-06
4.695865307253777686e-06
4.614117617967604975e-06
4.534303484471753600e-06
4.456153306813584911e-06
4.379550349693655352e-06
4.304700482628378487e-06
4.231288958700657619e-06
4.159424461835607367e-06
4.089008596309723944e-06
4.019833160412802399e-06
3.952169870486613027e-06
3.885725071133299178e-06
3.820430047503692513e-06
3.756477268126751354e-06
3.693548111220319635e-06
3.631799806914689321e-06
3.571127742163347807e-06
3.511327849752167655e-06
3.452696830069314965e-06
3.394937773163331252e-06
3.338028225374463373e-06
3.282132146538431129e-06
3.226950388223437767e-06
3.172674144932040265e-06
3.119191332650788153e-06
3.066325275773916291e-06
3.014368482402971383e-06
2.963034408250447452e-06
2.912354031540423604e-06
2.862441468415086781e-06
2.813052510630664422e-06
2.764383654808625881e-06
2.716328373934266805e-06
2.668748167090508739e-06
2.621912958556457488e-06
2.575568757913514887e-06
2.529788325342883393e-06
2.484648043763439477e-06
2.439960810427837472e-06
2.395918430813423896e-06
2.352413943041604977e-06
2.309336760015209328e-06
2.266891770534656785e-06
2.224830211567917243e-06
2.183200943244138871e-06
2.141997486078513577e-06
2.101028737216315948e-06
2.060421678211854662e-06
2.020037173476865775e-06
1.979781066365680865e-06
1.939809783810957454e-06
1.899943121082864225e-06
1.860284732391021423e-06
1.820874668729570036e-06
1.781646608644311599e-06
1.742791254285349836e-06
1.704268690199330847e-06
1.666095901773111406e-06
1.628444638793159830e-06
1.591221529385663595e-06
1.554548552826271159e-06
1.518456800093258055e-06
1.482902259555781369e-06
1.448017849221294979e-06
1.413745347750070941e-06
1.380086369410505759e-06
1.347122954615700233e-06
1.314749119407073100e-06
1.283016791423301820e-06
1.251901628773084651e-06
1.221341107563248953e-06
1.191393833512537635e-06
1.161992564076017370e-06
1.133139088012072888e-06
1.104866931397906013e-06
1.077095245465843173e-06
1.049851778336168621e-06
1.023107001168035754e-06
9.968072511649762605e-07
9.709810743047038585e-07
9.455922112734384471e-07
9.206482591912299296e-07
8.961609040980949346e-07
8.720891513937594781e-07
8.484327157461690940e-07
8.251695965056168231e-07
8.022854726226603306e-07
7.798018503076477353e-07
7.577141014480232283e-07
7.360296078796286388e-07
7.147294663885075069e-07
6.937934243994286569e-07
6.732256968162836446e-07
6.530460591399093410e-07
6.332635549458918255e-07
6.138567254693481531e-07
5.948066170588064013e-07
5.761185830247165751e-07
5.578091878702294266e-07
5.398952588083837480e-07
5.223472933841482776e-07
5.051577082667381419e-07
4.883524158289887377e-07
4.719372869525035091e-07
4.559130866261326658e-07
4.402511037115831864e-07
4.249606839359678640e-07
4.100746360454405126e-07
3.955487487611662821e-07
3.813751994846465165e-07
3.675886217422593113e-07
3.541697877966300095e-07
3.411057572033586107e-07
3.283985684822064826e-07
3.160590140667823631e-07
3.040721181323927874e-07
2.924167265264553844e-07
2.811260326011252892e-07
2.701721788064311138e-07
2.595432939602513820e-07
2.492711915005420372e-07
2.393122146767062959e-07
2.296757183281906256e-07
2.203655707374243474e-07
2.113481733224674149e-07
2.026427314454884822e-07
1.942371741817557641e-07
1.861107427636449179e-07
1.782738672133642040e-07
1.707112211426711923e-07
1.634187853605157016e-07
1.564019804281419949e-07
1.496386562095281615e-07
1.431290973499206844e-07
1.368682636841309947e-07
1.308446006509536704e-07
1.250488370977246938e-07
1.194610728793220119e-07
1.140932588394552821e-07
1.089443500672435089e-07
1.040142834515845532e-07
9.928232349557988839e-08
9.472816565658452673e-08
9.035471710826250688e-08
8.616696499924342621e-08
8.215284144705615462e-08
7.830434464935470228e-08
7.463323995080243490e-08
7.111594343164046394e-08
6.773872844257213539e-08
6.451010499654673634e-08
6.142469753762123005e-08
5.848013541658878793e-08
5.566431714121085431e-08
5.297860275104871519e-08
5.040442624448221922e-08
4.793763200586816221e-08
4.559319611400901307e-08
4.335649673240573928e-08
4.122122816956854699e-08
3.917247980845077399e-08
3.721892795196092427e-08
3.536972229628505335e-08
3.359949534655398563e-08
3.191255304449059323e-08
3.030486249551985404e-08
2.878025136123396324e-08
2.733471014563021891e-08
2.594189971653886862e-08
2.462354308172460335e-08
2.337107780229138918e-08
2.216807094490731267e-08
2.102902715706831834e-08
1.994254448480314435e-08
1.891679720858691045e-08
1.794009820871156714e-08
1.701043832518789503e-08
1.613712293039582229e-08
1.529682629646033251e-08
1.449444191340349819e-08
1.373808112638475176e-08
1.301068884342657509e-08
1.232806291942584515e-08
1.168327119249843292e-08
1.106767462201707041e-08
1.049181396410338147e-08
9.936000752064712134e-09
9.404530065170884937e-09
8.902732416077207565e-09
8.428024960255166801e-09
7.984494984246976727e-09
7.563537372110196670e-09
7.157801717255029721e-09
6.773215192750290112e-09
6.408197295792771041e-09
6.063697880605405761e-09
5.744493774541972564e-09
5.437466568958664461e-09
5.145216224379111386e-09
4.866463099647314920e-09
4.601085318014513948e-09
4.358107647230861974e-09
4.126319110598699101e-09
3.900930349387461795e-09
3.689768278842967012e-09
3.489114439443875813e-09
3.304757377883404027e-09
3.127104207655804497e-09
2.951103964374882712e-09
2.793455205029312003e-09
2.645454508761328704e-09
2.500590287509094266e-09
2.364110268018669355e-09
2.235122760193956402e-09
2.117429515132210560e-09
2.001076390813972325e-09
1.889005039412039302e-09
1.791190798515843947e-09
1.691432573938101733e-09
1.597482554468939559e-09
1.514900114646744254e-09
1.429812736135807004e-09
1.352803778959753179e-09
1.282029724740206023e-09
1.209316013180662615e-09
1.146042463894631748e-09
1.084489143573939654e-09
1.023766749339255850e-09
9.706104008388495923e-10
9.153078339932988489e-10
8.665054307168394236e-10
8.200027998962134672e-10
7.731786336528697130e-10
7.341050770972034739e-10
6.934350786425305843e-10
6.566865104738234249e-10
6.220449166608665145e-10
5.870994750640899615e-10
5.559724438139892938e-10
5.265879230519964802e-10
4.967796038694648700e-10
4.711838911093217655e-10
4.448997449382832640e-10
4.210301508429780449e-10
3.989920503997670496e-10
3.768068495008618408e-10
3.577111630036930294e-10
3.390671590050406512e-10
3.200634222401809920e-10
3.033791113387331499e-10
2.860574180304548138e-10
2.709129676206467564e-10
2.573571550893515032e-10
2.431440014972655473e-10
2.307854073103683280e-10
2.184346562159693760e-10
2.062417962006102006e-10
1.957814047451761796e-10
1.848600361387970715e-10
1.752932238150329247e-10
1.665591419175287231e-10
1.574731740906406779e-10
1.493681978704021792e-10
1.409174970591419266e-10
1.332985748195657028e-10
1.271278641089664531e-10
1.202766616990481921e-10
1.139219582986731139e-10
1.079533518145634603e-10
1.018828269725557740e-10
9.693474888837402141e-11
9.206970558796048611e-11
8.712330695323916469e-11
8.242730523515979191e-11
7.809383622295208722e-11
7.441312130821455641e-11
7.049968590905146760e-11
6.643625399734530726e-11
6.321027329554726748e-11
6.007930784955050526e-11
5.697219044044444275e-11
5.382918489189156957e-11
5.107359873743727450e-11
4.867456452343184240e-11
4.605372709967316818e-11
4.356437879483930126e-11
4.158388838014720235e-11
3.934317419993906678e-11
3.719271443556146982e-11
3.556371956811612257e-11
3.358841263404126601e-11
3.183145733485881214e-11
3.034602233277337256e-11
2.868417602500003634e-11
2.726392776978834982e-11
2.592291647185929251e-11
2.449711678885806365e-11
2.340242213425843829e-11
2.212516319775221265e-11
2.102499614261580308e-11
2.000378030755979424e-11
1.892060283758988844e-11
1.802040855140502880e-11
1.705372856364610908e-11
1.623237592944549077e-11
1.539495197434186582e-11
1.461635924240225611e-11
1.389352007497207336e-11
1.319093843867804518e-11
1.249492037957596764e-11
1.187922986457102073e-11
1.124499064412607102e-11
1.069324444405750007e-11
1.015417897051861137e-11
9.628151306806916787e-12
9.138026722413925754e-12
8.656912647828156957e-12
8.195989376507039610e-12
7.778984204587630556e-12
7.374215949792258254e-12
6.990909857230131340e-12
6.617591488362280786e-12
6.246121307285598010e-12
5.914072315884996928e-12
5.595025697334169534e-12
5.285404540020748775e-12
4.988171717324720268e-12
4.693401536686372400e-12
4.426295198986437872e-12
4.175313167605301908e-12
3.918786848139855287e-12
3.675541001355491418e-12
3.445854725858885909e-12
3.230859639631524502e-12
3.020898348096467618e-12
2.810695944756550377e-12
2.618328581278495727e-12
2.437315634338650464e-12
2.256946847626054842e-12
2.086708878405893815e-12
1.926981149497848651e-12
1.775025632268768711e-12
1.625205932576279273e-12
1.486427505333537734e-12
1.359938002606614147e-12
1.233928407075345773e-12
1.117647824196518380e-12
1.016748189651797927e-12
9.163557871820390596e-13
8.273473123489591296e-13
7.480625094695519137e-13
6.715342648223941902e-13
6.085814002425516489e-13
5.496629900057216340e-13
4.996730283784215649e-13
4.591660755160968940e-13
4.226769067924079889e-13
3.945074059256344507e-13
3.703115042009513182e-13
3.524206912219702216e-13
3.369925173849466592e-13
3.259161422225271742e-13
3.161352783456828961e-13
3.078279680924335200e-13
3.002652555538620125e-13
2.921520211409630123e-13
2.823823514576044700e-13
2.708888330659673981e-13
2.565401567007413128e-13
2.411771883919777537e-13
2.237338490349673936e-13
2.042716374157842220e-13
1.834977616757315554e-13
1.625861733735149283e-13
1.423769544335205434e-13
1.240199027693122409e-13
1.077714728766671615e-13
9.473805062093986419e-14
8.465374432860540483e-14
7.773201034176604011e-14
7.486875633258595117e-14
7.436811116173175361e-14
7.442317549273193986e-14
7.552054368639886694e-14
7.627103939891804439e-14
7.536674946484623119e-14
7.209982728729847449e-14
6.666290036285151614e-14
5.949281448927323551e-14
5.123930781113552539e-14
4.255946439757071145e-14
3.527892640572801349e-14
3.016757266237683550e-14
2.741945071411819248e-14
2.706361503794956381e-14
2.861919002439996904e-14
3.047748092008973985e-14
3.145077593229384835e-14
3.092332016342068165e-14
2.836132552614777262e-14
2.397933627267547259e-14
1.940596401241635230e-14
1.519856686795720854e-14
1.289120748752419904e-14
1.267785230091055797e-14
1.394405799578578671e-14
1.563144692857455850e-14
1.631742023267341091e-14
1.512873285581925994e-14
1.242435598317523825e-14
9.253513002764432301e-15
7.146656925166602506e-15
6.838667985080525264e-15
7.974139695879401524e-15
9.204656614007175739e-15
9.422432807046512501e-15
7.957834064561552130e-15
5.767919164464104116e-15
4.159080509589958420e-15
4.185078541739918736e-15
5.355861810775413087e-15
6.114150141846429270e-15
5.407980789070858154e-15
3.789646871712703140e-15
2.624668891993643508e-15
2.891796379945090976e-15
3.835081779018016148e-15
4.049443128169122484e-15
2.993725159630662738e-15
1.839030174297200462e-15
1.927812124412381135e-15
2.767488842325439816e-15
2.777490639714764836e-15
1.831759713076934667e-15
1.215352558107594130e-15
1.710852089393037404e-15
2.169984509680094605e-15
1.532572018619364244e-15
8.917196550910133335e-16
1.276606732021774422e-15
1.616491197525104064e-15
1.057534485542717005e-15
6.786111555915576083e-16
1.141214723098152596e-15
1.131796787405570152e-15
5.653543984107079695e-16
7.314865235767668500e-16
9.811436389393991329e-16
5.221137348765596725e-16
5.271395263671483186e-16
7.954318909046014380e-16
4.167696500128167511e-16
4.565309444959730747e-16
6.199646271764996555e-16
2.992355807004917838e-16
4.485282908919234382e-16
4.331586834242846199e-16
2.379921367991831776e-16
4.436373796227145271e-16
2.180714969193856170e-16
3.229090798134847579e-16
2.634478855308608474e-16
2.147832101151765520e-16
2.728960977484582695e-16
1.607057101095413590e-16
2.463552265028814873e-16
1.383601073824140692e-16
2.090454708108707329e-16
1.257507360685224134e-16
1.748129319031018773e-16
1.142298034019009707e-16
1.468765183875354170e-16
1.023144453041490379e-16
1.244981241036634711e-16
9.049494223145849968e-17
1.063255202044926774e-16
7.934733504855327611e-17
9.129082527320073663e-17
6.918116130079423351e-17
7.866508195807952951e-17
6.009487294201322755e-17
6.795285561921923058e-17
5.207008974965171635e-17
5.880266166998151243e-17
4.503395884318651539e-17
5.095203558313947612e-17
3.889285302363062148e-17
4.419629364248290926e-17
3.354914212000212563e-17
3.837063350894776538e-17
2.890908349177287495e-17
3.333940681500039074e-17
2.488623352898981315e-17
2.898928948389022619e-17
2.140263096297518543e-17
2.522465350887776193e-17
1.838888483419095841e-17
2.196424921349725199e-17
1.578374162870038948e-17
1.913871392155644561e-17
1.353342464972313156e-17
1.668863237414988231e-17
1.159089719612901762e-17
1.456298522127398155e-17
9.915126316943071152e-18
1.271788302002496422e-17
8.470385703792911238e-18
1.111551795143800114e-17
7.225614717710984470e-18
9.723286668464445807e-18
6.153839627826244088e-18
8.513050704383942849e-18
5.231657152090176816e-18
7.460509042922835450e-18
4.438777204068075900e-18
6.544663949371928784e-18
3.757620158124816700e-18
5.747364374512259203e-18
3.172963797592834646e-18
5.052915058565846241e-18
2.671634533340237235e-18
4.447741098131511566e-18
2.242238134466561946e-18
3.920099806232570056e-18
1.874925304295782648e-18
3.459832978041127196e-18
1.561187970107423997e-18
3.058153818682418802e-18
1.293682501693862484e-18
2.707463575457139565e-18
1.066076655775822506e-18
2.401193852933238276e-18
8.729171455675059542e-19
2.133671073238892952e-18
7.095154607594981482e-19
1.900000114507578381e-18
5.718495434974990339e-19
1.695964640114431272e-18
4.564795418789858469e-19
1.517941981475039479e-18
3.604758589303386862e-19
1.362830737676929925e-18
2.813581960255496168e-19
1.227989696553442550e-18
2.170442799398031303e-19
1.111186645724063045e-18
1.658074487106825384e-19
1.010556288546564757e-18
1.262421075059743306e-19
9.245661795892016509e-19
9.723658653058068026e-20
8.519902532419831789e-19
7.795278914495793061e-20
