# bin_1_1
1.060379937095349234e-08
1.128745660333817874e-08
9.072750747411313825e-09
9.879615847410379334e-09
7.752696523676641349e-09
8.657949200678035836e-09
6.615315798753492343e-09
7.597699754604731517e-09
5.636129065276813849e-09
6.677480346343389466e-09
4.793988296017464683e-09
5.878826902077887934e-09
4.070636781686964595e-09
5.185812915723657059e-09
3.450329539786929476e-09
4.584717331414982353e-09
2.919506298831833248e-09
4.063738616929445104e-09
2.466510185549598127e-09
3.612749244980133817e-09
2.081346227516280208e-09
3.223085221257577253e-09
1.755474320670458786e-09
2.887366178122718222e-09
1.481632496600470232e-09
2.599342159861065035e-09
1.253686394389408781e-09
2.353763729158689713e-09
1.066501531865362984e-09
2.146272070678974033e-09
9.158355189571641085e-10
1.973306726410964439e-09
7.982471798099698950e-10
1.832028133570480730e-09
7.110202958875083032e-10
1.720252757230679981e-09
6.520992451088587257e-10
1.636398321136245292e-09
6.200342759218004547e-10
1.579436809993823787e-09
6.139336870200051908e-10
1.548852512732103837e-09
6.334201357408108096e-10
1.544602344034350619e-09
6.785880565520327288e-10
1.567075117804471892e-09
7.499585870757597721e-10
1.617046135135164169e-09
8.484280123243473932e-10
1.695622848129699824e-09
9.752054574941314282e-10
1.804177025027205713e-09
1.131734619305191119e-09
1.944258369355610216e-09
1.319594716586597559e-09
2.117484371619669518e-09
1.540375369594449333e-09
2.325401747134539645e-09
1.795521105612733088e-09
2.569315595943359677e-09
2.086142573280635602e-09
2.850084647578557775e-09
2.412794427566815125e-09
3.167884591323651520e-09
2.775224215135289232e-09
3.521946820306027174e-09
3.172103266721561587e-09
3.910287733762796803e-09
3.600759392037711725e-09
4.329453786309371884e-09
4.056942601603259097e-09
4.774320035923480940e-09
4.534668292674031780e-09
5.237993472488445046e-09
5.026196085959284362e-09
5.711885720527645868e-09
5.522214234676713462e-09
6.186028827875214076e-09
6.012304774077257985e-09
6.649707737434738848e-09
6.485757524446542741e-09
7.092466996815615916e-09
6.932773769818353908e-09
7.505508689059563702e-09
7.346044760790067609e-09
7.883426179494411372e-09
7.722599915885625392e-09
8.226110043354816275e-09
8.065694839390921005e-09
8.540524069367507437e-09
8.386362091333098734e-09
8.841901474754339243e-09
8.704110390374822340e-09
9.153798908989063564e-09
9.046187837381692181e-09
9.506438784625313206e-09
9.444903282536275197e-09
9.932958147636390361e-09
9.932818634540061784e-09
1.046364831580721039e-08
1.053624559555976698e-08
1.111903872988113789e-08
1.126837253223128283e-08
1.190364325355167021e-08
1.212430524820705006e-08
1.280302823534733468e-08
1.308088954642667587e-08
1.378702588898582673e-08
1.410375580929924552e-08
1.482073797553212986e-08
1.516198130052144742e-08
1.588203179894246919e-08
1.624701776486370904e-08
1.697993797386366412e-08
1.738815289623927367e-08
1.816455502639998338e-08
1.865437661898050661e-08
1.951899343489432181e-08
2.013563259599417055e-08
2.113076915886384985e-08
2.190714358812728973e-08
2.305387802787051732e-08
2.399573997239402341e-08
2.528672792490347440e-08
2.637623949377092565e-08
2.779158171630722618e-08
2.901454922613288943e-08
3.055650134146702247e-08
3.193779626961683961e-08
3.365824451687951000e-08
3.527267266042711783e-08
3.726132968494270506e-08
3.919835998131609459e-08
4.153038759001971497e-08
4.383819603385997148e-08
4.653276133543362705e-08
4.920864624784428925e-08
5.226090766518306733e-08
5.532073427581547809e-08
5.878843779323352428e-08
6.233797503158895629e-08
6.636425852472247890e-08
7.055488608146217166e-08
7.526649738427630590e-08
8.017678672794704515e-08
8.560790254305599334e-08
9.125840783461911331e-08
9.746347126593409872e-08
1.039771703183350852e-07
1.111475909256561125e-07
1.187405982062161153e-07
1.270560879228369376e-07
1.358328999196043217e-07
1.453424799389073512e-07
1.553659001539107546e-07
1.662163653800270342e-07
1.777236057012529723e-07
1.901707473566870280e-07
2.033401653566649369e-07
2.174585244114695300e-07
2.323388903210117209e-07
2.482641656032166261e-07
2.650983364503609698e-07
2.830710708822960636e-07
3.019719945928498250e-07
3.219945127023305988e-07
3.430034817217683835e-07
3.652432727805572897e-07
3.885395626532572296e-07
4.130188506803157264e-07
4.384975555387038891e-07
4.651801783703595422e-07
4.929136141340737931e-07
5.217764048541517128e-07
5.515439021793613911e-07
5.823646079822933798e-07
6.140679702800438496e-07
6.466673211071636730e-07
6.799202246432845004e-07
7.139333282500431101e-07
7.484773912532365418e-07
7.835002770939348358e-07
8.187972325789405782e-07
8.544137736366557057e-07
8.900379331674563100e-07
9.256607860911786871e-07
9.611126592683926254e-07
9.963082693253492989e-07
1.031035375856727932e-06
1.065348984567354541e-06
1.098976629574997529e-06
1.131975587344790672e-06
1.164208567966073962e-06
1.195646032908757451e-06
1.226259236905524124e-06
1.256043833464927488e-06
1.284959359417850926e-06
1.313097642942981129e-06
1.340375441863138718e-06
1.366949151594543528e-06
1.392716989648691424e-06
1.417843164130253853e-06
1.442222966416098813e-06
1.465992825301996406e-06
1.489043737395526483e-06
1.511473757499301826e-06
1.533167557309672429e-06
1.554193327905543569e-06
1.574438304969878080e-06
1.593962586394381423e-06
1.612675165944590016e-06
1.630653745326427797e-06
1.647847541353195271e-06
1.664367374865406492e-06
1.680205234519372815e-06
1.695497527787914850e-06
1.710256874720627897e-06
1.724613971719404922e-06
1.738563655078640387e-06
1.752194652312294492e-06
1.765456199476461443e-06
1.778384940439585741e-06
1.790895693236794224e-06
1.803007095268377671e-06
1.814649862831693170e-06
1.825880798887074919e-06
1.836692408550933434e-06
1.847200789323044046e-06
1.857445454193538902e-06
1.867551102591582836e-06
1.877528618613904355e-06
1.887434065955357168e-06
1.897198078643881026e-06
1.906805636111971838e-06
1.916160804149787274e-06
1.925272890678285490e-06
1.934120350525420635e-06
1.942799390772788779e-06
1.951353375405098193e-06
1.959881640078525001e-06
1.968369684782255899e-06
1.976820576369005629e-06
1.985142975117029876e-06
1.993322660163639644e-06
2.001326674832332472e-06
2.009232538411647260e-06
2.017074345401343832e-06
2.024920127823565622e-06
2.032731029138558330e-06
2.040494803170423540e-06
2.048156448317579463e-06
2.055759266467886300e-06
2.063321200691369508e-06
2.070894681081789101e-06
2.078433643809351036e-06
2.085922706863489741e-06
2.093332826751149028e-06
2.100736651500522916e-06
2.108158121411436526e-06
2.115604784376305512e-06
2.122991237701201529e-06
2.130318255893894625e-06
2.137621650520040169e-06
2.144982939287194833e-06
2.152354083045711312e-06
2.159687845802597284e-06
2.166969541167574150e-06
2.174290819733262370e-06
2.181640908052805044e-06
2.188975572548043058e-06
2.196270161060601939e-06
2.203609336933330726e-06
2.210968736158750252e-06
2.218305638585870159e-06
2.225627752996444268e-06
2.233002049949657519e-06
2.240358957557933251e-06
2.247705951182393912e-06
2.255094416714135897e-06
2.262502943524737889e-06
2.269868091057815550e-06
2.277287818510072075e-06
2.284723600419192764e-06
2.292143967910218614e-06
2.299594184417253562e-06
2.307056576695111587e-06
2.314512301911396095e-06
2.322023877866267442e-06
2.329501624655244210e-06
2.337019705377054639e-06
2.344547300753702847e-06
2.352091064105484066e-06
2.359634180993901402e-06
2.367197623037316805e-06
2.374775087788164216e-06
2.382357239042886810e-06
2.389965605574243073e-06
2.397551074118954240e-06
2.405187186368110529e-06
2.412810032882564260e-06
2.420427071894888395e-06
2.428079111228241735e-06
2.435723822861606622e-06
2.443387757206863796e-06
2.451062960273456563e-06
2.458708887525844417e-06
2.466403379479855055e-06
2.474084405681187100e-06
2.481753856343094517e-06
2.489453588570534963e-06
2.497118853054988404e-06
2.504795154879643007e-06
2.512463945683042766e-06
2.520095716404029572e-06
2.527758017985145300e-06
2.535388692733847283e-06
2.542997216014354356e-06
2.550616593889301726e-06
2.558186628398373687e-06
2.565754298487240545e-06
2.573297117784746821e-06
2.580780760150311512e-06
2.588261928546797271e-06
2.595685786281930984e-06
2.603060208483672943e-06
2.610406467873884192e-06
2.617678079228776973e-06
2.624913430713647988e-06
2.632081591725120762e-06
2.639156470791911784e-06
2.646180764335496477e-06
2.653105176826870376e-06
2.659937407059994918e-06
2.666680775375499505e-06
2.673300514294976102e-06
2.679826284582519171e-06
2.686223210685986070e-06
2.692468882532354744e-06
2.698586217910364504e-06
2.704538201932484684e-06
2.710333019024244350e-06
2.715963876730873556e-06
2.721394388520172119e-06
2.726639338967756368e-06
2.731672490664319875e-06
2.736480780355388899e-06
2.741073087784494594e-06
2.745408084698080194e-06
2.749485755233754616e-06
2.753297427905297010e-06
2.756819326277756108e-06
2.760058642831563747e-06
2.762987278260505267e-06
2.765590934488329506e-06
2.767870821075902340e-06
2.769797866243661125e-06
2.771366926274866360e-06
2.772567158293493970e-06
2.773380146882042695e-06
2.773805119279025845e-06
2.773816911643205966e-06
2.773411610752342255e-06
2.772585513155941521e-06
2.771316121897591047e-06
2.769598041620273028e-06
2.767421628778836277e-06
2.764769288879417305e-06
2.761638621306652369e-06
2.758018438988663071e-06
2.753902090086473773e-06
2.749281529062898867e-06
2.744143133749779791e-06
2.738483194040418652e-06
2.732300178297139249e-06
2.725578615722998350e-06
2.718316498278552509e-06
2.710511126399588691e-06
2.702160314913929040e-06
2.693258299834978545e-06
2.683796879318094163e-06
2.673777602720985962e-06
2.663201558750140543e-06
2.652063277892788471e-06
2.640361726485282991e-06
2.628096665866898789e-06
2.615271981545416034e-06
2.601885255102101782e-06
2.587941276572617190e-06
2.573445220047235563e-06
2.558402885282901086e-06
2.542817132054545878e-06
2.526692190972148745e-06
2.510031692426781237e-06
2.492844768373003516e-06
2.475134122702944311e-06
2.456910516789906254e-06
2.438184905278890671e-06
2.418968381820218019e-06
2.399273902058929812e-06
2.379109989348773797e-06
2.358486167114010910e-06
2.337416059478249387e-06
2.315910224229890627e-06
2.293984465801227366e-06
2.271654807714641125e-06
2.248937833777830032e-06
2.225847097218899566e-06
2.202396593544662200e-06
2.178602206295819423e-06
2.154481989023751302e-06
2.130052973418110845e-06
2.105334272657202916e-06
2.080341650920499406e-06
2.055092873067325468e-06
2.029607772601693499e-06
2.003904097566083477e-06
1.977998163670674928e-06
1.951911187974436792e-06
1.925663477024007891e-06
1.899274739017570982e-06
1.872763865886520340e-06
1.846149055603469640e-06
1.819447902136545962e-06
1.792681021129974328e-06
1.765868157220768028e-06
1.739023861500412289e-06
1.712165504174855454e-06
1.685315705671255707e-06
1.658492540742363312e-06
1.631710500815682304e-06
1.604988149048215851e-06
1.578343923599982633e-06
1.551792687614815219e-06
1.525349233924733828e-06
1.499028916516034953e-06
1.472847699038499581e-06
1.446822071702152173e-06
1.420966961875274441e-06
1.395295117229120270e-06
1.369820164072443213e-06
1.344552165654842043e-06
1.319503127722315860e-06
1.294687766448817299e-06
1.270115662543774592e-06
1.245797910525433424e-06
1.221744215509622743e-06
1.197961564768309199e-06
1.174460399661958115e-06
1.151248903200866167e-06
1.128335397479332592e-06
1.105725781418935598e-06
1.083425370835189092e-06
1.061441898701655263e-06
1.039782187032510451e-06
1.018449073273994714e-06
9.974460379465383532e-07
9.767757255009658239e-07
9.564442697134457212e-07
9.364526253092098447e-07
9.168039320979987738e-07
8.975013420446913450e-07
8.785451776825601294e-07
8.599361793751963864e-07
8.416739033228938453e-07
8.237558616577747973e-07
8.061860316881645562e-07
7.889606827100585919e-07
7.720777162686161064e-07
7.555403897188359758e-07
7.393442075566606456e-07
7.234863496795804292e-07
7.079642932854840936e-07
6.927746577993634495e-07
6.779207803285758282e-07
6.633918139494632903e-07
6.491834582608026000e-07
6.352994722994660317e-07
6.217283980493813937e-07
6.084699807738132243e-07
5.955180661288501760e-07
5.828637697459902081e-07
5.705138191059711549e-07
5.584540746805688273e-07
5.466778875080988879e-07
5.351895534371439464e-07
5.239762673651623311e-07
5.130376122878055562e-07
5.023647105900979360e-07
4.919456676503905028e-07
4.817911680428690025e-07
4.718842363597551433e-07
4.622183967519498169e-07
4.527976770071195985e-07
4.436046533036788538e-07
4.346433722740865565e-07
4.259028355096714596e-07
4.173691122337708688e-07
4.090569739350660503e-07
4.009456586398553845e-07
3.930306283638877575e-07
3.853157579711030240e-07
3.777820442794809976e-07
3.704377752858057008e-07
3.632696388187421065e-07
3.562638725832234294e-07
3.494385092826222065e-07
3.427698024205300617e-07
3.362575910867493205e-07
3.299040798479469315e-07
3.236890946972071169e-07
3.176251712907230142e-07
3.116972836787844729e-07
3.058919126606165024e-07
3.002289939715664665e-07
2.946837896507436190e-07
2.892594604936933492e-07
2.839566918022258807e-07
2.787562559214882650e-07
2.736750739503567995e-07
2.686967127730781314e-07
2.638101473699607328e-07
2.590356862565836870e-07
2.543486625304713386e-07
2.497551834338787877e-07
2.452539109063753854e-07
2.408272505276010436e-07
2.364948258111996700e-07
2.322386177397605453e-07
2.280498266077617681e-07
2.239481640178283766e-07
2.199096737757852144e-07
2.159441616429186729e-07
2.120481867320604342e-07
2.082064453148232517e-07
2.044400826542577008e-07
2.007308498424238249e-07
1.970732543734763632e-07
1.934849941611256445e-07
1.899439132405286890e-07
1.864619550681425975e-07
1.830342326401214504e-07
1.796468108228652638e-07
1.763193220770760630e-07
1.730319038901296422e-07
1.697808416106600213e-07
1.665784117072003078e-07
1.634031628817043379e-07
1.602677574065580616e-07
1.571673520610951896e-07
1.540903901572001935e-07
1.510556141896139920e-07
1.480464225908744840e-07
1.450648514197252578e-07
1.421234316565751902e-07
1.392078800931801354e-07
1.363317620674628553e-07
1.334900375375095206e-07
1.306742384364161096e-07
1.279011215872420566e-07
1.251574206070274076e-07
1.224469969251772125e-07
1.197756403114287272e-07
1.171326745384162309e-07
1.145302141461135433e-07
1.119660139078055552e-07
1.094346144146799244e-07
1.069473777912426746e-07
1.044927164788942934e-07
1.020756786136866235e-07
9.969993394812527854e-08
9.735796638150534650e-08
9.505804555880063962e-08
9.279671779970458380e-08
9.056950074781339623e-08
8.838383081292374897e-08
8.623184060187797757e-08
8.411773135560383643e-08
8.204207183057771148e-08
7.999894107290434904e-08
7.799334890004541158e-08
7.602275595989226883e-08
7.408557730707967844e-08
7.218551219797033900e-08
7.031630263903352778e-08
6.848135001255288465e-08
6.668073989668614387e-08
6.491137790866748075e-08
6.317500637226512074e-08
6.146960469042012875e-08
5.979613522403985877e-08
5.815523955214967008e-08
5.654311648616190153e-08
5.496179435585662655e-08
5.341168029911195653e-08
5.189020163818459749e-08
5.039797654786354866e-08
4.893508614131693418e-08
4.750071970745868887e-08
4.609482493616834218e-08
4.471670200620541660e-08
4.336667943427348838e-08
4.204427382777861135e-08
4.074967718073647292e-08
3.948166524289411398e-08
3.824082210581977410e-08
3.702745886724674503e-08
3.583999123457732005e-08
3.467949336929840160e-08
3.354519076583382250e-08
3.243705460902255732e-08
3.135566308826093379e-08
3.029933896570087424e-08
2.926897287670857111e-08
2.826416454123134240e-08
2.728382515267982796e-08
2.632894348670735371e-08
2.539836984803932366e-08
2.449227616749270578e-08
2.361122205649412644e-08
2.275319512273020489e-08
2.191925702792156277e-08
2.110877485480584573e-08
2.032084982603953208e-08
1.955633787832949591e-08
1.881394648570763596e-08
1.809333815823503601e-08
1.739540653124979510e-08
1.671791174922447388e-08
1.606219099277923256e-08
1.542744774888175047e-08
1.481294889734607566e-08
1.421903651349147943e-08
1.364428465535425262e-08
1.308917670999885074e-08
1.255383511526315469e-08
1.203677613305381827e-08
1.153847306019930064e-08
1.105780292690450986e-08
1.059430383352643722e-08
1.014784825995509523e-08
9.717086703489542247e-09
9.302057848512494927e-09
8.902823674812724661e-09
8.517907559344341794e-09
8.147571970296270564e-09
7.790837880511748540e-09
7.447255894661468270e-09
7.117022737539002125e-09
6.799269049449166306e-09
6.494438517352950681e-09
6.202524954986713048e-09
5.922629902161360714e-09
5.655175060252161278e-09
5.398688780402800191e-09
5.152532018446020548e-09
4.917101248528220173e-09
4.691472941162629647e-09
4.474736036499350903e-09
4.266087733422428475e-09
4.065447435097135102e-09
3.873557763737028259e-09
3.690143836671824724e-09
3.515073531510844717e-09
3.348307225327367827e-09
3.190074575071777085e-09
3.039511356591785756e-09
2.895652943614308084e-09
2.757961213054159757e-09
2.624933141595922446e-09
2.497356340645812556e-09
2.375594776818774472e-09
2.259084156378911343e-09
2.149413812342691030e-09
2.046145074376048248e-09
1.947848491265314757e-09
1.853834442933050648e-09
1.762625027578162539e-09
1.674726026068705399e-09
1.590526468317550077e-09
1.510774949945095340e-09
1.436971347655480908e-09
1.367194958974406345e-09
1.300196073466622736e-09
1.235158994138111998e-09
1.171669054510266040e-09
1.112082267320255068e-09
1.056858358471461159e-09
1.005035692347121169e-09
9.556275948918788871e-10
9.064237271874351933e-10
8.589878890446097609e-10
8.153116660755916601e-10
7.752860063544923361e-10
7.375449315173244451e-10
7.000038421506292738e-10
6.632627926471025160e-10
6.300615045465115444e-10
5.995892149002766692e-10
5.695725517484502435e-10
5.392999186488694813e-10
5.105812454329186971e-10
4.853014721330345181e-10
4.610844543066906261e-10
4.364160490131454161e-10
4.139512855063548779e-10
3.941201601717746722e-10
3.746130128673996523e-10
3.546760875776366941e-10
3.364638898970333365e-10
3.201398034070777728e-10
3.031054156875135930e-10
2.869570828403396272e-10
2.732027676748066011e-10
2.586833420631412381e-10
2.448211653334386324e-10
2.330794294655332530e-10
2.208431180746073100e-10
2.098655742328372406e-10
2.000819683592127396e-10
1.890498482284681886e-10
1.793542678528078513e-10
1.697341197299464859e-10
1.607524748499337475e-10
1.533058854400731474e-10
1.452890682008919026e-10
1.382660916868241441e-10
1.309505195167571446e-10
1.240732130408558248e-10
1.178152850724645619e-10
1.115532805121288287e-10
1.059605265147908216e-10
1.008718526251262958e-10
9.585462852298328139e-11
9.081407595018005718e-11
8.576168656631179720e-11
8.131367367895494771e-11
7.771809594809182225e-11
7.382474731750696151e-11
6.995378458842131507e-11
6.630593702289260027e-11
6.274239864541044789e-11
5.972519188798824231e-11
5.694730550956538073e-11
5.397723959369759469e-11
5.099632483942326935e-11
4.845588462500368188e-11
4.631725444895170823e-11
4.388170353777528265e-11
4.139880768738536042e-11
3.940850113787565046e-11
3.758332416002777063e-11
3.570308833027250267e-11
3.367250683055100922e-11
3.203789124828591620e-11
3.061196459317877280e-11
2.895002781891047399e-11
2.743285187842317231e-11
2.623807726878377047e-11
2.484437654589289279e-11
2.347568588701570085e-11
2.252759577055104567e-11
2.128259854843782638e-11
2.016096703787752816e-11
1.926907163446986550e-11
1.822167333366822127e-11
1.732747058457201551e-11
1.651605116642301346e-11
1.559106690768127021e-11
1.493735630170261676e-11
1.412084659222092656e-11
1.343045860068526149e-11
1.279994050893850721e-11
1.210631182786879826e-11
1.154517770063770917e-11
1.092456094246202323e-11
1.041936771137842645e-11
9.879239130404003373e-12
9.393742891089337382e-12
8.935764932396580273e-12
8.491060662625544801e-12
8.043774212252774146e-12
7.655944592410546007e-12
7.245624221695947398e-12
6.900164231054073076e-12
6.557098590369812250e-12
6.222510228688032862e-12
5.908815038223854346e-12
5.599445601668459061e-12
5.300907151121317484e-12
5.036651976380386606e-12
4.777924481868922407e-12
4.533309378668197292e-12
4.293318665662135950e-12
4.049703805298478931e-12
3.836621097951166613e-12
3.633170993244437474e-12
3.432847858311832529e-12
3.241620342429627559e-12
3.047286126277843613e-12
2.876865183602628369e-12
2.716838484401234304e-12
2.549125513075070157e-12
2.390644394401123531e-12
2.241946776673897622e-12
2.103479922385939422e-12
1.968027940007043948e-12
1.828379251060050435e-12
1.703975907714806240e-12
1.586984432091832476e-12
1.468037938460901441e-12
1.357058738442133427e-12
1.253598464125286868e-12
1.154474136686186142e-12
1.056669579734819123e-12
9.652867591681724007e-13
8.847103396932577484e-13
8.013089778112758607e-13
7.243929105169206843e-13
6.601127113028254497e-13
5.936484853782001771e-13
5.350939709346216247e-13
4.844279452834571577e-13
4.329100762110746229e-13
3.931871379096711214e-13
3.545968919085951315e-13
3.219377232733282137e-13
2.963902693277579565e-13
2.723408881988068527e-13
2.538998602108871915e-13
2.384680847857697916e-13
2.267494158812432610e-13
2.174736850980444225e-13
2.108874863287969060e-13
2.046539208251304501e-13
1.995036063075580632e-13
1.946815786273219228e-13
1.894400580967166449e-13
1.836357245255825797e-13
1.760750954593607468e-13
1.671588902316836031e-13
1.571714939952204590e-13
1.455589449599283849e-13
1.327042406521919262e-13
1.190841899972210628e-13
1.055550805121856978e-13
9.263416249665681737e-14
8.011856644172258470e-14
6.946723032850073956e-14
6.093465835605068415e-14
5.460745030383223129e-14
5.016092778384659107e-14
4.821756761968552959e-14
4.785907330544554181e-14
4.819936129893688420e-14
4.896796753000095616e-14
4.965369788522202431e-14
4.888023661270941761e-14
4.692363418738997564e-14
4.353424612298086323e-14
3.869121660037380552e-14
3.316702376090436751e-14
2.767755701898943110e-14
2.271978268365756747e-14
1.936129863465244634e-14
1.757568332355324118e-14
1.751823396271193651e-14
1.845160675808980237e-14
1.978450747388344525e-14
2.051601095926644384e-14
2.012098865736798989e-14
1.841009153802574607e-14
1.565224171950578357e-14
1.250882074849949767e-14
9.831323769565666486e-15
8.275044903922119750e-15
8.138376126764163002e-15
9.010409028025960576e-15
1.016178474864155466e-14
1.062935019563939761e-14
9.878522930269879274e-15
8.057545548195019355e-15
5.977276868919541140e-15
4.569004785594077558e-15
4.416127956378109835e-15
5.146535860557440040e-15
6.004598434453141972e-15
6.111446937524309240e-15
5.204648060923381638e-15
3.719809078811977212e-15
2.672972635553262906e-15
2.671179274867491762e-15
3.488919852931167634e-15
3.981538426812935574e-15
3.532419778424892039e-15
2.431512944171782237e-15
1.697882606475112913e-15
1.851805353025176711e-15
2.499457712857543524e-15
2.636679626304608846e-15
1.952753900106124784e-15
1.162756947769759607e-15
1.251929698818834886e-15
1.794772714996852522e-15
1.816519561013901092e-15
1.176515116621862451e-15
7.860776112259113255e-16
1.099063185860094822e-15
1.424667826397548279e-15
9.860863498943664781e-16
5.763757729640042195e-16
8.205791230742962358e-16
1.060780227113344768e-15
6.786433264815978392e-16
4.387650199159001184e-16
7.377219439502872773e-16
7.422554510524435776e-16
3.565071257296961636e-16
4.790522138079138881e-16
6.339713788108702561e-16
3.419709847257484963e-16
3.342126786356094222e-16
5.240719278192820858e-16
2.635660775866821341e-16
2.991307632317118297e-16
4.002072933358093638e-16
1.958630040295445153e-16
2.869583137910507839e-16
2.860903810686977358e-16
1.479613850580551724e-16
2.936159495198778710e-16
1.359416923855756144e-16
2.136330971441991704e-16
1.672107564046241294e-16
1.420455795098651818e-16
1.743574853522536557e-16
1.064312604386705298e-16
1.574061871542657082e-16
9.189580956373462846e-17
1.331952289341294499e-16
8.378323044559696967e-17
1.109646725674975811e-16
7.634021517363041490e-17
9.286726243158969211e-17
6.858806689441074766e-17
7.841770594011388482e-17
6.086133646200647716e-17
6.672104541439392052e-17
5.355024368301596098e-17
5.707133046946754593e-17
4.686628714891434868e-17
4.898791029228317364e-17
4.087943798206021046e-17
4.214518592647248486e-17
3.558112655094056613e-17
3.631295185372990977e-17
3.092592213893512681e-17
3.131983987246906758e-17
2.685408173062918491e-17
2.703255398746135159e-17
2.330279884719278109e-17
2.334399305990487718e-17
2.021152088940886981e-17
2.016614870074637834e-17
1.752427178466475564e-17
1.742559572360236687e-17
1.519048194266165330e-17
1.506044487733492567e-17
1.316508221134244985e-17
1.301816435986668119e-17
1.140824543537396705e-17
1.125394801897477135e-17
9.884972062618049146e-18
9.729447601419209651e-18
8.564621148396768339e-18
8.411760416558874286e-18
7.420438755951168372e-18
7.272604414834486766e-18
6.429109625931040814e-18
6.287635954186752427e-18
5.570343998172403826e-18
5.435879429715271780e-18
4.826503909400617780e-18
4.699246636458794141e-18
4.182269234488325718e-18
4.062129347563078219e-18
3.624341678316639487e-18
3.511052442788476665e-18
3.141183867798155481e-18
3.034377605010584513e-18
2.722790303331320530e-18
2.622049572818271525e-18
2.360486891827494659e-18
2.265378397427554217e-18
2.046755869721238965e-18
1.956852332776774241e-18
1.775083170355542579e-18
1.689976826743600587e-18
1.539825527274695696e-18
1.459135861420335383e-18
1.336094879569536073e-18
1.259472430792835333e-18
1.159657919528134172e-18
1.086785461869410917e-18
1.006848845467346047e-18
9.374408601400048702e-19
8.744936366428807993e-19
8.082947209448953951e-19
7.598443461440558779e-19
6.966270091322175764e-19
6.605221212126605494e-19
6.000842736857666683e-19
5.744677980324439397e-19
5.166301466734581538e-19
4.998990827430283569e-19
4.445025645626364238e-19
4.352734449648035197e-19
3.821767882539248480e-19
3.792559734241778067e-19
3.283334395731651858e-19
3.306915358950017935e-19
2.818308630326101566e-19
2.885806682404400645e-19
2.416812348069609252e-19
2.520587036444532562e-19
