# bin_4_1
1.252508342119105516e-08
1.343870967437085978e-08
1.073910306864488758e-08
1.182229143790538133e-08
9.206995865790100831e-09
1.042900668631039323e-08
7.896439312785243792e-09
9.230937315446017963e-09
6.779824792430024925e-09
8.204338024891802307e-09
5.833695690445990411e-09
7.329151860768814832e-09
5.038274139330281541e-09
6.588604656432086142e-09
4.377065701604555374e-09
5.968869325283639899e-09
3.836534426161779255e-09
5.458793700300121668e-09
3.405839858404248341e-09
5.049684593078497669e-09
3.076631275176000405e-09
4.735143582223605903e-09
2.842892711071599836e-09
4.510949611892362738e-09
2.700834418330885917e-09
4.374983987370439478e-09
2.648826705528740823e-09
4.327193591083394319e-09
2.687370897746609747e-09
4.369588361659934497e-09
2.819103299873867501e-09
4.506267304253438768e-09
3.048826233649850147e-09
4.743467667761026107e-09
3.383559089714306837e-09
5.089628987578329267e-09
3.832600773054236300e-09
5.555462417851998675e-09
4.407591600434619068e-09
6.154011917830790190e-09
5.122560209584955556e-09
6.900690801311359128e-09
5.993935711377961099e-09
7.813271477363859163e-09
7.040501085806175199e-09
8.911801698434301267e-09
8.283257133278345927e-09
1.021841333912079765e-08
9.745160449314528269e-09
1.175698411227641136e-08
1.145069203317700886e-08
1.355260560692385973e-08
1.342520762408093769e-08
1.563080691553220442e-08
1.569401714598832238e-08
1.801648057342509732e-08
1.828114122055988388e-08
2.073246151137937794e-08
2.120769964244974825e-08
2.379772077774824207e-08
2.448990382422773173e-08
2.722515979689014360e-08
2.813665644213256237e-08
3.101903077444501391e-08
3.214681197466808630e-08
3.517207067336281221e-08
3.650622502146946457e-08
3.966252221046024719e-08
4.118481405691908026e-08
4.445133015299099641e-08
4.613399507211485958e-08
4.947993929416064010e-08
5.128498763881678862e-08
5.466927401732506569e-08
5.654864879914166401e-08
5.992062469762402179e-08
6.181761859721117603e-08
6.511926502177736009e-08
6.697161541514428628e-08
7.014161750715377146e-08
7.188663195034828083e-08
7.486659411219617194e-08
7.644846529212614233e-08
7.919127138343312877e-08
8.057037597628952311e-08
8.305023179802347208e-08
8.421364196319270003e-08
8.643667253190604849e-08
8.740835696255846588e-08
8.942181475528043776e-08
9.027016252875569076e-08
9.216748578505888811e-08
9.300706762709742638e-08
9.492549879753286253e-08
9.590975067850834038e-08
9.801741961595500863e-08
9.931968532415678333e-08
1.017905005636973832e-07
1.035731073168456191e-07
1.065509078966521828e-07
1.089259373672688159e-07
1.124841373791821841e-07
1.154749121829307196e-07
1.195834382999957171e-07
1.231009804517946340e-07
1.276164872882529244e-07
1.314674614018026781e-07
1.361621618383135904e-07
1.401002906189188850e-07
1.447355168429792835e-07
1.485540768801397121e-07
1.529852836144815180e-07
1.566248402521527516e-07
1.608993110022533262e-07
1.645206252595205561e-07
1.689104920905147412e-07
1.728746098339551314e-07
1.777958938309721653e-07
1.825219439812091896e-07
1.883414110720372810e-07
1.940846715316406312e-07
2.009024787356558387e-07
2.075828285559307766e-07
2.151494729806538585e-07
2.223918712490524149e-07
2.302889891687087317e-07
2.377333210012569722e-07
2.457673248716186514e-07
2.534679266840792664e-07
2.619761595857627334e-07
2.705158273633207202e-07
2.802198243065941639e-07
2.902945593800301278e-07
3.016905078800086642e-07
3.134617537675963003e-07
3.263420631520794338e-07
3.393256480924523202e-07
3.531447396352713054e-07
3.670040084919068381e-07
3.818638249129746285e-07
3.972150287922098739e-07
4.141097854551144104e-07
4.319963197769045402e-07
4.516304496253601525e-07
4.721564712919454405e-07
4.940701136880777544e-07
5.165743989685910079e-07
5.404414974129000983e-07
5.653356998504623925e-07
5.922922764864677135e-07
6.209389247373971464e-07
6.518650910954558024e-07
6.842275346596037015e-07
7.183959912950956280e-07
7.538638139439387209e-07
7.915827422669358081e-07
8.314628056486347157e-07
8.742081214521448679e-07
9.190566469991750814e-07
9.661699099566607847e-07
1.015031725331257448e-06
1.066561773514341714e-06
1.120735882104107397e-06
1.177979759742363964e-06
1.237347021803900540e-06
1.298986083321582404e-06
1.362777341782922473e-06
1.429608125202174247e-06
1.498894505042792773e-06
1.570346124812144770e-06
1.643298881920921611e-06
1.718562545990074073e-06
1.795876156518207495e-06
1.874825672368206265e-06
1.954418440016880790e-06
2.035296043279280699e-06
2.117200075732241123e-06
2.199479388210961234e-06
2.281184489047233761e-06
2.363007136865645777e-06
2.444282677857587180e-06
2.524132553795041993e-06
2.602298430290361701e-06
2.679247954784742782e-06
2.753572151264934621e-06
2.825284840067078166e-06
2.894638785622012899e-06
2.960860910649673182e-06
3.023661664829600810e-06
3.083883045195307201e-06
3.140395154617707280e-06
3.193971526139167602e-06
3.244801292796516610e-06
3.292475816755233391e-06
3.338129426770715361e-06
3.381402536301505426e-06
3.422960379853159158e-06
3.463300467842956650e-06
3.502283403065985085e-06
3.540947158125053847e-06
3.578703701185401869e-06
3.616574060679736478e-06
3.653816742320405907e-06
3.691144349852673714e-06
3.727764032179749376e-06
3.764055906488568203e-06
3.799226213682892032e-06
3.833453234253661159e-06
3.866036950910764039e-06
3.897148447728891767e-06
3.926309966595557276e-06
3.953857982384219864e-06
3.979620160339708759e-06
4.004158191210051663e-06
4.027556340310739760e-06
4.050492557659440997e-06
4.073105170393355249e-06
4.095950138512814509e-06
4.118959709761793622e-06
4.142356746545855075e-06
4.165739896016559148e-06
4.189009529850382314e-06
4.211585247540925403e-06
4.233336280436446518e-06
4.253868434878705730e-06
4.273379123121851833e-06
4.291906491832719234e-06
4.310026550534036685e-06
4.328017061653571316e-06
4.346428913482299466e-06
4.365267273162383548e-06
4.384605173281840411e-06
4.403952662548832576e-06
4.423030909716329877e-06
4.441321501255195893e-06
4.458851126358362430e-06
4.475654506662995682e-06
4.492295792623184315e-06
4.509090632461245500e-06
4.526444569044061571e-06
4.544150993716264658e-06
4.561978429513398637e-06
4.579353179122833573e-06
4.596168702171067097e-06
4.612431338155476338e-06
4.628684887101890611e-06
4.645215311261240385e-06
4.662235041109514975e-06
4.679331932244844648e-06
4.696192882570103405e-06
4.712522790556552385e-06
4.728677464941764822e-06
4.744987388884245521e-06
4.761757138392122930e-06
4.778618099315717962e-06
4.795240864463604274e-06
4.811421204389481472e-06
4.827637622205992959e-06
4.844189194610092960e-06
4.861075788049657919e-06
4.877715693172102667e-06
4.894012559656346765e-06
4.910268138979991349e-06
4.926984799418172571e-06
4.943847110453169404e-06
4.960450831735219756e-06
4.976774435446740479e-06
4.993423254169827764e-06
5.010321405596692944e-06
5.027053231331669277e-06
5.043521647122456757e-06
5.060320546233022424e-06
5.077292083629769681e-06
5.094040553338803749e-06
5.110706639171902041e-06
5.127758813754393637e-06
5.144687556153157342e-06
5.161445512488114770e-06
5.178471750275860701e-06
5.195599304649652122e-06
5.212400757769085112e-06
5.229511979283006426e-06
5.246677644402127090e-06
5.263650584367754172e-06
5.280831693721280735e-06
5.298015421603750542e-06
5.315061484905721940e-06
5.332412331355216734e-06
5.349490589322092582e-06
5.366762733674706036e-06
5.383991490505055124e-06
5.401246498721210396e-06
5.418489147750052332e-06
5.435732659733350426e-06
5.453035533954853644e-06
5.470251425106884797e-06
5.487589566589730847e-06
5.504739738107238547e-06
5.522059596952344984e-06
5.539259568838981402e-06
5.556440887603617329e-06
5.573629011594348388e-06
5.590737648766631612e-06
5.607822043849919990e-06
5.624901694884396980e-06
5.641825606019285092e-06
5.658790542450587360e-06
5.675634964890061918e-06
5.692385175225305709e-06
5.709109424205266989e-06
5.725674266392050590e-06
5.742170478691033731e-06
5.758557930991088560e-06
5.774755542315048873e-06
5.790894419160348510e-06
5.806852340194627583e-06
5.822650877880700563e-06
5.838327618588365699e-06
5.853772115375840730e-06
5.869063024988390012e-06
5.884150325933034359e-06
5.898976823800204806e-06
5.913629632610252017e-06
5.928006487429191763e-06
5.942111567768570130e-06
5.955960005533417194e-06
5.969481628000227043e-06
5.982729663562031818e-06
5.995636015412599618e-06
6.008161559843558761e-06
6.020348164360125796e-06
6.032111907546858357e-06
6.043454741899322694e-06
6.054370623675607726e-06
6.064793351630963378e-06
6.074752906230295451e-06
6.084185930521624608e-06
6.093052075879799628e-06
6.101365984726489145e-06
6.109057518947687501e-06
6.116108403902672711e-06
6.122495783426404737e-06
6.128159345447816423e-06
6.133115898121819914e-06
6.137308802351486531e-06
6.140710570457115243e-06
6.143323166915055283e-06
6.145095429827585154e-06
6.146003712737587842e-06
6.146026804084126821e-06
6.145125901044479053e-06
6.143311677370489689e-06
6.140536918249801236e-06
6.136786256229324390e-06
6.132048160113264515e-06
6.126277479713052078e-06
6.119470436033192187e-06
6.111617329132741638e-06
6.102678328888723254e-06
6.092651671538651802e-06
6.081499379446734175e-06
6.069208063296968458e-06
6.055773544263302164e-06
6.041182515402500805e-06
6.025426646320647114e-06
6.008498485643067050e-06
5.990369615960188779e-06
5.971041998677513887e-06
5.950497679218803623e-06
5.928741769693015134e-06
5.905763789770170740e-06
5.881553655263402535e-06
5.856113687003675197e-06
5.829451772217806701e-06
5.801558627766595754e-06
5.772449871118272222e-06
5.742127300379816324e-06
5.710598466819380872e-06
5.677861959299758244e-06
5.643928153871426892e-06
5.608799975001703383e-06
5.572491286702970806e-06
5.535018918198412135e-06
5.496404586754584300e-06
5.456657731176585909e-06
5.415805281870131412e-06
5.373861743617102620e-06
5.330847914675688151e-06
5.286785506010299581e-06
5.241708944023098990e-06
5.195643566689800472e-06
5.148619146453579289e-06
5.100650606230625794e-06
5.051773800465189964e-06
5.002018356147246320e-06
4.951421952256416934e-06
4.900019665846891667e-06
4.847853725944480226e-06
4.794954968686767492e-06
4.741359276102935799e-06
4.687107413626193756e-06
4.632239078912497553e-06
4.576790543040236666e-06
4.520799759886681350e-06
4.464308528187170768e-06
4.407367121297269592e-06
4.350015889293393791e-06
4.292292271316122849e-06
4.234235727795161232e-06
4.175890427149379568e-06
4.117294531722232082e-06
4.058494405793754693e-06
3.999531548432611997e-06
3.940453609923513636e-06
3.881295050050189293e-06
3.822094939451261638e-06
3.762893484871654163e-06
3.703735035886752373e-06
3.644655100647015209e-06
3.585696388961528356e-06
3.526889793892918616e-06
3.468270646999562333e-06
3.409877049917102292e-06
3.351749486864717058e-06
3.293917162491339804e-06
3.236413609239661801e-06
3.179264745912315162e-06
3.122507442583778348e-06
3.066172114108109599e-06
3.010283312966147197e-06
2.954865431692030085e-06
2.899950011480654151e-06
2.845561485083242016e-06
2.791720976964813891e-06
2.738447040862888421e-06
2.685764319912944849e-06
2.633694276931663259e-06
2.582251550048978452e-06
2.531454391521957868e-06
2.481323990353431970e-06
2.431868629083159558e-06
2.383103933026549690e-06
2.335039888730904248e-06
2.287685150667257247e-06
2.241054810612737491e-06
2.195159895613126983e-06
2.150003610199150920e-06
2.105595455553285242e-06
2.061937540246483116e-06
2.019035374843547255e-06
1.976889940733321325e-06
1.935500986665009713e-06
1.894878898223773780e-06
1.855020315931120159e-06
1.815922825360281601e-06
1.777589238907083202e-06
1.740010472965004248e-06
1.703192294455210385e-06
1.667119840441460937e-06
1.631788881445771410e-06
1.597207729212884699e-06
1.563362522480952436e-06
1.530246450495208410e-06
1.497853729568070967e-06
1.466167175479531055e-06
1.435197348171449370e-06
1.404922090235815423e-06
1.375326450775945926e-06
1.346419742264261759e-06
1.318178985955327208e-06
1.290598887705417153e-06
1.263667720752579324e-06
1.237363167604025876e-06
1.211700073887088848e-06
1.186645587049299310e-06
1.162182639160711676e-06
1.138324169234456470e-06
1.115038440612555609e-06
1.092324687602178789e-06
1.070165255633022873e-06
1.048532329720933946e-06
1.027449734157718481e-06
1.006876856517513153e-06
9.867974015117760534e-07
9.672275089583471312e-07
9.481254345315580812e-07
9.294997244416715758e-07
9.113285489323506276e-07
8.935803171077251971e-07
8.762886942199854093e-07
8.594062413143025471e-07
8.429213090792706541e-07
8.268499241775935977e-07
8.111453032684290447e-07
7.958251551196446220e-07
7.808640302175216340e-07
7.662290565611271566e-07
7.519620514173667433e-07
7.380113246144022974e-07
7.243723986424230703e-07
7.110588637270291515e-07
6.980241143440404780e-07
6.852941198858794434e-07
6.728411440221842188e-07
6.606329900806605128e-07
6.487172080039568994e-07
6.370384109919839963e-07
6.256008134525177978e-07
6.144127966370223894e-07
6.034291206419843578e-07
5.926824497091318810e-07
5.821409338629471543e-07
5.717745037576814733e-07
5.616301397541867097e-07
5.516509355687919912e-07
5.418465993218215880e-07
5.322196691243259616e-07
5.227279330146805525e-07
5.134103232538745115e-07
5.042338188140372442e-07
4.951762331450257102e-07
4.862850513703675810e-07
4.775090514837397660e-07
4.688687142568806177e-07
4.603665618941448714e-07
4.519718817910703645e-07
4.437329364073481762e-07
4.356231341424962656e-07
4.276350518131878173e-07
4.198185368147240862e-07
4.121319854538418671e-07
4.046003357591473043e-07
3.972155774371801761e-07
3.899409811011256437e-07
3.828076920650887283e-07
3.757712700449440285e-07
3.688130926549834976e-07
3.619594021017541155e-07
3.551623212492088595e-07
3.484410092062076524e-07
3.417822628554197186e-07
3.351564958306476070e-07
3.285945574767890422e-07
3.220591464253018461e-07
3.155439760854505386e-07
3.090737077873966410e-07
3.026174397616051947e-07
2.962082182126305463e-07
2.898486808244901654e-07
2.835294017275914510e-07
2.772894675871582518e-07
2.711099696632836982e-07
2.650030263685749213e-07
2.589963606423301847e-07
2.530723489809693137e-07
2.472555914560852074e-07
2.415374181760114696e-07
2.359029036792577271e-07
2.303772375945687802e-07
2.249427553295530335e-07
2.196067477808975654e-07
2.143743781924749552e-07
2.092253674473100562e-07
2.041756974809595489e-07
1.992229480076359821e-07
1.943586793115773643e-07
1.895939508366723058e-07
1.849098363919556489e-07
1.803126304013305524e-07
1.758053275715957793e-07
1.713734038954022490e-07
1.670231056031978207e-07
1.627512390329368954e-07
1.585558474146856602e-07
1.544425775438106662e-07
1.503987832776110806e-07
1.464290463186232241e-07
1.425327255476398395e-07
1.386997792533408678e-07
1.349347265618796982e-07
1.312375883668032119e-07
1.276067999614956307e-07
1.240445295574237357e-07
1.205470836045648269e-07
1.171142421171871043e-07
1.137421664973317094e-07
1.104317604713464476e-07
1.071844207660553041e-07
1.040006401667084028e-07
1.008816096468755289e-07
9.782217040174913837e-08
9.482268507648915002e-08
9.188255898560508997e-08
8.900468444911500087e-08
8.619086763188282122e-08
8.343572334714906293e-08
8.073912791906911903e-08
7.810123308022892641e-08
7.552442609857363657e-08
7.300845283775368759e-08
7.055097250536919668e-08
6.814834375946003327e-08
6.580645092204747377e-08
6.352285184895890952e-08
6.129789053793465894e-08
5.912751435902311608e-08
5.701348510508329271e-08
5.495874930086871548e-08
5.295829191856929374e-08
5.101093374363976578e-08
4.912032599186240605e-08
4.728333122159947281e-08
4.549857308381613577e-08
4.376684774326731994e-08
4.208673748469075858e-08
4.045830460986982496e-08
3.887871394120340823e-08
3.734934339885504910e-08
3.586963847083207817e-08
3.443497853786268218e-08
3.304946252555228132e-08
3.170950562416282444e-08
3.041359334103278526e-08
2.916355085141618173e-08
2.795460488867324974e-08
2.678860981478302173e-08
2.566386257634898715e-08
2.457909199272096692e-08
2.353399368586066808e-08
2.252608504443804169e-08
2.155671572001087488e-08
2.062238372298963144e-08
1.972313587609082015e-08
1.885836376664192283e-08
1.802669030014025552e-08
1.722746434938489622e-08
1.646011383070522859e-08
1.572317844952369555e-08
1.501488595865827648e-08
1.433573915267252347e-08
1.368383759804552589e-08
1.305817369875458295e-08
1.245961028226505105e-08
1.188450349102043905e-08
1.133488909321249468e-08
1.080831355108079891e-08
1.030268165757839876e-08
9.819794314156289787e-09
9.357114803265096161e-09
8.914481439665061558e-09
8.491205822804665547e-09
8.086374339713373607e-09
7.700048506583695969e-09
7.330366891154079692e-09
6.976964501922890991e-09
6.638977637162081865e-09
6.317485135237193015e-09
6.010563188226272391e-09
5.716412694438800784e-09
5.436872145672052819e-09
5.169510116067889409e-09
4.914944914777957491e-09
4.672438135608973378e-09
4.439693417497589154e-09
4.219660050987824775e-09
4.009862146456914027e-09
3.809641451429132079e-09
3.620341352020740970e-09
3.438496383963478991e-09
3.266108340737477893e-09
3.102403071578051937e-09
2.945034744576457942e-09
2.796833984341230896e-09
2.655716838336237446e-09
2.521097946073492827e-09
2.393582286208457588e-09
2.271413883930869425e-09
2.155831945207429878e-09
2.045763422721260547e-09
1.940332382700539055e-09
1.841426448255107398e-09
1.746883135162343166e-09
1.657157008522200282e-09
1.572181476479370441e-09
1.490694184857775888e-09
1.413986862434300174e-09
1.341219051562330510e-09
1.271524269330784793e-09
1.205987056805457656e-09
1.142937456266426877e-09
1.083404134482532886e-09
1.027509657038738940e-09
9.740410089134234369e-10
9.237623376676091710e-10
8.760889261934762362e-10
8.304701549835433402e-10
7.880440356148315456e-10
7.472054853237555920e-10
7.081041717543517799e-10
6.710804820261424015e-10
6.354937503883586100e-10
6.022429983091458468e-10
5.705440614280290670e-10
5.404032328805900306e-10
5.129366386385429263e-10
4.863175217107953610e-10
4.612055025776011490e-10
4.375816945188643016e-10
4.143150476069938326e-10
3.927343211804034424e-10
3.723202206567909297e-10
3.524902888305318837e-10
3.342671412034055709e-10
3.166030790128563491e-10
2.999527694830243359e-10
2.844363128258232020e-10
2.695331138096992159e-10
2.561610477285464210e-10
2.432192164886098245e-10
2.301917191763983069e-10
2.180307004476227001e-10
2.060991900327377944e-10
1.953832042999884128e-10
1.857752882729873584e-10
1.761065667305014953e-10
1.672666869109170827e-10
1.584479942760009848e-10
1.499006565224466138e-10
1.423198412527967460e-10
1.346528675558887934e-10
1.277719300253291278e-10
1.215968581744478750e-10
1.152862476593347143e-10
1.092890329621047839e-10
1.031655837004734681e-10
9.774483363505038430e-11
9.332648445608213679e-11
8.853243978234828545e-11
8.385778236359231210e-11
7.949444727454764615e-11
7.514014028491113220e-11
7.152610666300388400e-11
6.808965090290541666e-11
6.449016406120228514e-11
6.096582401933405789e-11
5.786865001649011592e-11
5.525073902177692866e-11
5.234438065074617258e-11
4.935139121433132870e-11
4.697988307977749159e-11
4.474778316990444909e-11
4.247745015802718826e-11
4.009034417583021447e-11
3.810282449577901525e-11
3.637262198055213815e-11
3.440375462924455830e-11
3.257281885475252166e-11
3.113884130365371671e-11
2.947432754646861883e-11
2.785539056835709389e-11
2.669541994017759831e-11
2.521265790656324410e-11
2.388648534100208730e-11
2.281420737727875625e-11
2.156781044101750095e-11
2.050628634091417603e-11
1.952687377651852441e-11
1.844094155735339539e-11
1.764849057651420297e-11
1.668364012621342656e-11
1.586205731888027391e-11
1.511023216295903795e-11
1.428902000128539630e-11
1.362197249746239102e-11
1.288779696124348149e-11
1.228303618461204304e-11
1.165004854416549810e-11
1.106912625218903168e-11
1.052696363917641428e-11
9.999497451630124283e-12
9.471874568730375989e-12
9.013562054419247347e-12
8.529816743482023004e-12
8.118814824170683758e-12
7.712978491838293371e-12
7.317160954063252974e-12
6.947712293660118021e-12
6.582552804879830105e-12
6.231302377860859555e-12
5.919702709245448045e-12
5.612520496915232546e-12
5.323923521497858461e-12
5.041511631388906086e-12
4.756368936768807528e-12
4.504694210600859423e-12
4.264507966271912903e-12
4.028991655563642573e-12
3.803575229813922882e-12
3.576832731473001490e-12
3.375837427276016950e-12
3.186285015860392659e-12
2.990126983115592353e-12
2.804626315103428827e-12
2.629738556225022857e-12
2.466752730988601563e-12
2.307541483012872465e-12
2.144702529637154100e-12
1.998529262677376064e-12
1.860853069578910146e-12
1.722016644475924142e-12
1.591698231792354178e-12
1.470371685849019279e-12
1.354022786930426082e-12
1.239845231644110250e-12
1.132904723426483008e-12
1.037905225091656537e-12
9.406410451298904550e-13
8.510289494726402087e-13
7.748949263784095103e-13
6.974450367376609617e-13
6.289242036874044736e-13
5.691432688150242570e-13
5.093624396050356741e-13
4.624106514399053791e-13
4.172497674128088539e-13
3.791223146346765686e-13
3.487751947815540576e-13
3.207000898102179468e-13
2.989552452589221851e-13
2.807644207620728490e-13
2.669316907348855434e-13
2.558885941742155980e-13
2.478979887714616049e-13
2.406216882004543650e-13
2.344006407752029100e-13
2.286459298484869098e-13
2.223554156616297555e-13
2.153823958285344911e-13
2.065856270349446874e-13
1.960878929125241053e-13
1.842789836132087547e-13
1.707080450333166166e-13
1.556256897239578493e-13
1.397974924034134879e-13
1.239438285416335812e-13
1.087472218136830059e-13
9.419741458815070055e-14
8.172504025651971212e-14
7.172689353897147843e-14
6.431055957548015161e-14
5.905840726802887724e-14
5.678174222154723782e-14
5.629337279048915625e-14
5.664352027017747262e-14
5.754429852461553301e-14
5.825619398755108049e-14
5.734290801118515656e-14
5.503702881889921707e-14
5.102181131601956134e-14
4.539543383743174287e-14
3.892171829200612813e-14
3.250746497233610013e-14
2.676116077779400751e-14
2.280368045644040847e-14
2.072532795746995489e-14
2.062678099895542046e-14
2.168283741440366217e-14
2.322997270929393102e-14
2.405545426980591187e-14
2.359361278303006828e-14
2.159766813791089526e-14
1.836354126609024282e-14
1.469601927203614649e-14
1.157220784439921216e-14
9.750003046479317440e-15
9.595108676269289100e-15
1.059953926354379787e-14
1.192232832034904266e-14
1.245988673820950624e-14
1.157289291427710883e-14
9.456244927323662277e-15
7.037756017283005393e-15
5.386754020895840978e-15
5.204141075411274997e-15
6.046591104085951706e-15
7.044261892713606040e-15
7.167886813923833178e-15
6.099004412772943801e-15
4.371310028955165981e-15
3.156825684078621951e-15
3.151274657743261409e-15
4.094809818654243532e-15
4.662302641009071789e-15
4.142306428657687602e-15
2.863032611091990002e-15
2.000561057282459100e-15
2.180552955870980698e-15
2.933748104693247829e-15
3.087376635113231421e-15
2.292436474736413248e-15
1.375486614493688768e-15
1.472902559907754219e-15
2.103473763149486493e-15
2.130375004463846968e-15
1.383630624486157748e-15
9.271839992284302163e-16
1.291896687401367295e-15
1.668476687562966336e-15
1.158836566020541405e-15
6.805138861539936344e-16
9.637024749884775118e-16
1.243363664822853478e-15
7.974928889910352074e-16
5.181858495844471092e-16
8.650052203278353091e-16
8.706056637833524004e-16
4.205817980736518055e-16
5.628473831654035257e-16
7.434500504601222253e-16
4.020996285491716763e-16
3.938244832885187755e-16
6.139369396485512567e-16
3.103600176105932454e-16
3.519828414338069412e-16
4.688930601023744773e-16
2.309910245088943430e-16
3.370590138442520936e-16
3.352817619698643945e-16
1.750219511241706960e-16
3.437339026116730270e-16
1.605533577669116815e-16
2.505071357408012065e-16
1.965135981538122623e-16
1.670220506035221780e-16
2.045274443760484050e-16
1.253620726022978812e-16
1.845834041593646123e-16
1.082336581800341712e-16
1.562339940300995817e-16
9.860370373114226879e-17
1.302123686562641869e-16
8.978103151612350894e-17
1.090175835298678449e-16
8.062356580669815037e-17
9.208310763092340317e-17
7.151635866165075023e-17
7.836637145879871636e-17
6.290988653296529807e-17
6.704463530127913590e-17
5.504744144847833495e-17
5.755722840410331331e-17
4.800822682847864279e-17
4.952391855483879348e-17
4.178047882559798078e-17
4.267556475144202799e-17
3.630985101372104185e-17
3.681161064454600750e-17
3.152557942945343383e-17
3.177592849345633379e-17
2.735352362782848958e-17
2.744299335179007382e-17
2.372231996897704493e-17
2.370960889033859283e-17
2.056605888750093793e-17
2.048964842926588500e-17
1.782523067327334198e-17
1.771049757759754047e-17
1.544681869166956913e-17
1.531050851287739778e-17
1.338398526756624725e-17
1.323709138120561862e-17
1.159557827801447410e-17
1.144523040630497606e-17
1.004557591711915260e-17
9.896298179956847589e-18
8.702529808092788099e-18
8.557089018689763129e-18
7.539036397193523299e-18
7.399019162992223533e-18
6.531250195315432588e-18
6.397457945172665384e-18
5.658443802658988093e-18
5.531164021234182035e-18
4.902614913172023049e-18
4.781807376266873164e-18
4.248138057872882583e-18
4.133562339198804849e-18
3.681457721857212559e-18
3.572759853109894226e-18
3.190819005297081540e-18
3.087589665922623128e-18
2.766031904545877896e-18
2.667844781044622026e-18
2.398265498011106081e-18
2.304701819242984776e-18
2.079868527776463055e-18
1.990532036159334415e-18
1.804213197839604905e-18
1.718738557849322246e-18
1.565559334899355751e-18
1.483616092801200567e-18
1.358936358094408918e-18
1.280229945848122895e-18
1.180040778738447968e-18
1.104311625471061545e-18
1.025147254714745920e-18
9.521687380416633821e-19
8.910314420927550069e-19
8.206071920691803407e-19
7.749031171708033153e-19
7.068640142348710247e-19
6.743482084047091375e-19
6.085493323093937407e-19
5.872786017484371804e-19
5.235962686673615550e-19
5.118886794466338834e-19
4.502176663271783705e-19
4.466177162032726955e-19
3.868687412721942079e-19
3.901173698060278456e-19
3.322148448594348594e-19
3.412235987075017489e-19
2.851036666878740472e-19
2.989324204592921279e-19
