# bin_4_3
3.137973714608094250e-08
6.690211616580912609e-09
2.892018356661560509e-08
5.929587275561404538e-09
2.692495559380545645e-08
5.524882981900000874e-09
2.537257534001115991e-08
5.466654400998589904e-09
2.425181828635911774e-08
5.755157242904069744e-09
2.356179116530497372e-08
6.400600383547412903e-09
2.331225391922981555e-08
7.423641222732993448e-09
2.352419379641006094e-08
8.856130185389856425e-09
2.423065802257279002e-08
1.074211426582213575e-08
2.547785562883281809e-08
1.313911155492926792e-08
2.732653862985150796e-08
1.611966504765078524e-08
2.985367078692576667e-08
1.977318461621683990e-08
3.315438863422475178e-08
2.420807761422042160e-08
3.734425096382617158e-08
2.955416030297208074e-08
4.256176223857375587e-08
3.596532673947949896e-08
4.897113684032323457e-08
4.362243111545795612e-08
5.676524486818167658e-08
5.273630910475122697e-08
6.616864806641715909e-08
6.355082407088804962e-08
7.744058608970945014e-08
7.634577278780544655e-08
9.087771596910681948e-08
9.143941635495356642e-08
1.068163318869077426e-07
1.091903220321081243e-07
1.256337024769643613e-07
1.299980990508943574e-07
1.477480529678556167e-07
1.543024983393449377e-07
1.736165977289046532e-07
1.825802138426334477e-07
2.037308945004653925e-07
2.153385899931008258e-07
2.386086579675074385e-07
2.531053110229086997e-07
2.787810529771674531e-07
2.964130473277941608e-07
3.247744136038470713e-07
3.457779960551386682e-07
3.770853410232078930e-07
4.016713183152594552e-07
4.361482739512890777e-07
4.644827091346093319e-07
5.022949707854140624e-07
5.344758134883956613e-07
5.757059745882803881e-07
6.117360137206415365e-07
6.563551474623292245e-07
6.961123547165432008e-07
7.439498498941780296e-07
7.871571279413845525e-07
8.378713700339822913e-07
8.840689402905437566e-07
9.371227783143529141e-07
9.856479002074970727e-07
1.040294372560317096e-06
1.090274649688125342e-06
1.145559970259836402e-06
1.195927904934165595e-06
1.250719887811144352e-06
1.300257157420341987e-06
1.353307540407073297e-06
1.400727034511517914e-06
1.450774799775116996e-06
1.494845933551266763e-06
1.540764798463535103e-06
1.580482059160760480e-06
1.621467908944566999e-06
1.656253191504846095e-06
1.692035758693853994e-06
1.721951575528161233e-06
1.752999432549479635e-06
1.778933544137862183e-06
1.806604390991817593e-06
1.830369861430903789e-06
1.856943549821229425e-06
1.881227544073322192e-06
1.909754668169709196e-06
1.937853297237853205e-06
1.971767462828616160e-06
2.007073193664307904e-06
2.049560478271295154e-06
2.094831680273445083e-06
2.148031649062682077e-06
2.204570716774260221e-06
2.268791907353342082e-06
2.335771165485210173e-06
2.409009944897776790e-06
2.483269152818261695e-06
2.561366313037416660e-06
2.637992128279084455e-06
2.715669496478040397e-06
2.789479967591678349e-06
2.862207486282566529e-06
2.929871048384823697e-06
2.996039330370490025e-06
3.058041957884693551e-06
3.120424591856017177e-06
3.181721353750141930e-06
3.247051586113462324e-06
3.315404193333245967e-06
3.391470055034089643e-06
3.473508952133952903e-06
3.564632166716613736e-06
3.661429249742645784e-06
3.764967907351906298e-06
3.870334444010485456e-06
3.977485852700374656e-06
4.081619413496810266e-06
4.183681020113026845e-06
4.281120986194194241e-06
4.377559512474924500e-06
4.473356392465007129e-06
4.574074927942160850e-06
4.680765828866306611e-06
4.797633134109731153e-06
4.922833633726627253e-06
5.056506604348756945e-06
5.193174605079056751e-06
5.330819242078647839e-06
5.464650022759487573e-06
5.596001667715110624e-06
5.725382916567342380e-06
5.859038659672583004e-06
5.999964230257817552e-06
6.152667975391276662e-06
6.314720884894896899e-06
6.483626854744267800e-06
6.652243607907898112e-06
6.818466338939911480e-06
6.981301578786275253e-06
7.147236250471358526e-06
7.321132069318040814e-06
7.508006572633686167e-06
7.704190379328471549e-06
7.904483563308126941e-06
8.101294842716081203e-06
8.295667232558100453e-06
8.492378841164816523e-06
8.700417276995366358e-06
8.920138130408586228e-06
9.146492203479049857e-06
9.369510954050752058e-06
9.588871222186884063e-06
9.810765377504614189e-06
1.004472710709247727e-05
1.028781156666438111e-05
1.053088801138675362e-05
1.076642175613176666e-05
1.100229304933398443e-05
1.124713201641967809e-05
1.149980435208010740e-05
1.174636483831358475e-05
1.198464807070435754e-05
1.222447840418206680e-05
1.247258866351105212e-05
1.271548634870034429e-05
1.294586352786373765e-05
1.317317222291900339e-05
1.340577574862961923e-05
1.362829597425453386e-05
1.383570697871246064e-05
1.404103405692153012e-05
1.424534376575045769e-05
1.443052600895226711e-05
1.460574209016003648e-05
1.478034134812075496e-05
1.493934439062376495e-05
1.508232727104785136e-05
1.522651467011743338e-05
1.535417370520553604e-05
1.546928975580330197e-05
1.558487738275476901e-05
1.568506164623947736e-05
1.577900389313362757e-05
1.587456282610745381e-05
1.595443090576116653e-05
1.604290199459252537e-05
1.612174351714463209e-05
1.620387167419316029e-05
1.628768671235508638e-05
1.636934544135274698e-05
1.645904621040488684e-05
1.654509747943024028e-05
1.663980382400933241e-05
1.673105376492718872e-05
1.682840496853605657e-05
1.692196557320941734e-05
1.701796895552313738e-05
1.710897636058573325e-05
1.719901653116369497e-05
1.728286737675639574e-05
1.736367409325627429e-05
1.743825511897602548e-05
1.750977157073750189e-05
1.757678690527384431e-05
1.764269288649483104e-05
1.770712315418541909e-05
1.777322765054208803e-05
1.784068632595796163e-05
1.791160164587320594e-05
1.798477359144876544e-05
1.806078634640442368e-05
1.813738321307191073e-05
1.821409279679307900e-05
1.828848050800388483e-05
1.836034121147680150e-05
1.842841701836871020e-05
1.849392695084941206e-05
1.855730210515806449e-05
1.862089840310228274e-05
1.868564777841527714e-05
1.875326699082846809e-05
1.882327721771048668e-05
1.889540435645331392e-05
1.896749588497389813e-05
1.903840002155837818e-05
1.910648794537838713e-05
1.917226446375069540e-05
1.923639985984464408e-05
1.930117769186551481e-05
1.936774116739696964e-05
1.943706881596456116e-05
1.950788952554537660e-05
1.957882467624073926e-05
1.964779443815906315e-05
1.971468950328393057e-05
1.978019888681049399e-05
1.984664211544600885e-05
1.991512372595104235e-05
1.998584295368534494e-05
2.005677248442963258e-05
2.012637404589574146e-05
2.019389421716215132e-05
2.026109581578636044e-05
2.032967490254132198e-05
2.040052944338041090e-05
2.047189621169178065e-05
2.054208203280109184e-05
2.061053428210664221e-05
2.067934401960938606e-05
2.074993243822304272e-05
2.082196541112152791e-05
2.089302576442114942e-05
2.096266833487306372e-05
2.103243974824485201e-05
2.110424534421560593e-05
2.117672894145520302e-05
2.124806819536387672e-05
2.131848625269131505e-05
2.139041092889187322e-05
2.146344933563183757e-05
2.153564075257594993e-05
2.160687455799522273e-05
2.167958873451944203e-05
2.175306455133159221e-05
2.182544420914922268e-05
2.189761257316658678e-05
2.197146278877877876e-05
2.204481598624165385e-05
2.211732672405716365e-05
2.219105508328594290e-05
2.226518130590156760e-05
2.233797315590146368e-05
2.241195446114779176e-05
2.248611486716117723e-05
2.255932698240841640e-05
2.263343295488382627e-05
2.270741699111114678e-05
2.278074945554064905e-05
2.285522822882144541e-05
2.292855660455662587e-05
2.300250374850371020e-05
2.307610793981131200e-05
2.314955378472770834e-05
2.322283639605414332e-05
2.329579792405100694e-05
2.336884247269829364e-05
2.344121781896574649e-05
2.351382205298995284e-05
2.358534945252367597e-05
2.365705522707660179e-05
2.372784903340333120e-05
2.379829113811091505e-05
2.386819064538736794e-05
2.393738351415833571e-05
2.400578904148556602e-05
2.407351001209829679e-05
2.414004773455749321e-05
2.420588955949711825e-05
2.427054254036856406e-05
2.433405264010363853e-05
2.439637205508664455e-05
2.445723304877709412e-05
2.451669023787045456e-05
2.457463295910474152e-05
2.463069966251172412e-05
2.468507644481259246e-05
2.473744669551891968e-05
2.478780071985830255e-05
2.483597119981438927e-05
2.488168317527793331e-05
2.492499264887775210e-05
2.496576621102042815e-05
2.500368560042279253e-05
2.503875231345579098e-05
2.507071064613710268e-05
2.509950145428432394e-05
2.512496705432367260e-05
2.514694083920323303e-05
2.516534350345771056e-05
2.517996636037945747e-05
2.519066742167025584e-05
2.519741839789031810e-05
2.519999610736148538e-05
2.519837585310432776e-05
2.519242165492522465e-05
2.518197071347124890e-05
2.516699618299218189e-05
2.514735679354333379e-05
2.512299389888173203e-05
2.509385846017335130e-05
2.505977369183782203e-05
2.502075112848198797e-05
2.497671068028078112e-05
2.492756348559505461e-05
2.487326764797254840e-05
2.481377599472423209e-05
2.474904576378327234e-05
2.467906005641729302e-05
2.460375926972407020e-05
2.452313340590884670e-05
2.443716320099748200e-05
2.434581688665395387e-05
2.424909458660083107e-05
2.414700502095603021e-05
2.403954471483140876e-05
2.392672782738461840e-05
2.380855417037057583e-05
2.368505652654052273e-05
2.355628281033694653e-05
2.342229110441785756e-05
2.328315302024674277e-05
2.313890487595690379e-05
2.298961258058774979e-05
2.283534129281249348e-05
2.267618018201343494e-05
2.251219461160785566e-05
2.234346582850414359e-05
2.217009832158380124e-05
2.199222122869962426e-05
2.180995126695462266e-05
2.162341094616534087e-05
2.143273082828012335e-05
2.123802643356833566e-05
2.103942977985249400e-05
2.083707287574474261e-05
2.063109810995862652e-05
2.042168124612631677e-05
2.020898093693667303e-05
1.999315698420996347e-05
1.977435274629927648e-05
1.955271024815989178e-05
1.932840139824650150e-05
1.910162107809039092e-05
1.887253546028761219e-05
1.864131476961380606e-05
1.840812154166752220e-05
1.817314962731031162e-05
1.793658442035961562e-05
1.769858098153785468e-05
1.745931165260107849e-05
1.721896550308329269e-05
1.697771739218643076e-05
1.673573995237240714e-05
1.649318268745938440e-05
1.625022457093953725e-05
1.600704707411512839e-05
1.576383249767117979e-05
1.552071652291228573e-05
1.527785503233586743e-05
1.503542683208333025e-05
1.479358615123408387e-05
1.455246383655405410e-05
1.431220784406967950e-05
1.407297218681978505e-05
1.383490139228930268e-05
1.359811756073409259e-05
1.336275767889590864e-05
1.312894836451068833e-05
1.289680689322569387e-05
1.266645147022559125e-05
1.243798752780950212e-05
1.221153741770397034e-05
1.198720235732195146e-05
1.176506437581083273e-05
1.154523273756417442e-05
1.132777494973698543e-05
1.111278621983349971e-05
1.090035455118958106e-05
1.069053891055026339e-05
1.048340213741621409e-05
1.027900293049615337e-05
1.007739873965947195e-05
9.878650021039475795e-06
9.682799582552891686e-06
9.489890992873409464e-06
9.299963380226638530e-06
9.113039148083272611e-06
8.929147963535069240e-06
8.748319675438047391e-06
8.570585028503037675e-06
8.395945116316327970e-06
8.224420232929896589e-06
8.056029575787454193e-06
7.890771554144761162e-06
7.728640991624156702e-06
7.569614198363645179e-06
7.413672634096526496e-06
7.260854042082729028e-06
7.111132000918420480e-06
6.964474228329764416e-06
6.820874484025596883e-06
6.680289212666446852e-06
6.542720526338045953e-06
6.408115302832628651e-06
6.276431572288304947e-06
6.147711248070831182e-06
6.021862850149777045e-06
5.898848815745055163e-06
5.778653795425310107e-06
5.661189813115376371e-06
5.546478287603262661e-06
5.434428125699230217e-06
5.324964351623659995e-06
5.218160571317869106e-06
5.113888468199934037e-06
5.012111132013087489e-06
4.912801567164125410e-06
4.815829859206524119e-06
4.721255772049081411e-06
4.628955689340183412e-06
4.538842276754901281e-06
4.451017022628395479e-06
4.365305910095278499e-06
4.281692317032608222e-06
4.200126596759571869e-06
4.120471113124692049e-06
4.042834716236319445e-06
3.967061538903866022e-06
3.893053509139384208e-06
3.820919040042205696e-06
3.750458539909078510e-06
3.681694635156970836e-06
3.614578797846735362e-06
3.548968885699843106e-06
3.485002110019624393e-06
3.422477371634934651e-06
3.361309554024616515e-06
3.301646717224740105e-06
3.243273845358401056e-06
3.186240476696489313e-06
3.130461426922974083e-06
3.075798932505207498e-06
3.022448644617737231e-06
2.970185202183969900e-06
2.918939627660005512e-06
2.868855586326092230e-06
2.819713225748649528e-06
2.771601416751360911e-06
2.724430343650006914e-06
2.678063323921647945e-06
2.632713582850468240e-06
2.588141092489507782e-06
2.544331153738573098e-06
2.501410111097914291e-06
2.459134928490522240e-06
2.417646927382509090e-06
2.376865077555141910e-06
2.336635829831359928e-06
2.297185883584948181e-06
2.258296904619162276e-06
2.219971962908060469e-06
2.182307139650212993e-06
2.145102904569745658e-06
2.108504109304292553e-06
2.072426350924372486e-06
2.036746603780637088e-06
2.001679805428622966e-06
1.967013328152724313e-06
1.932796070244735645e-06
1.899081362304588918e-06
1.865710524259527550e-06
1.832835857998243786e-06
1.800369087991326430e-06
1.768231341866540268e-06
1.736609765613395193e-06
1.705329801767600319e-06
1.674462363155119866e-06
1.644040439492743736e-06
1.613939541084737058e-06
1.584295631830702310e-06
1.555005805493683759e-06
1.525989416933447057e-06
1.497359927540253134e-06
1.468924327150633031e-06
1.440711630271314895e-06
1.412688937534700600e-06
1.384727613567641415e-06
1.356927665668001273e-06
1.329195023992104243e-06
1.301500746752239274e-06
1.273972230982979467e-06
1.246517146135491805e-06
1.219245852129661478e-06
1.192200431795196619e-06
1.165363777220659591e-06
1.138887274556529883e-06
1.112744939496862135e-06
1.086963746139529113e-06
1.061648098764456039e-06
1.036724839791260869e-06
1.012264714156374075e-06
9.882625030096798498e-07
9.646738787703414795e-07
9.415745976849066916e-07
9.189097098199429980e-07
8.966855060416176614e-07
8.749432937353890342e-07
8.536082468819681017e-07
8.327136236402587153e-07
8.122321215510457333e-07
7.921126164360228395e-07
7.723910659292374900e-07
7.530236782196633341e-07
7.340163756163658482e-07
7.153854829486254682e-07
6.970817433196786141e-07
6.791104239940778637e-07
6.614444196312567184e-07
6.440621185357027234e-07
6.269914669652299916e-07
6.102125357469805091e-07
5.937297480788402873e-07
5.775289853571344830e-07
5.615817692016497339e-07
5.458986883343796396e-07
5.304905491925754425e-07
5.153592767796849850e-07
5.004965960041338932e-07
4.858744037976925168e-07
4.715007645769699110e-07
4.573945684492284186e-07
4.435643830265433129e-07
4.299901663735891961e-07
4.166602926378530528e-07
4.035909222659452495e-07
3.907938037524042250e-07
3.782622670347195281e-07
3.659809560905578004e-07
3.539612860278757823e-07
3.422254275045775757e-07
3.307444471375422096e-07
3.195137455408168384e-07
3.085581087204905368e-07
2.978687611225068634e-07
2.874332288588887982e-07
2.772513032588234500e-07
2.673345590271484843e-07
2.576737063174281387e-07
2.482560821220480271e-07
2.391040245376588774e-07
2.302043165564607525e-07
2.215450477419645201e-07
2.131507948359034053e-07
2.049946228698058471e-07
1.970861237262370673e-07
1.894240199141986420e-07
1.819832541559522030e-07
1.747870659729557632e-07
1.678104847625532698e-07
1.610504190200564042e-07
1.545175956017066832e-07
1.481994831132484052e-07
1.420912302842018269e-07
1.362033592405825537e-07
1.305177419906058173e-07
1.250296777983315123e-07
1.197447310718332328e-07
1.146354752062768183e-07
1.097142825508124523e-07
1.049664165874153259e-07
1.003966011541136519e-07
9.600377452399320731e-08
9.177872105098640500e-08
8.771963840069116354e-08
8.381058112905978699e-08
8.005271397861313646e-08
7.643639144764419314e-08
7.296405309234043273e-08
6.963857093019450404e-08
6.645173372362682722e-08
6.339642201210416986e-08
6.046368165945265600e-08
5.764966440342102938e-08
5.495109186994152183e-08
5.237857725024633153e-08
4.992054069867536452e-08
4.756137521944123124e-08
4.530087296005530827e-08
4.313174044328243267e-08
4.106565392327126982e-08
3.909553993899266416e-08
3.720279411707735010e-08
3.539074672232240790e-08
3.366025714911206800e-08
3.201551827073394354e-08
3.044622230844452459e-08
2.894511743886439930e-08
2.751349518275501333e-08
2.615495268773433899e-08
2.486372379314946699e-08
2.361919444873383253e-08
2.243632540576556239e-08
2.131408116358506848e-08
2.023433010760817441e-08
1.920882980077826330e-08
1.823405603674421084e-08
1.731008663499759677e-08
1.643119135544948967e-08
1.559188234363769364e-08
1.480231750110369494e-08
1.404170405428142074e-08
1.331443631097072218e-08
1.263003663819429189e-08
1.197008196373368414e-08
1.135090395567992354e-08
1.076509751377797069e-08
1.020423636669962346e-08
9.679126085127809420e-09
9.172539406243786803e-09
8.688465077346126132e-09
8.230854049450085381e-09
7.796570773268607096e-09
7.390056456956854603e-09
7.004260237034206572e-09
6.633588673508179800e-09
6.281304625535389382e-09
5.945969309439848923e-09
5.629263463338003573e-09
5.335293479699897924e-09
5.053986003817645120e-09
4.785450796788933768e-09
4.527738482578768411e-09
4.283233765159403520e-09
4.058940332400388459e-09
3.845707158119245349e-09
3.637825992673647673e-09
3.441225162213900999e-09
3.256549314255271756e-09
3.086247561455292823e-09
2.920949241575229669e-09
2.758375851099470750e-09
2.611860755665904245e-09
2.474782103548110852e-09
2.340430514021887330e-09
2.213184784543757488e-09
2.093853163416520396e-09
1.984149271432165906e-09
1.875723786426729825e-09
1.771833437485656824e-09
1.680273612317419880e-09
1.587623673885017689e-09
1.499851342099652524e-09
1.422743918438443972e-09
1.343684470875589822e-09
1.271422592495222473e-09
1.205449790206235673e-09
1.137642227099823936e-09
1.078276384216544411e-09
1.020845560768732358e-09
9.640169116364767880e-10
9.141004863020027224e-10
8.624709449147387636e-10
8.166488033949518907e-10
7.729183319737144215e-10
7.292630128729626596e-10
6.923799606799083106e-10
6.543718181311470439e-10
6.198670705765028325e-10
5.872371925541924123e-10
5.545293136356893422e-10
5.251805722452486957e-10
4.975247738800410084e-10
4.696032394393117213e-10
4.453894200630719020e-10
4.207307532631788525e-10
3.982370619059216307e-10
3.774326655256718732e-10
3.566133894051575958e-10
3.385827461358081713e-10
3.210165637646088518e-10
3.031436306526717546e-10
2.873255179635763317e-10
2.710049508339888994e-10
2.566984539432313205e-10
2.438981413489146427e-10
2.305208004462276146e-10
2.188231666756476438e-10
2.071542448762082253e-10
1.956441592249515472e-10
1.857217491796135598e-10
1.754088875481654338e-10
1.663578322477145083e-10
1.581011167220567876e-10
1.495287254682580076e-10
1.418378063977723236e-10
1.338168272157841960e-10
1.266069525947823722e-10
1.207746187726107355e-10
1.142995273391065571e-10
1.082689109204820577e-10
1.026026648989483919e-10
9.684769052855790817e-11
9.215909554096803874e-11
8.755816558172164156e-11
8.286407551633464805e-11
7.839368709608322154e-11
7.428970937250308479e-11
7.080642544874511716e-11
6.708573708050235373e-11
6.322132388766670565e-11
6.016105626160163742e-11
5.719207792438174873e-11
5.424119365856111327e-11
5.124771296203247013e-11
4.863496540784059429e-11
4.635889306362808607e-11
4.386372003447293259e-11
4.149588590172379801e-11
3.961926634115217181e-11
3.748610261742040135e-11
3.543601728815973747e-11
3.389444713036175847e-11
3.201252042377703087e-11
3.033672774283915079e-11
2.892915411562312191e-11
2.734466436998590702e-11
2.599316921202406171e-11
2.471897389051380415e-11
2.335820743403658531e-11
2.232020448350020765e-11
2.110125621208667418e-11
2.005361557530401331e-11
1.908270335514831577e-11
1.804876778233285796e-11
1.719299686866888213e-11
1.627026245117753723e-11
1.548974795859567110e-11
1.469047150464377314e-11
1.394853641869719737e-11
1.325980084407046502e-11
1.259051838371720070e-11
1.192584195660560579e-11
1.134012071528569344e-11
1.073402849847693956e-11
1.020875770070794836e-11
9.694774953440187145e-12
9.192534878538248709e-12
8.725448086565822132e-12
8.266726760510796634e-12
7.826129777553417458e-12
7.429002665392128235e-12
7.042190755376818106e-12
6.677088826491293053e-12
6.320889301840581209e-12
5.965756223069123826e-12
5.648995999542679764e-12
5.344548572935936245e-12
5.048720862859175728e-12
4.765579974953310704e-12
4.483355551328955570e-12
4.228519059096727437e-12
3.989125983075825800e-12
3.743929410732739371e-12
3.511615654644432790e-12
3.292138058716449057e-12
3.086723561353787008e-12
2.886616666930447786e-12
2.685205080268684109e-12
2.501572341728754843e-12
2.328825000910177994e-12
2.156320050890588644e-12
1.993583869116501278e-12
1.841100685245465011e-12
1.695860661288918104e-12
1.552680836126143559e-12
1.419848923910548444e-12
1.299273139521524374e-12
1.178606617421829483e-12
1.067416228811094067e-12
9.711644171386438868e-13
8.751274777745989277e-13
7.900570886584758415e-13
7.144421337389352203e-13
6.410816295427442131e-13
5.811051557613101008e-13
5.247079005384474160e-13
4.769436102219934147e-13
4.382921361831281270e-13
4.034749451256242523e-13
3.765265274428422406e-13
3.535463617535304487e-13
3.363654176634132860e-13
3.217566441680843299e-13
3.111756442543646971e-13
3.018734511119803287e-13
2.939682347190142376e-13
2.868096580506556392e-13
2.790505800120184325e-13
2.698187796396744887e-13
2.587624788144959521e-13
2.451216679840219414e-13
2.304130287015334323e-13
2.137710714491700760e-13
1.951609636615209917e-13
1.753112527821989196e-13
1.552754776025145878e-13
1.360044933201612241e-13
1.183935216891928150e-13
1.029187955027205958e-13
9.042822126458514450e-14
8.080565115416736962e-14
7.417266501627639119e-14
7.147691075839521351e-14
7.099595160749079317e-14
7.108708553241100112e-14
7.210051921064987281e-14
7.287930348715684289e-14
7.199786244460300571e-14
6.889656615440079304e-14
6.368382164961225080e-14
5.684752100130313850e-14
4.893777076501313049e-14
4.065658584561698290e-14
3.365968414693739618e-14
2.880743659680503759e-14
2.615581669623147704e-14
2.583746696869546102e-14
2.732319524616810303e-14
2.912108910563204661e-14
3.003690800286074922e-14
2.955969917423851616e-14
2.708706488841816459e-14
2.291477341719380954e-14
1.852674490185939572e-14
1.451357801113624746e-14
1.229549292190949384e-14
1.210563272902457246e-14
1.330637360779775935e-14
1.494154836366221052e-14
1.558385432203890745e-14
1.446409163949664444e-14
1.186183688880068220e-14
8.839416209081694379e-15
6.814501075966917460e-15
6.531377913422744034e-15
7.609939229315256210e-15
8.799064262141581308e-15
8.997555533117590356e-15
7.609149903919441423e-15
5.502966924996853354e-15
3.971996421537122007e-15
3.989192350054744594e-15
5.120343669988231007e-15
5.838905640372642951e-15
5.171175996698270483e-15
3.613725024564376572e-15
2.508930532794138453e-15
2.756287585149351591e-15
3.666929098241504376e-15
3.866761508136412617e-15
2.863178831516408708e-15
1.750496525731985987e-15
1.843452402091643755e-15
2.641106665232298874e-15
2.657099347955902286e-15
1.746036881524144190e-15
1.162359112454423147e-15
1.630836047667310113e-15
2.076691170477635176e-15
1.461110753040557128e-15
8.530333932012565799e-16
1.216678755318250459e-15
1.547289431236907914e-15
1.007483722596866276e-15
6.495439730846767578e-16
1.088132181945907250e-15
1.083628213897772132e-15
5.371806274023801092e-16
7.006160739023391483e-16
9.355519935650022794e-16
5.003454411232118767e-16
5.012415295484170249e-16
7.620536896545448466e-16
3.959607747150155054e-16
4.376194511360095988e-16
5.907710309338908578e-16
2.871243243973402744e-16
4.268331426742252576e-16
4.154217249454323106e-16
2.254725523123649248e-16
4.254776323442224988e-16
2.066148228310889778e-16
3.098930523864739279e-16
2.502502087647623345e-16
2.063747988019358534e-16
2.594590717556791665e-16
1.546043188618895894e-16
2.341901946682941751e-16
1.332111584405931361e-16
1.985961513617371088e-16
1.211344336065485272e-16
1.659366622151698139e-16
1.100948510315762058e-16
1.392950988201565413e-16
9.867363801662749156e-17
1.179657566856378561e-16
8.734114696393061537e-17
1.006548180844741582e-16
7.664966879315971025e-17
8.634065244307854049e-17
6.689617471964695542e-17
7.432606945343248025e-17
5.817541149771165850e-17
6.413739678046375294e-17
5.047017247617147343e-17
5.543871832975755982e-17
4.371102359446789414e-17
4.797928515262268633e-17
3.780858193638658666e-17
4.156361082515896024e-17
3.266958380821140561e-17
3.603433964420797136e-17
2.820444752831202207e-17
3.126198159106802682e-17
2.433054640091923796e-17
2.713837859388599644e-17
2.097334684423353412e-17
2.357227821724624173e-17
1.806649722403287792e-17
2.048616138865906940e-17
1.555141701653807262e-17
1.781386098051689459e-17
1.337666754976943821e-17
1.549870810754730054e-17
1.149724908278569644e-17
1.349204963351868028e-17
9.873898286475639409e-18
1.175203854513441094e-17
8.472422554906753049e-18
1.024263258351303401e-17
7.263087965928531255e-18
8.932756345080632350e-18
6.220066475682861004e-18
7.795594774125176287e-18
5.320942528707353220e-18
6.807993987713484605e-18
4.546276085317678488e-18
5.949950902860061756e-18
3.879217818250533304e-18
5.204177201904526825e-18
3.305171532102497701e-18
4.555725871062087863e-18
2.811498962021161980e-18
3.991670666567604838e-18
2.387262145511715703e-18
3.500830769820581584e-18
2.022999064853317793e-18
3.073533921534940316e-18
1.710528530298475681e-18
2.701412552463797888e-18
1.442780741480975816e-18
2.377228223105094787e-18
1.213650322388171951e-18
2.094720472657025346e-18
1.017869015342771168e-18
1.848476639193589347e-18
8.508955800943425247e-19
1.633819855877171998e-18
7.088207528164504992e-19
1.446712761116691923e-18
5.882853165229308350e-19
1.283674864572671014e-18
4.864097728677869086e-19
1.141711798970389683e-18
4.007340982346749487e-19
1.018254959013415507e-18
3.291664807409770545e-19
9.111102913681379200e-19
2.699399849101138658e-19
8.184151605489764469e-19
2.215762832211607116e-19
7.386023959342975286e-19
1.828557777866323659e-19
6.703708584785332094e-19
1.527935279873146266e-19
