# bin_3_2
1.495636199161944077e-08
1.351984556114723734e-08
1.300251994850401809e-08
1.192345903631477178e-08
1.133778193731997748e-08
1.057345216802851476e-08
9.929269868811296399e-09
9.442528234187266261e-09
8.749622641017933837e-09
8.508327722451173453e-09
7.776472025116739952e-09
7.752996576170864387e-09
6.992027689947478731e-09
7.162852931958249139e-09
6.382761817868421562e-09
6.728146665746969846e-09
5.939186364630080571e-09
6.442904297792436385e-09
5.655717428194734473e-09
6.304856250192889963e-09
5.530621586994079757e-09
6.315440496039012151e-09
5.566040198983565017e-09
6.479880689707440419e-09
5.768087576638533264e-09
6.807333933343748003e-09
6.147018835476854752e-09
7.311103417113339475e-09
6.717461095673592716e-09
8.008909833692686117e-09
7.498700342037307417e-09
8.923211897455813735e-09
8.515013032096640636e-09
1.008156294556487033e-08
9.796025564451595927e-09
1.151698434643442371e-08
1.137707976416886573e-08
1.326832948954597486e-08
1.329957277593407620e-08
1.538060205055154774e-08
1.561122942639145582e-08
1.790518000057773768e-08
1.836625162948015913e-08
2.089988293682913740e-08
2.162527363196346451e-08
2.442880178980344345e-08
2.545503310280957281e-08
2.856179213169449008e-08
2.992764892601031448e-08
3.337351137635255207e-08
3.511937649251869490e-08
3.894186187821124827e-08
4.110869366086602998e-08
4.534568618583608423e-08
4.797356017050414762e-08
5.266155602032409508e-08
5.578769347872599617e-08
6.095950579436040423e-08
6.461572636454233379e-08
7.029759665314021239e-08
7.450716192772401410e-08
8.071526806813127829e-08
8.548913687938094600e-08
9.222555569739258155e-08
9.755815537145999814e-08
1.048064389640041668e-07
1.106711775513867567e-07
1.183918440793236914e-07
1.247367504842790242e-07
1.328631719898655471e-07
1.396072523021268865e-07
1.480426400019503085e-07
1.550737669811115934e-07
1.636901876214569250e-07
1.708655687628194865e-07
1.795061359729112343e-07
1.866565812255082456e-07
1.951420870181143944e-07
2.020813399190353075e-07
2.102225274971208249e-07
2.167627208026064235e-07
2.243790238904213408e-07
2.303527360431976943e-07
2.372974816080768350e-07
2.425857669625465334e-07
2.487764365320578931e-07
2.533404927679533710e-07
2.587906290842522052e-07
2.627024924175208338e-07
2.675493713211318739e-07
2.710144821449423676e-07
2.755342019973693562e-07
2.788965138449887320e-07
2.834965595023645761e-07
2.872161750296819886e-07
2.923961066051687844e-07
2.969917011798232327e-07
3.032669717865415193e-07
3.092220341346225251e-07
3.170153433157244474e-07
3.246593198904277303e-07
3.341783560176470421e-07
3.435699763782001755e-07
3.547072234134534205e-07
3.655630975344287250e-07
3.778660095684373090e-07
3.895843812033251589e-07
4.023422371041006701e-07
4.141580611896442230e-07
4.266238992419998012e-07
4.378879090817814520e-07
4.495952577974629407e-07
4.600987910056931788e-07
4.711559859307385288e-07
4.813501408912694917e-07
4.925387051248114192e-07
5.034725471924290202e-07
5.160007136718401241e-07
5.288895959975612698e-07
5.438066239150149407e-07
5.593595491365807863e-07
5.768970629888503707e-07
5.947966711755661072e-07
6.141163393094950958e-07
6.331401326536861554e-07
6.528790690935771474e-07
6.718347510701150882e-07
6.912937760020866963e-07
7.102247514129956812e-07
7.302909313275101055e-07
7.508172763371511557e-07
7.735160643235253161e-07
7.975746461590716555e-07
8.242227768330312969e-07
8.521051400636809668e-07
8.818612759834838168e-07
9.118758279402219107e-07
9.428449761394099653e-07
9.737134102403041309e-07
1.005924281766542439e-06
1.039213136079037643e-06
1.075353323342610522e-06
1.113878743945351779e-06
1.155715464751362467e-06
1.199408186123516835e-06
1.245142905254846426e-06
1.291575140604662809e-06
1.339771101372310112e-06
1.389717052395573948e-06
1.443316195902630494e-06
1.500382284741714107e-06
1.561509959808448500e-06
1.625031405253220924e-06
1.690917480983726562e-06
1.758466909034983420e-06
1.829452468002292038e-06
1.904386639784809330e-06
1.984336315606428070e-06
2.067742121515000614e-06
2.154078259886808199e-06
2.242500261005565129e-06
2.334830149223547732e-06
2.431692432965927593e-06
2.533476413349378072e-06
2.638010715732289201e-06
2.744918690466464436e-06
2.854538259385803947e-06
2.968810859578943591e-06
3.086691759683109085e-06
3.206655262923106949e-06
3.327452723874934251e-06
3.450993525788311742e-06
3.577299313178311427e-06
3.704693406405185287e-06
3.831046854306032329e-06
3.957998760439061011e-06
4.085708004593424011e-06
4.212023446652497643e-06
4.335078572300421403e-06
4.456895555010567287e-06
4.576520035116950768e-06
4.691312696275719155e-06
4.801574630778814173e-06
4.908793190967631363e-06
5.009775404905424872e-06
5.104644472805387485e-06
5.195172253575827264e-06
5.279054008094351867e-06
5.356304184741660993e-06
5.429399713461686502e-06
5.495642747065676930e-06
5.557150572100215623e-06
5.615007443245449423e-06
5.667573531840486624e-06
5.718573800120742443e-06
5.766341112719745297e-06
5.812989612706386604e-06
5.859315728784208773e-06
5.904875777551221626e-06
5.952056821679725422e-06
5.999034658806763109e-06
6.048207567177497436e-06
6.097372084434552691e-06
6.148153397879179641e-06
6.198357178301569257e-06
6.248811649937886980e-06
6.297497096842076009e-06
6.344808873561965818e-06
6.389114686587901501e-06
6.430851945355247502e-06
6.469023357033764581e-06
6.504476103835188429e-06
6.536955430807817596e-06
6.567786717968474628e-06
6.597253337706049348e-06
6.626842715427491455e-06
6.656855810496281853e-06
6.688382843112003918e-06
6.721165466413269071e-06
6.755477819230475185e-06
6.790301816550877028e-06
6.825230251220049037e-06
6.858939367671934151e-06
6.891078204086001054e-06
6.920869347394075269e-06
6.948794588536740772e-06
6.975080775796364885e-06
7.001018353906920242e-06
7.027260322347925028e-06
7.054893464121154514e-06
7.083821104717934274e-06
7.113987035210025706e-06
7.144212536339500845e-06
7.173789518233333141e-06
7.201676223512962148e-06
7.228044457262921453e-06
7.253189651222003218e-06
7.278436009333903061e-06
7.304504944657136044e-06
7.332096218150061319e-06
7.360550159235900824e-06
7.389113610740627969e-06
7.416497443865000416e-06
7.442563551103566009e-06
7.467611509973828285e-06
7.493024975693483396e-06
7.519498816308582262e-06
7.547277813080517704e-06
7.575186091262172327e-06
7.602308233330375614e-06
7.628076695475952604e-06
7.653504569579060125e-06
7.679591062486269864e-06
7.706994064161871099e-06
7.734703201928387815e-06
7.761722020855188595e-06
7.787599809110444025e-06
7.813563297918170358e-06
7.840474575589630998e-06
7.868261383732964617e-06
7.895471777517181852e-06
7.921801246956704844e-06
7.948074020045893480e-06
7.975494392838895614e-06
8.003295187824139873e-06
8.030419580205172236e-06
8.056896648667409035e-06
8.084195580290207982e-06
8.112118623435580887e-06
8.139558228508439626e-06
8.166367054029749904e-06
8.194020661522268773e-06
8.222114442538159098e-06
8.249574564952277028e-06
8.276845199938337439e-06
8.305101705997947165e-06
8.333057410585975887e-06
8.360506010476244517e-06
8.388632270387553987e-06
8.417025840994760339e-06
8.444625961225586103e-06
8.472959022542648087e-06
8.501435010869855597e-06
8.529399567756595069e-06
8.557913853363558406e-06
8.586429408662257391e-06
8.614586066540964082e-06
8.643491472626183402e-06
8.671776197533582133e-06
8.700525301450278635e-06
8.729182050247398950e-06
8.757881412594569222e-06
8.786627131104800132e-06
8.815348291822380962e-06
8.844251793797767083e-06
8.872950248343342635e-06
8.901978031209271448e-06
8.930621769415164065e-06
8.959636748339292229e-06
8.988416440624376485e-06
9.017248459120302776e-06
9.046075365810530894e-06
9.074826503954890760e-06
9.103535025750349703e-06
9.132264231830067042e-06
9.160771231569188311e-06
9.189346036274729176e-06
9.217727904256711402e-06
9.245976927420490788e-06
9.274168611667974238e-06
9.302135368641209685e-06
9.329967384983384803e-06
9.357616430292610581e-06
9.384957363956530121e-06
9.412153764733949661e-06
9.439018967654370695e-06
9.465585444904699568e-06
9.491884598663297896e-06
9.517758342312830055e-06
9.543286948481509695e-06
9.568396170288530789e-06
9.592980836528415401e-06
9.617127010143340147e-06
9.640701541501564903e-06
9.663684746129911824e-06
9.686061279309563584e-06
9.707728737571769037e-06
9.728727539130124349e-06
9.748955289465963920e-06
9.768331804570280067e-06
9.786873002816444422e-06
9.804478725597694941e-06
9.821124417058816944e-06
9.836770233549336768e-06
9.851314179285072220e-06
9.864762798508213757e-06
9.877019405301117278e-06
9.888022559761417625e-06
9.897761253346961923e-06
9.906137803024386000e-06
9.913119904687976464e-06
9.918662882807729173e-06
9.922675294072057350e-06
9.925165439323851990e-06
9.926056110251835557e-06
9.925314143060054453e-06
9.922921154132561267e-06
9.918809780563522674e-06
9.912945415751113758e-06
9.905299938067756114e-06
9.895819860326630961e-06
9.884511847655928196e-06
9.871312670062969540e-06
9.856207680999002179e-06
9.839169380598363615e-06
9.820149798201868935e-06
9.799135057402836508e-06
9.776114741914431665e-06
9.751049496213558479e-06
9.723942252419965436e-06
9.694755819217734742e-06
9.663484681754909338e-06
9.630117458441892788e-06
9.594649565500520789e-06
9.557076273182262173e-06
9.517406165749786736e-06
9.475616782600609526e-06
9.431727619689147035e-06
9.385734432715834479e-06
9.337658693102619266e-06
9.287504310144987669e-06
9.235292870474754432e-06
9.181043157711407321e-06
9.124780178075132838e-06
9.066505467123612562e-06
9.006259573587670883e-06
8.944073433076073012e-06
8.879987390589711853e-06
8.814014264372209027e-06
8.746184770189171920e-06
8.676527662930318767e-06
8.605095326161172774e-06
8.531928492701413601e-06
8.457071949935037646e-06
8.380557589199522911e-06
8.302458085699367172e-06
8.222817726983835119e-06
8.141692243385188483e-06
8.059142602707791540e-06
7.975250973646022326e-06
7.890071415209072534e-06
7.803675602215007180e-06
7.716126733984630064e-06
7.627508235467090114e-06
7.537879358352274383e-06
7.447317868412936034e-06
7.355883386437688006e-06
7.263651626032322861e-06
7.170682719945024820e-06
7.077031775760809152e-06
6.982756644581867737e-06
6.887926478480842247e-06
6.792596153830709674e-06
6.696845690677821518e-06
6.600745708125780545e-06
6.504386872943369982e-06
6.407851399156444949e-06
6.311218913303091388e-06
6.214566343734625915e-06
6.117959918218267042e-06
6.021453205545571641e-06
5.925106573957525270e-06
5.828958732237311763e-06
5.733059668584018232e-06
5.637456159626959091e-06
5.542211575761888577e-06
5.447390015553036730e-06
5.353078368245611527e-06
5.259345290868143075e-06
5.166257045675579841e-06
5.073847738129510254e-06
4.982149457785680931e-06
4.891180599933002024e-06
4.800975187088884413e-06
4.711571398803180071e-06
4.623025436813011849e-06
4.535397999296402095e-06
4.448750989841747101e-06
4.363115865354158926e-06
4.278502077910692986e-06
4.194905136218299295e-06
4.112346443601423478e-06
4.030863164331364815e-06
3.950504114293268230e-06
3.871303474460429533e-06
3.793283683674570219e-06
3.716436731810496233e-06
3.640757229957997339e-06
3.566261252824191117e-06
3.492989447495259527e-06
3.420961516980068467e-06
3.350179326221974185e-06
3.280623748270675461e-06
3.212295075602230010e-06
3.145215737209870826e-06
3.079397605600869715e-06
3.014828627732006826e-06
2.951512205034579004e-06
2.889442191239594358e-06
2.828616598465946657e-06
2.769009190919850005e-06
2.710620295430397736e-06
2.653481885768166897e-06
2.597559698485936493e-06
2.542812023715653607e-06
2.489261786886488705e-06
2.436912370771852522e-06
2.385734170466763384e-06
2.335665498305044017e-06
2.286743688322091199e-06
2.238985339466840455e-06
2.192296675746269556e-06
2.146697994894924033e-06
2.102208872781926991e-06
2.058731482490557373e-06
2.016306833465683660e-06
1.974919170182402840e-06
1.934493825844756346e-06
1.895068403490571326e-06
1.856610692538068331e-06
1.819084509858335866e-06
1.782485060863343092e-06
1.746764607640425718e-06
1.711952954125784282e-06
1.677988168255758982e-06
1.644843500234322289e-06
1.612539358688699685e-06
1.581022103616460213e-06
1.550290110664151251e-06
1.520313575936167797e-06
1.491044441785058676e-06
1.462527033386228487e-06
1.434695736650673339e-06
1.407512104067948074e-06
1.381024510150830273e-06
1.355143050619082454e-06
1.329900832401163080e-06
1.305254137446735543e-06
1.281151204290198074e-06
1.257656917944781330e-06
1.234689133238194008e-06
1.212227707183032428e-06
1.190312001671998329e-06
1.168853257721018264e-06
1.147894708856023907e-06
1.127392636983258681e-06
1.107291118217620277e-06
1.087669460156940327e-06
1.068437248235373754e-06
1.049590960906496042e-06
1.031160357351551550e-06
1.013062293084326577e-06
9.953498399576059789e-07
9.779776511496801735e-07
9.608929962725434245e-07
9.441809593482921785e-07
9.277488515546613080e-07
9.116091522260823475e-07
8.957812697927856642e-07
8.801908428808466938e-07
8.648995261272109518e-07
8.498598474935322589e-07
8.350279594978281975e-07
8.204861596054269636e-07
8.061460517477076114e-07
7.920309783672228026e-07
7.781502864559784769e-07
7.644388643825749144e-07
7.509616381975901898e-07
7.376679767565935758e-07
7.245237455680792274e-07
7.116017237813656553e-07
6.988217329844856850e-07
6.862180198299783891e-07
6.737967460318579283e-07
6.615128656517444346e-07
6.494404720093768025e-07
6.375390610032660119e-07
6.257930326618380154e-07
6.142644686002911421e-07
6.028771234149670545e-07
5.916530201294865922e-07
5.805676859085659567e-07
5.695593786890228085e-07
5.586691613352891907e-07
5.478357513885676357e-07
5.370382557122782305e-07
5.263192413175465806e-07
5.156214141580542848e-07
5.049851444195363036e-07
4.944095001800102020e-07
4.838743342346854098e-07
4.734438980091937367e-07
4.630917558978093033e-07
4.528308753331635850e-07
4.427077490500943347e-07
4.326891500079549420e-07
4.228196508943522025e-07
4.131015978107379919e-07
4.035216033059401422e-07
3.941264498438334713e-07
3.848870525515753093e-07
3.758112587145042522e-07
3.669227220935393639e-07
3.581909568467067670e-07
3.496409973247386309e-07
3.412613905938207455e-07
3.330331914404205974e-07
3.249807175832584660e-07
3.170742247670846204e-07
3.093154062367556922e-07
3.017072822168953397e-07
2.942272931173709556e-07
2.868887230263556121e-07
2.796817718917336742e-07
2.725940002269755400e-07
2.656391834906443535e-07
2.587982208723442667e-07
2.520736435717375910e-07
2.454650893940155469e-07
2.389625898217883331e-07
2.325745999637737322e-07
2.262974643026752531e-07
2.201285067834171532e-07
2.140734393408736576e-07
2.081188837607747231e-07
2.022659725041451400e-07
1.965130617027291755e-07
1.908560456966419593e-07
1.853008107268894748e-07
1.798500415483715675e-07
1.745045956977090588e-07
1.692632576180641698e-07
1.641201017416599433e-07
1.590766171207413729e-07
1.541327949260247667e-07
1.492896443117302412e-07
1.445458156292112714e-07
1.399001645052497413e-07
1.353538129033717177e-07
1.309067872923843819e-07
1.265664832154956125e-07
1.223273964859352460e-07
1.181841563471128757e-07
1.141359272844691567e-07
1.101816644113885490e-07
1.063296633452363174e-07
1.025820759407456739e-07
9.892749059727861276e-08
9.536823679437071840e-08
9.190423142717857206e-08
8.853238175317828932e-08
8.525461335313314816e-08
8.206836596002652497e-08
7.898143533828326780e-08
7.598175456785907300e-08
7.306383685032565448e-08
7.023906731499998845e-08
6.750278230218645088e-08
6.485018064400173671e-08
6.228324469713977439e-08
5.979498202118678346e-08
5.738676218072243994e-08
5.506403729721622911e-08
5.281539970806887901e-08
5.064287928251950495e-08
4.854512824707989125e-08
4.651993764607279772e-08
4.456843335879350972e-08
4.268352870332336742e-08
4.086696044332167732e-08
3.911819513138659504e-08
3.743325955072989849e-08
3.581128970740718754e-08
3.424940125067234979e-08
3.274751071972789797e-08
3.130324579954711669e-08
2.991449360180427041e-08
2.858119474912640265e-08
2.729991769881635237e-08
2.606939566866542442e-08
2.488828833697136208e-08
2.375570052205849149e-08
2.266747935564663283e-08
2.162613917685770919e-08
2.062636624766872444e-08
1.966961343193376014e-08
1.875471324705119072e-08
1.787500732578891757e-08
1.703582171822797256e-08
1.623167931887917462e-08
1.546207383942355384e-08
1.472713266686139044e-08
1.402305828128698380e-08
1.335194551776433749e-08
1.270965319668430404e-08
1.209613070199821679e-08
1.150923671418277265e-08
1.095005782301210079e-08
1.041594145064712569e-08
9.904854947170065509e-09
9.419416741852614583e-09
8.955276482741778390e-09
8.512415280194846448e-09
8.091256028926448120e-09
7.687155053204703070e-09
7.305208209375184920e-09
6.940554371424772916e-09
6.591260300134068955e-09
6.261202073829425374e-09
5.944924123680185204e-09
5.644832948136845098e-09
5.359668168928087536e-09
5.085893488602539708e-09
4.828097891726913459e-09
4.582204484851446819e-09
4.348040602582406583e-09
4.127021339605419810e-09
3.915116065679331350e-09
3.714626725617367712e-09
3.524341744715539277e-09
3.341780660479361563e-09
3.170168617362211683e-09
3.006847149523151609e-09
2.851374711206246406e-09
2.704193664864018575e-09
2.563608042765913253e-09
2.430748336593150928e-09
2.304348970604268229e-09
2.183332985993894840e-09
2.070113133590270830e-09
1.962000730693333476e-09
1.859429735559177421e-09
1.762531941530498239e-09
1.669615249973046946e-09
1.582393422349522247e-09
1.499743131134917979e-09
1.420308460539754990e-09
1.346127358958670195e-09
1.274737256943932506e-09
1.207302386138118149e-09
1.144279107892260531e-09
1.083663816949823414e-09
1.027063569971287680e-09
9.734332334299527315e-10
9.217111928495064553e-10
8.741598087638201300e-10
8.281406392396099345e-10
7.841967618892089494e-10
7.429137045765142707e-10
7.028296760411061055e-10
6.658113188582726750e-10
6.304784693811294047e-10
5.965135255033799631e-10
5.660256648200675188e-10
5.361671448853936300e-10
5.081361602657786327e-10
4.819706505581160698e-10
4.558653795103842931e-10
4.320224327005875277e-10
4.093730026147509298e-10
3.871798263912411179e-10
3.671689059183629723e-10
3.474875199136676991e-10
3.290605983242364423e-10
3.119654455759717385e-10
2.952852081981807344e-10
2.805745984492561872e-10
2.662584888906340247e-10
2.517801519907740079e-10
2.385220214463346814e-10
2.253291524392364601e-10
2.135472142232004286e-10
2.029728175547687003e-10
1.921874980285249106e-10
1.825279933608433898e-10
1.728502769345890657e-10
1.634173759905803518e-10
1.551544704632752819e-10
1.467099020402305348e-10
1.391804530333894048e-10
1.323997973624559997e-10
1.254038697652319760e-10
1.189045211507247316e-10
1.122251635231023140e-10
1.062684251471257693e-10
1.014333816554860794e-10
9.614993093089678011e-11
9.106265183458294088e-11
8.632673494833240841e-11
8.154681173379872597e-11
7.761611050113712741e-11
7.383824398124372616e-11
6.990989479052623405e-11
6.611441841791794336e-11
6.271248842587106661e-11
5.983774361123536152e-11
5.669467078827936291e-11
5.344343090744912807e-11
5.087052556776431999e-11
4.841518235423061387e-11
4.594442589196048057e-11
4.338035069884011369e-11
4.121005306519172350e-11
3.931586391685790199e-11
3.719175802705742994e-11
3.520060759851146953e-11
3.363880896581254486e-11
3.183451743970200536e-11
3.008930543647127463e-11
2.881487194756781909e-11
2.721619748303164632e-11
2.578669455588309477e-11
2.461504283656775424e-11
2.326872082314497145e-11
2.212306607495081862e-11
2.105508164752916842e-11
1.988909557098799067e-11
1.902428634590107795e-11
1.798515654825449513e-11
1.709573998177784201e-11
1.628023192660342004e-11
1.539621591000010920e-11
1.467304954553700245e-11
1.388397687832818764e-11
1.322787373863670287e-11
1.254458862882030900e-11
1.191714858042764611e-11
1.133117372775601818e-11
1.076205622677528522e-11
1.019373883914406456e-11
9.698107479360582683e-12
9.178107185655232893e-12
8.733126592387339313e-12
8.295521781912356188e-12
7.868036429438912106e-12
7.469758898315541236e-12
7.077273272364204393e-12
6.699621876078759795e-12
6.363043795701412653e-12
6.032344318539675992e-12
5.721389702653858693e-12
5.417310496712641218e-12
5.111983250310234787e-12
4.841310230844053470e-12
4.582249404127994607e-12
4.328958670578349057e-12
4.086751533405581790e-12
3.843639904805451557e-12
3.626632278739970283e-12
3.422236250459976259e-12
3.211560938993519666e-12
3.012120055223024700e-12
2.824065951065090546e-12
2.648422131927062635e-12
2.477292960691189385e-12
2.303210844695942140e-12
2.146226653696353017e-12
1.998329034328448448e-12
1.849863813415275484e-12
1.710080910868052059e-12
1.579663744850984157e-12
1.454710823563254161e-12
1.331909818235926457e-12
1.217140445197268658e-12
1.114453387716995262e-12
1.010213640244429443e-12
9.143624862634824935e-13
8.323704605018320190e-13
7.497405100787338878e-13
6.765122708847875726e-13
6.121789372691807786e-13
5.483448952054559551e-13
4.973997983863672890e-13
4.487006746891847466e-13
4.076424905049980668e-13
3.748126833353025618e-13
3.449525431596371615e-13
3.218562606339050416e-13
3.024419503142858566e-13
2.875768274036395966e-13
2.753423369294893839e-13
2.663314917357859169e-13
2.583847493631806582e-13
2.517357155495039629e-13
2.458170247866463263e-13
2.392283010090444891e-13
2.315690457313160703e-13
2.218756266587253889e-13
2.103091818701893639e-13
1.976579594896796721e-13
1.834072702406587150e-13
1.674176215078966716e-13
1.503630151135391937e-13
1.330556071482738212e-13
1.165892780003428097e-13
1.012738893883107418e-13
8.811718620889295152e-14
7.732177340948840156e-14
6.907447145553006382e-14
6.335895925126392292e-14
6.114922569913183082e-14
6.074838002156713655e-14
6.089508589995102987e-14
6.168434803790618816e-14
6.255158805417492840e-14
6.177064951947316211e-14
5.911562909358946334e-14
5.461676761113844447e-14
4.878615868305210616e-14
4.195680518654884829e-14
3.485400269906364090e-14
2.871995760596816604e-14
2.465554712119501954e-14
2.232869171306382694e-14
2.209213582904153642e-14
2.338448536984212282e-14
2.498512575327257819e-14
2.574778725345190696e-14
2.539207773175016625e-14
2.320918790227879270e-14
1.966753551598898477e-14
1.586375544952745227e-14
1.241434532973005132e-14
1.049497707752319579e-14
1.035724200377625890e-14
1.136397327613477182e-14
1.283686628375731427e-14
1.335904253886259804e-14
1.243170670537099025e-14
1.016001338909532345e-14
7.567462077068486111e-15
5.808888646526172765e-15
5.592243460667676584e-15
6.507040929359956871e-15
7.558715827421043946e-15
7.707134504419038894e-15
6.542451276856914879e-15
4.703354016761162206e-15
3.396346224501141666e-15
3.397601828912038040e-15
4.397757506174858779e-15
5.006972968018052889e-15
4.444618743907117091e-15
3.082669802099706430e-15
2.151987942208980598e-15
2.348788479017023233e-15
3.149863838857643787e-15
3.314925343451381692e-15
2.461855578078801189e-15
1.484628307081943495e-15
1.582800574387743257e-15
2.260294700553440982e-15
2.286415857550438723e-15
1.488975803993283870e-15
9.974497996635921438e-16
1.390398826073425996e-15
1.789631974389595891e-15
1.246486208812376375e-15
7.322109423229793642e-16
1.037352473808628865e-15
1.333385931075046331e-15
8.582401397618106413e-16
5.580142679420593006e-16
9.293848631910510664e-16
9.342307492547367352e-16
4.539987274239641761e-16
6.041356510086096334e-16
7.991305046994670086e-16
4.317390398995396640e-16
4.246547352676762756e-16
6.582159882835488217e-16
3.347490084456743220e-16
3.779500390506298631e-16
5.039166394947317557e-16
2.482626354583056382e-16
3.627151777447002507e-16
3.595236002302286757e-16
1.891977195015887453e-16
3.683896162711652137e-16
1.734774754737844331e-16
2.685647107227804032e-16
2.117162881347588697e-16
1.791678250632487795e-16
2.201078803818209333e-16
1.345068902938513611e-16
1.986297658829419389e-16
1.160933635855999968e-16
1.681823391204565766e-16
1.057137443383672222e-16
1.402391150801717105e-16
9.621124439031384833e-17
1.174704788103241701e-16
8.636243062467876678e-17
9.926923844207657447e-17
7.657710667272201940e-17
8.451929828270805547e-17
6.733538445606024632e-17
7.233970989966269693e-17
5.889612278799618169e-17
6.212985384079304612e-17
5.134294317136636556e-17
5.348216302045594435e-17
4.466236922822683860e-17
4.610796969005268071e-17
3.879552999077138180e-17
3.979204672074871764e-17
3.366611334124547014e-17
3.436676826254151103e-17
2.919429205913640888e-17
2.969731578261714231e-17
2.530328870105824256e-17
2.567282073776403679e-17
2.192222634121710220e-17
2.220073224872386428e-17
1.898712990658972957e-17
1.920300507307676867e-17
1.644101741544714615e-17
1.661337033317559490e-17
1.423355694584154235e-17
1.437528830510496260e-17
1.232053297405392967e-17
1.244035613777842627e-17
1.066324740399732836e-17
1.076703515789492252e-17
9.227919672910283668e-18
9.319612977280838956e-18
7.985117631591732553e-18
8.067344619540597386e-18
6.909233795368911643e-18
6.983734117595476288e-18
5.978012027657142481e-18
6.045928894993435329e-18
5.172124880673040423e-18
5.234206245397351641e-18
4.474799122190667666e-18
4.531536032931199815e-18
3.871485797697799202e-18
3.923207065899504560e-18
3.349570690217490460e-18
3.396507068383808917e-18
2.898120948825527426e-18
2.940448070020277938e-18
2.507663912434332940e-18
2.545530376807892062e-18
2.169994302506789972e-18
2.203539494396615294e-18
1.878006402650936852e-18
1.907371230424864350e-18
1.625548153471603941e-18
1.650880961484957771e-18
1.407294374397014125e-18
1.428753656364646374e-18
1.218636748823682800e-18
1.236391760672633045e-18
1.055588361272873736e-18
1.069818442254026751e-18
9.147009611094635249e-19
9.255941163201215592e-19
7.929932776264587154e-19
8.007443937194418353e-19
6.878889787368457447e-19
6.926979228544544077e-19
5.971629937135546829e-19
5.992327908077548419e-19
5.188951418099458060e-19
5.184303116364980467e-19
4.514301189322004478e-19
4.486352687102068930e-19
3.933430218085603311e-19
3.884217109164118092e-19
3.434097161579450656e-19
3.365636266904326185e-19
3.005814419801024963e-19
