# bin_3_3
3.189684874981402823e-08
3.279690181725473373e-09
2.920968088981764227e-08
2.544180084026206239e-09
2.694844487790870448e-08
2.106198495260304683e-09
2.508544456743905964e-08
1.950310160048943810e-09
2.360162879477524532e-08
2.069001894069428484e-09
2.248642698013503998e-08
2.462672190540888617e-09
2.173778177647225278e-08
3.139812734999600906e-09
2.136237714315862400e-08
4.117379262455426624e-09
2.137606502250226389e-08
5.421359744740911298e-09
2.180449374726621006e-08
7.087541163057034043e-09
2.268394353818623714e-08
9.162482293080254803e-09
2.406237208102727443e-08
1.170469397702178913e-08
2.600067112893020028e-08
1.478602714193639067e-08
2.857413071003171091e-08
1.849326051277804214e-08
3.187409928885358735e-08
2.292987272314617614e-08
3.600981571529244400e-08
2.821796554232425003e-08
4.111037263996215271e-08
3.450028887053556751e-08
4.732674650035945080e-08
4.194228684536256302e-08
5.483379956913538549e-08
5.073405347162770339e-08
6.383211865695350294e-08
6.109203595016989902e-08
7.454950321205592877e-08
7.326027250632790991e-08
8.724185551982824708e-08
8.751087880529288686e-08
1.021931509010421590e-07
1.041434222566683509e-07
1.197140816839063248e-07
1.234827317737134031e-07
1.401388779812127456e-07
1.458746015558134473e-07
1.638197179106129340e-07
1.716787571906835048e-07
1.911180586234102966e-07
2.012583871475848921e-07
2.223921701169936780e-07
2.349655137338808017e-07
2.579801579008827741e-07
2.731215245250252421e-07
2.981778568215809228e-07
3.159923425839893914e-07
3.432112136995866601e-07
3.637580412837342365e-07
3.932032076905217333e-07
4.164772607067913378e-07
4.481360483857817900e-07
4.740476309910573130e-07
5.078104081683162364e-07
5.361646017870987676e-07
5.718048275888816688e-07
6.022826502401976806e-07
6.394401851842273862e-07
6.715847513842065329e-07
7.097561610719432409e-07
7.429681067939272109e-07
7.815087313057864814e-07
8.150561262173215723e-07
8.531994906764684568e-07
8.862480143173606737e-07
9.231483482117448371e-07
9.548172101515571835e-07
9.896199148027371963e-07
1.019067279842154787e-06
1.051009508379803804e-06
1.077547398287303883e-06
1.106085867806096232e-06
1.129318104868731345e-06
1.154273444867059478e-06
1.174241019348456386e-06
1.195937573724830959e-06
1.213244546080430334e-06
1.232612901030555614e-06
1.248494672597035764e-06
1.267094271671023505e-06
1.283382773592312295e-06
1.303298837065224495e-06
1.322241905065967020e-06
1.345821286704442809e-06
1.369733399386969667e-06
1.399154958115477660e-06
1.429919494378372635e-06
1.466649668388701548e-06
1.505158866415796061e-06
1.549417125453762657e-06
1.595112789891731193e-06
1.645543888521590314e-06
1.696279568740002037e-06
1.750060516546226462e-06
1.802496711833707988e-06
1.856043614396901768e-06
1.906659912012557210e-06
1.956900935686941560e-06
2.003440713869543209e-06
2.049297359867328984e-06
2.092109101461636482e-06
2.135493483979607475e-06
2.177975489247220614e-06
2.223502476450307338e-06
2.270970441334209314e-06
2.323978444170666395e-06
2.380982144485041319e-06
2.444452326716946602e-06
2.511758765553463246e-06
2.583932064460097074e-06
2.657366134693359925e-06
2.732291319965607856e-06
2.805222427779941147e-06
2.877024505794311499e-06
2.945790102263102531e-06
3.014171432174720031e-06
3.082283340132295358e-06
3.154070335075023902e-06
3.230154758718119195e-06
3.313525820390830508e-06
3.402867473242284161e-06
3.498372581535881956e-06
3.596279757496572567e-06
3.695288147723841639e-06
3.792134115632977830e-06
3.887781815518119111e-06
3.982607078906162035e-06
4.080902814818550205e-06
4.184765381285945443e-06
4.297288261300988929e-06
4.416894331544604798e-06
4.541888778413225270e-06
4.667503487704702867e-06
4.792297511781864584e-06
4.915713012623603851e-06
5.042153263795786773e-06
5.175068259812316417e-06
5.317848439360802357e-06
5.468143251663729599e-06
5.622367301883095821e-06
5.775507579375292008e-06
5.928220995648821604e-06
6.083932227206712894e-06
6.248698676350784989e-06
6.422933081425998269e-06
6.603108263578728006e-06
6.782597000761665787e-06
6.961072244813956148e-06
7.142912715959761495e-06
7.334484348499912293e-06
7.533922400604777214e-06
7.734840771733614203e-06
7.932223426699233434e-06
8.131242695845854453e-06
8.337870729841537662e-06
8.551094735459231855e-06
8.761464076436931373e-06
8.967218035306219115e-06
9.175067027464671657e-06
9.389268719217048559e-06
9.600599882312062426e-06
9.803703233741166556e-06
1.000495598057351067e-05
1.020964426770731085e-05
1.040719205239828721e-05
1.059373440780840812e-05
1.077804076346922548e-05
1.096039382642932666e-05
1.112835025344178857e-05
1.128773153596788855e-05
1.144484784783102288e-05
1.158912005324697822e-05
1.172026649115939375e-05
1.184974401261292512e-05
1.196557374695842424e-05
1.207030275042316696e-05
1.217303150156261113e-05
1.226289972622136952e-05
1.234650880673013334e-05
1.242929805328814640e-05
1.249993537655979895e-05
1.257515115846672909e-05
1.264304118679200293e-05
1.271260746023467599e-05
1.278326589688773375e-05
1.285253901014567022e-05
1.292778074066261284e-05
1.300102422577459449e-05
1.308088222805952259e-05
1.315890719554960354e-05
1.324163491973384788e-05
1.332194216246300995e-05
1.340393826212213092e-05
1.348206729586114674e-05
1.355889528210340953e-05
1.363042034572416021e-05
1.369872697330533180e-05
1.376140344190146261e-05
1.382079425995459969e-05
1.387595485284823142e-05
1.392964477633744290e-05
1.398185386900669343e-05
1.403528008267547878e-05
1.408992811466955551e-05
1.414762667585033909e-05
1.420751273170171051e-05
1.427003221693543241e-05
1.433324911460249487e-05
1.439659943158819375e-05
1.445788044751615054e-05
1.451674787265845830e-05
1.457203975467009834e-05
1.462476623278671197e-05
1.467536030983928603e-05
1.472597556014602465e-05
1.477756834894961005e-05
1.483176642472338836e-05
1.488821773550296614e-05
1.494668057700383847e-05
1.500516974998939397e-05
1.506255802515999615e-05
1.511727932447658991e-05
1.516974122041490196e-05
1.522054907635905636e-05
1.527184870751130616e-05
1.532475733988033378e-05
1.538025025259781754e-05
1.543716972362231061e-05
1.549422731235237312e-05
1.554942454143160450e-05
1.560261587513954996e-05
1.565440445389552511e-05
1.570698968266912487e-05
1.576143688175354237e-05
1.581799181610515402e-05
1.587474391290710947e-05
1.593023579848299175e-05
1.598369783424581864e-05
1.603678915331730899e-05
1.609110867464997994e-05
1.614756410175095347e-05
1.620449417380410740e-05
1.626030644102275803e-05
1.631442441295939363e-05
1.636883492610989124e-05
1.642488441057878614e-05
1.648231099175589251e-05
1.653880441658044190e-05
1.659393600104843260e-05
1.664912693684607734e-05
1.670621925120868592e-05
1.676392584014521644e-05
1.682053718553555419e-05
1.687621948280383812e-05
1.693329995927846685e-05
1.699140486789372102e-05
1.704870573545917749e-05
1.710506403193531199e-05
1.716282522454859639e-05
1.722130573101364942e-05
1.727876217887218334e-05
1.733598656917894376e-05
1.739479927320526160e-05
1.745312217726018830e-05
1.751064139899797352e-05
1.756927388875176356e-05
1.762828211945049309e-05
1.768602925641413811e-05
1.774494249401227300e-05
1.780404266997029722e-05
1.786230400291851064e-05
1.792144405150869482e-05
1.798049599018296347e-05
1.803894828356371579e-05
1.809851199708506733e-05
1.815698893791941950e-05
1.821615195103001890e-05
1.827504687493267723e-05
1.833390657069156919e-05
1.839272549858165758e-05
1.845131682767348522e-05
1.851007513245604003e-05
1.856828714183487167e-05
1.862683155061534021e-05
1.868454053340659103e-05
1.874258299039879608e-05
1.879996328636046886e-05
1.885716506443950249e-05
1.891401765208509098e-05
1.897042028828416219e-05
1.902635925779556423e-05
1.908195655242860751e-05
1.913674817608864321e-05
1.919113761164781515e-05
1.924470360397242537e-05
1.929753925527573642e-05
1.934967423580561497e-05
1.940084980675505646e-05
1.945111730856505027e-05
1.950039489443867836e-05
1.954843530164924561e-05
1.959542765577594283e-05
1.964107110235905078e-05
1.968535781376054303e-05
1.972823238375036331e-05
1.976947141489656325e-05
1.980911597074470535e-05
1.984703524641393997e-05
1.988302907118080526e-05
1.991712794413813922e-05
1.994908858393047916e-05
1.997887074398575885e-05
2.000637735917797108e-05
2.003142797242109778e-05
2.005399657989563586e-05
2.007391673999830460e-05
2.009103168764939630e-05
2.010531381305782656e-05
2.011660696100515331e-05
2.012484520122669732e-05
2.012992019697094217e-05
2.013167647551890275e-05
2.013008612954217706e-05
2.012503218026550318e-05
2.011642485498293934e-05
2.010423037229614580e-05
2.008832442681171072e-05
2.006867311627881541e-05
2.004522182536213774e-05
2.001787467721465483e-05
1.998663155959814165e-05
1.995141186420321670e-05
1.991219702395445495e-05
1.986894878520686735e-05
1.982159289644349094e-05
1.977012213460718526e-05
1.971449930264773467e-05
1.965463698141038581e-05
1.959054184831939756e-05
1.952218871104287963e-05
1.944955436373566149e-05
1.937262213496475090e-05
1.929138743884918020e-05
1.920586371084911164e-05
1.911607971237201255e-05
1.902207087894843378e-05
1.892389017633985856e-05
1.882153131445439930e-05
1.871503306413994344e-05
1.860441071458313880e-05
1.848971634684441051e-05
1.837097501819490373e-05
1.824823119410755488e-05
1.812155044099740000e-05
1.799103606079184551e-05
1.785675115682389892e-05
1.771878947822868347e-05
1.757722466994045269e-05
1.743213494254149064e-05
1.728360952297965927e-05
1.713174851887029146e-05
1.697665710335431849e-05
1.681847301434984042e-05
1.665729756434438391e-05
1.649323533234077550e-05
1.632636700014780705e-05
1.615679953126068216e-05
1.598467631055076990e-05
1.581018108281055678e-05
1.563344391968941015e-05
1.545458388623843258e-05
1.527368700282874471e-05
1.509089315559688004e-05
1.490635600755658397e-05
1.472023197481008987e-05
1.453267395852144998e-05
1.434382843886484587e-05
1.415380050982763670e-05
1.396272016665610647e-05
1.377071639911928936e-05
1.357796299368473568e-05
1.338460771173621505e-05
1.319079658441883014e-05
1.299663273448979654e-05
1.280225508279544073e-05
1.260780716165292164e-05
1.241341951526545185e-05
1.221921513450182455e-05
1.202533718333151744e-05
1.183189014050689626e-05
1.163898452045433199e-05
1.144675571987413739e-05
1.125535373108800146e-05
1.106484928580860167e-05
1.087532943713682275e-05
1.068693606162685728e-05
1.049977527725820935e-05
1.031392494098181526e-05
1.012948711413434007e-05
9.946548025362312852e-06
9.765210339759846611e-06
9.585532751742561458e-06
9.407596331083239481e-06
9.231497040680268149e-06
9.057307205481098902e-06
8.885056428540951431e-06
8.714832289899202239e-06
8.546693036493594465e-06
8.380679380131857858e-06
8.216861864152771489e-06
8.055281895374268128e-06
7.895969451319569983e-06
7.738969590444243318e-06
7.584316803160979066e-06
7.432036087908680313e-06
7.282173336628811184e-06
7.134726914270010035e-06
6.989735043873060925e-06
6.847217411091345738e-06
6.707180321792376455e-06
6.569636180072678938e-06
6.434568637766212271e-06
6.301986595503391412e-06
6.171912571882813430e-06
6.044352063967948974e-06
5.919279167137029329e-06
5.796696056721745769e-06
5.676575801533029986e-06
5.558923522684487147e-06
5.443700670590677754e-06
5.330889415502174813e-06
5.220512757347735653e-06
5.112517231135226379e-06
5.006875872980951410e-06
4.903581845031598612e-06
4.802577770409887732e-06
4.703877750440036947e-06
4.607412830426435651e-06
4.513130855939786283e-06
4.421075555218468706e-06
4.331160917727085172e-06
4.243356191553217448e-06
4.157646571816298640e-06
4.073939646243417896e-06
3.992276877026688909e-06
3.912561370892125464e-06
3.834725736770598466e-06
3.758835882857082409e-06
3.684769204004274927e-06
3.612512112298458020e-06
3.542030583641456579e-06
3.473219154457686917e-06
3.406149173653884721e-06
3.340694742945171701e-06
3.276783074121334424e-06
3.214496367570708719e-06
3.153692817416772046e-06
3.094378190663980919e-06
3.036504738808877601e-06
2.979958772198407094e-06
2.924847538530337709e-06
2.871022498015638555e-06
2.818414103718447421e-06
2.767119808087008928e-06
2.716973247247938014e-06
2.668015363646000317e-06
2.620183894571827011e-06
2.573360794170063547e-06
2.527686477947660385e-06
2.482991040478752645e-06
2.439227205313151665e-06
2.396493046587604357e-06
2.354609537726756016e-06
2.313650474284592582e-06
2.273548496226836770e-06
2.234180083044997350e-06
2.195712143807294083e-06
2.157964456639302934e-06
2.120914588585143778e-06
2.084652259525360179e-06
2.048996811007138546e-06
2.014051490276776397e-06
1.979741095651254801e-06
1.945951586514245998e-06
1.912858700234553627e-06
1.880279301782869148e-06
1.848222849492029078e-06
1.816754757823239802e-06
1.785715713528095441e-06
1.755221234748686592e-06
1.725194058216458484e-06
1.695536923232556187e-06
1.666420040542916887e-06
1.637669774625557178e-06
1.609321845999099855e-06
1.581418206279335570e-06
1.553825373665649612e-06
1.526664298742095320e-06
1.499857050174712488e-06
1.473329512841415268e-06
1.447234943596123902e-06
1.421419729398154350e-06
1.395940049792607438e-06
1.370822413913243138e-06
1.345966159425890778e-06
1.321495811719768490e-06
1.297338737556612951e-06
1.273444387429017667e-06
1.249933460568570787e-06
1.226659959276388714e-06
1.203663727317233572e-06
1.180923030553361432e-06
1.158324566872243564e-06
1.135943090623901207e-06
1.113675726741873024e-06
1.091470111905927517e-06
1.069412091417333140e-06
1.047393485969945157e-06
1.025486686160301781e-06
1.003706221334017949e-06
9.820193700896078728e-07
9.605484603578044854e-07
9.392616936210062368e-07
9.181782221314591322e-07
8.973955037030021626e-07
8.768550978902500310e-07
8.566332249824619850e-07
8.367365683212544554e-07
8.171362711580617967e-07
7.979128916976623740e-07
7.790211583851727368e-07
7.604669557128312160e-07
7.422939876677742747e-07
7.244401953592992132e-07
7.069476945054492959e-07
6.898018510534255316e-07
6.729670580398394457e-07
6.564840707288065302e-07
6.403058277756082679e-07
6.244310467740843221e-07
6.088738822368129671e-07
5.935889704533393715e-07
5.785963201098589535e-07
5.638781990388066250e-07
5.494121948453432874e-07
5.352181302264763776e-07
5.212621722372711748e-07
5.075479506216642578e-07
4.940768024044127911e-07
4.808276057105200278e-07
4.678093276891471163e-07
4.550134971217943669e-07
4.424313620278474151e-07
4.300701149904252778e-07
4.179147571433958610e-07
4.059711803816103331e-07
3.942389195086420784e-07
3.827119909977297795e-07
3.713921094044569812e-07
3.602800425544821545e-07
3.493755939425153422e-07
3.386770100337597346e-07
3.281858818939545126e-07
3.179050244780547756e-07
3.078325764306595007e-07
2.979710005882183660e-07
2.883152799125911839e-07
2.788695344481921965e-07
2.696352462603076088e-07
2.606034578305906988e-07
2.517809811366887842e-07
2.431623816479391992e-07
2.347462227145710905e-07
2.265394692993946959e-07
2.185290748680694221e-07
2.107220857832946343e-07
2.031246303895734235e-07
1.957246119944239914e-07
1.885296274045888391e-07
1.815355445711831737e-07
1.747386167517398586e-07
1.681434520587644434e-07
1.617331053572035018e-07
1.555146566361355038e-07
1.494821607359365951e-07
1.436258557177175607e-07
1.379563760209809354e-07
1.324627853063678472e-07
1.271474022205948776e-07
1.220138397030598669e-07
1.170479440068340593e-07
1.122514956896021061e-07
1.076224142124942576e-07
1.031402010790352384e-07
9.881647556229619675e-08
9.464056213233913685e-08
9.061135320080344050e-08
8.673771362740424908e-08
8.300382840233721359e-08
7.941167290573866801e-08
7.595002875363389067e-08
7.261361906356779633e-08
6.940091282351798810e-08
6.631014245542911667e-08
6.334749471312929053e-08
6.050492795764799698e-08
5.777586944052630002e-08
5.515305288943838879e-08
5.263104238761716268e-08
5.021314005165452354e-08
4.790307464559398641e-08
4.569413116850635636e-08
4.357259275642422959e-08
4.153577751762121919e-08
3.957990058594698801e-08
3.771452167224125988e-08
3.593432856874321855e-08
3.422162551873735319e-08
3.258000433055266133e-08
3.101013972906889783e-08
2.951625560873766083e-08
2.809165369249972986e-08
2.672479135438944873e-08
2.542143754845169604e-08
2.418456361980316811e-08
2.300558669476165041e-08
2.187082375784730729e-08
2.078922999499584410e-08
1.976244684916664486e-08
1.877498405639009274e-08
1.783334725015314815e-08
1.693969875919487739e-08
1.609165326349837552e-08
1.528343140703832810e-08
1.451282197480576946e-08
1.378638576422615977e-08
1.308606239534125648e-08
1.241595260221482398e-08
1.178395584668415204e-08
1.117433724519278575e-08
1.060193826016879158e-08
1.006051754348271257e-08
9.542007523455294647e-09
9.056105461017943049e-09
8.586638329611380043e-09
8.137298993408890571e-09
7.712337873244740534e-09
7.308891728732177825e-09
6.931414401729560122e-09
6.573263219646733885e-09
6.228489170973982516e-09
5.900109600956924806e-09
5.587419167408032807e-09
5.292483212217796476e-09
5.018853427696012554e-09
4.756527498467403010e-09
4.505412757460688227e-09
4.264246670438355977e-09
4.035975632022349610e-09
3.826257519251273017e-09
3.626621086217082336e-09
3.431880964822320777e-09
3.247422408671433913e-09
3.074808564273660740e-09
2.915130028855061649e-09
2.759763920554045657e-09
2.607589260562633467e-09
2.469877226295410437e-09
2.341014755678335407e-09
2.214700706869628725e-09
2.094703923035793279e-09
1.982695778092592239e-09
1.879237372502092607e-09
1.777057007441877555e-09
1.679652463988475576e-09
1.593065747147118846e-09
1.505842647567643624e-09
1.423060744150444105e-09
1.349966680449004327e-09
1.275596111008371073e-09
1.207130488933843247e-09
1.144787667704072420e-09
1.081090852133924043e-09
1.024686475323425984e-09
9.706027450573263717e-10
9.167402523341059484e-10
8.692700694168705893e-10
8.205332331777929677e-10
7.770347709981239014e-10
7.356618221865090147e-10
6.944646718903530812e-10
6.593360440236123217e-10
6.232465239448059371e-10
5.905367687778231645e-10
5.595535644495776374e-10
5.287366229310007778e-10
5.007317727950483691e-10
4.743650274964745704e-10
4.478900731906535772e-10
4.248603048847914042e-10
4.015267363412027855e-10
3.800926167786974766e-10
3.601882909606939295e-10
3.404783640489478529e-10
3.233478892966803625e-10
3.066532686520186766e-10
2.896063828984708514e-10
2.744577313053484145e-10
2.590116292404563853e-10
2.453796303556869814e-10
2.330918320177393446e-10
2.204208517103105450e-10
2.092946232588909057e-10
1.981171825505196379e-10
1.871335602188066341e-10
1.776924098972865189e-10
1.678545554984745403e-10
1.591792814686558279e-10
1.513344488719578553e-10
1.431743820572284305e-10
1.357723673139913140e-10
1.281439586532889271e-10
1.212456786633508951e-10
1.156652290105867924e-10
1.095196077991446306e-10
1.037186322541985381e-10
9.831223609188638178e-11
9.281193091179993867e-11
8.831625409817569616e-11
8.394033321454507429e-11
7.943569850033333523e-11
7.515898070509509502e-11
7.122820024535524102e-11
6.790988584068080062e-11
6.433833908273837737e-11
6.064029929451305090e-11
5.770555766226673931e-11
5.487229826754623972e-11
5.204520150868066889e-11
4.917062540235935402e-11
4.667052480287063791e-11
4.449639958526542274e-11
4.209954648096851471e-11
3.983199123086543563e-11
3.803571684672778943e-11
3.599092342649825254e-11
3.402102109441015313e-11
3.254978474370386325e-11
3.074193302568138577e-11
2.913413835435576504e-11
2.778645748654785462e-11
2.626569906693210008e-11
2.496820289050697987e-11
2.374842005730903204e-11
2.243952119448584317e-11
2.144743803044746680e-11
2.027538485434247199e-11
1.927067039860153904e-11
1.833942680404564355e-11
1.734591936726320616e-11
1.652494334781020127e-11
1.563862861308730953e-11
1.488977267894757589e-11
1.412214291975872264e-11
1.340928377442662303e-11
1.274881864804200798e-11
1.210567278912804417e-11
1.146679732106374841e-11
1.090436950883958608e-11
1.032174799969612964e-11
9.817312763630709730e-12
9.324014204362021013e-12
8.840754370601221896e-12
8.392486920978801765e-12
7.951206041277266285e-12
7.527537237534269100e-12
7.146023648262354819e-12
6.774344306907433147e-12
6.423305104454257355e-12
6.081198472315050397e-12
5.738961687770321431e-12
5.434882326926414881e-12
5.142044468324992061e-12
4.857616380897157574e-12
4.585339585067238082e-12
4.313718817788103498e-12
4.068604250117562116e-12
3.838780940950277835e-12
3.602447833539194904e-12
3.379187085529611148e-12
3.167890658219096501e-12
2.970411750546972637e-12
2.777895774711246608e-12
2.583926714238459803e-12
2.407192671179916650e-12
2.241199296655983213e-12
2.074855884813641250e-12
1.918442942532234573e-12
1.771570446001908691e-12
1.631880870973624263e-12
1.493968450506717654e-12
1.366109168383320737e-12
1.250103179571942871e-12
1.134008925050607375e-12
1.026773127439086089e-12
9.344059695982169194e-13
8.418082024332463802e-13
7.599979852905924477e-13
6.872355839061557893e-13
6.165482349065253638e-13
5.588265607590496533e-13
5.046030868894446368e-13
4.585133376657466587e-13
4.214933054847041946e-13
3.879158983279631743e-13
3.620907277127047800e-13
3.399770278978502486e-13
3.234845260413509592e-13
3.094106798243222365e-13
2.993088048438956812e-13
2.902840756925728013e-13
2.827879306827193612e-13
2.758807231539351708e-13
2.685128161729982636e-13
2.596401232704262910e-13
2.490211502490952033e-13
2.358605081072356574e-13
2.217395592572633509e-13
2.056663192835567301e-13
1.878177082318935366e-13
1.686658520160645319e-13
1.494190028976986422e-13
1.308393007862286348e-13
1.138772434148372248e-13
9.895190728677691583e-14
8.696184717431318509e-14
7.767616818604217805e-14
7.134162058589643600e-14
6.872422230894576776e-14
6.829123179474742728e-14
6.835245511603188456e-14
6.935820895219297927e-14
7.012810197428053539e-14
6.930586896896081223e-14
6.627878207952371831e-14
6.128431011031217481e-14
5.469147524074081402e-14
4.710831595856482318e-14
3.910145815464819849e-14
3.235972631503716799e-14
2.769083682409502183e-14
2.516393905612057238e-14
2.483219445306780837e-14
2.628196274075529911e-14
2.800985013131832752e-14
2.891746609871022190e-14
2.843893185670962614e-14
2.606663700202984879e-14
2.204748417452717640e-14
1.782971710798483615e-14
1.394100677141826176e-14
1.183110952114640813e-14
1.163445886618776532e-14
1.279822226136231655e-14
1.437568031533374503e-14
1.500198995322011666e-14
1.391262281356513413e-14
1.142152916655821504e-14
8.493302725775857008e-15
6.555638653069115822e-15
6.275748528802922248e-15
7.322598581130524222e-15
8.464275198167762897e-15
8.661536683078042693e-15
7.319558979651042200e-15
5.296845724397414454e-15
3.812879253247061020e-15
3.839336164116042390e-15
4.922246174230376021e-15
5.623664876565870226e-15
4.972550111151024473e-15
3.478864892769698723e-15
2.408544678441801542e-15
2.653438071086259035e-15
3.524905286565035331e-15
3.724963311599136902e-15
2.751828620646031565e-15
1.684837035428943237e-15
1.769795203586647377e-15
2.544291828726258875e-15
2.554593352393640399e-15
1.681816715420498738e-15
1.114739480981007247e-15
1.570936375695162280e-15
1.996663434910655349e-15
1.407784420816092742e-15
8.175974081222478480e-16
1.172354031388398618e-15
1.487368256382357909e-15
9.709062463720613539e-16
6.223545269644485624e-16
1.048875835780537788e-15
1.041131681717346948e-15
5.179079394933287855e-16
6.723198841331224947e-16
9.019544609747245993e-16
4.796043086135471365e-16
4.834076540228179085e-16
7.320792410330381991e-16
3.820543031107959481e-16
4.195447901994197326e-16
5.698850269879927729e-16
2.747185066957327178e-16
4.118605109389495888e-16
3.986006513349436445e-16
2.177824817717023697e-16
4.084532036518342730e-16
1.996384401240810270e-16
2.971710872031896117e-16
2.417236227701615885e-16
1.975127087170074794e-16
2.506089748483802249e-16
1.477293838251306925e-16
2.262502705704594674e-16
1.272183633705667282e-16
1.919336860375535674e-16
1.156771959972039271e-16
1.604429248566690674e-16
1.051257471901309703e-16
1.347509974568535125e-16
9.419752944982715060e-17
1.141780568655159625e-16
8.334703376523958977e-17
9.747726277275025609e-17
7.310757695044062829e-17
8.366412762407194112e-17
6.376621167893809130e-17
7.206688389565389664e-17
5.541493814498916388e-17
6.222919230679388799e-17
4.803774635660262513e-17
5.382746859992283412e-17
4.156820681736529759e-17
4.662019111305678774e-17
3.592059836678890896e-17
4.041907701153389965e-17
3.100540640413696085e-17
3.507257154960173114e-17
2.673662062435370035e-17
3.045595662922155999e-17
2.303489600257106047e-17
2.646505602358343989e-17
1.982865498357292565e-17
2.301197166373810320e-17
1.705417735303300464e-17
2.002202844787758050e-17
1.465520791191381722e-17
1.743148100324893603e-17
1.258235298666721378e-17
1.518572886519903917e-17
1.079240564991111517e-17
1.323788919389792469e-17
9.247670775643491178e-18
1.154763227503634832e-17
7.915325480575155752e-18
1.008021749099965447e-17
6.766830872132387599e-18
8.805686752125458586e-18
5.777400706459177277e-18
7.698184373967683938e-18
4.925527130820057593e-18
6.735380228475335869e-18
4.192560610188634702e-18
5.897978450169888605e-18
3.562339983815264007e-18
5.169297590826843442e-18
3.020867910660936324e-18
4.534911011000392285e-18
2.556027000786615683e-18
3.982338270597945744e-18
2.157332107049751658e-18
3.500779856374149209e-18
1.815714531078269043e-18
3.080889017609513850e-18
1.523334343900228461e-18
2.714575289916687991e-18
1.273417307899256719e-18
2.394835249462514060e-18
1.060113430273204161e-18
2.115606665001380610e-18
8.783743100041001452e-19
1.871642819746291499e-18
7.238470181352813969e-19
1.658404269781038312e-18
5.927822984019497579e-19
1.471965602481100114e-18
4.819554043736090896e-19
1.308935291295323362e-18
3.885978555584580620e-19
1.166386824855055138e-18
3.103388716484138371e-19
1.041799764096337556e-18
2.451552162893240083e-19
9.330093857033830254e-19
1.913285329519446343e-19
8.381639315361667582e-19
1.474092148129900134e-19
7.556885461275558654e-19
1.121862285678531654e-19
6.842552153535706810e-19
8.466215414949901606e-20
