# z
0.000000000000000000e+00
5.100000000000000366e-03
1.509999999999999884e-02
2.510000000000000078e-02
3.510000000000000620e-02
4.510000000000000120e-02
5.510000000000000314e-02
6.510000000000000508e-02
7.510000000000001397e-02
8.509999999999999509e-02
9.510000000000000397e-02
1.051000000000000129e-01
1.150999999999999940e-01
1.250999999999999890e-01
1.350999999999999979e-01
1.451000000000000068e-01
1.550999999999999879e-01
1.650999999999999968e-01
1.750999999999999779e-01
1.850999999999999868e-01
1.950999999999999956e-01
2.051000000000000045e-01
2.150999999999999857e-01
2.250999999999999945e-01
2.350999999999999757e-01
2.450999999999999845e-01
2.550999999999999934e-01
2.651000000000000023e-01
2.751000000000000112e-01
2.851000000000000201e-01
2.950999999999999734e-01
3.050999999999999823e-01
3.150999999999999912e-01
3.251000000000000001e-01
3.351000000000000090e-01
3.451000000000000179e-01
3.550999999999999712e-01
3.650999999999999801e-01
3.750999999999999890e-01
3.850999999999999979e-01
3.951000000000000068e-01
4.051000000000000156e-01
4.151000000000000245e-01
4.250999999999999779e-01
4.350999999999999868e-01
4.450999999999999956e-01
4.551000000000000045e-01
4.651000000000000134e-01
4.750999999999999668e-01
4.850999999999999757e-01
4.950999999999999845e-01
5.050999999999999934e-01
5.151000000000000023e-01
5.251000000000000112e-01
5.351000000000000201e-01
5.451000000000000290e-01
5.551000000000000378e-01
5.651000000000000467e-01
5.750999999999999446e-01
5.850999999999999535e-01
5.950999999999999623e-01
6.050999999999999712e-01
6.150999999999999801e-01
6.250999999999999890e-01
6.350999999999999979e-01
6.451000000000000068e-01
6.551000000000000156e-01
6.651000000000000245e-01
6.751000000000000334e-01
6.851000000000000423e-01
6.951000000000000512e-01
7.051000000000000600e-01
7.150999999999999579e-01
7.250999999999999668e-01
7.350999999999999757e-01
7.450999999999999845e-01
7.550999999999999934e-01
7.651000000000000023e-01
7.751000000000000112e-01
7.851000000000000201e-01
7.951000000000000290e-01
8.051000000000000378e-01
8.151000000000000467e-01
8.251000000000000556e-01
8.350999999999999535e-01
8.450999999999999623e-01
8.550999999999999712e-01
8.650999999999999801e-01
8.750999999999999890e-01
8.850999999999999979e-01
8.951000000000000068e-01
9.051000000000000156e-01
9.151000000000000245e-01
9.251000000000000334e-01
9.351000000000000423e-01
9.451000000000000512e-01
9.551000000000000600e-01
9.650999999999999579e-01
9.750999999999999668e-01
9.850999999999999757e-01
9.950999999999999845e-01
1.005099999999999882e+00
1.015100000000000113e+00
1.025099999999999900e+00
1.035100000000000131e+00
1.045099999999999918e+00
1.055100000000000149e+00
1.065099999999999936e+00
1.075100000000000167e+00
1.085099999999999953e+00
1.095100000000000184e+00
1.105099999999999971e+00
1.115100000000000202e+00
1.125099999999999989e+00
1.135100000000000220e+00
1.145100000000000007e+00
1.155100000000000016e+00
1.165100000000000025e+00
1.175099999999999811e+00
1.185100000000000042e+00
1.195099999999999829e+00
1.205100000000000060e+00
1.215099999999999847e+00
1.225100000000000078e+00
1.235099999999999865e+00
1.245100000000000096e+00
1.255099999999999882e+00
1.265100000000000113e+00
1.275099999999999900e+00
1.285100000000000131e+00
1.295099999999999918e+00
1.305100000000000149e+00
1.315099999999999936e+00
1.325100000000000167e+00
1.335099999999999953e+00
1.345100000000000184e+00
1.355099999999999971e+00
1.365100000000000202e+00
1.375099999999999989e+00
1.385100000000000220e+00
1.395100000000000007e+00
1.405100000000000016e+00
1.415100000000000025e+00
1.425099999999999811e+00
1.435100000000000042e+00
1.445099999999999829e+00
1.455100000000000060e+00
1.465099999999999847e+00
1.475100000000000078e+00
1.485099999999999865e+00
1.495100000000000096e+00
1.505099999999999882e+00
1.515100000000000113e+00
1.525099999999999900e+00
1.535100000000000131e+00
1.545099999999999918e+00
1.555100000000000149e+00
1.565099999999999936e+00
1.575100000000000167e+00
1.585099999999999953e+00
1.595100000000000184e+00
1.605099999999999971e+00
1.615100000000000202e+00
1.625099999999999989e+00
1.635100000000000220e+00
1.645100000000000007e+00
1.655100000000000238e+00
1.665100000000000025e+00
1.675099999999999811e+00
1.685100000000000042e+00
1.695099999999999829e+00
1.705100000000000060e+00
1.715099999999999847e+00
1.725100000000000078e+00
1.735099999999999865e+00
1.745100000000000096e+00
1.755099999999999882e+00
1.765100000000000113e+00
1.775099999999999900e+00
1.785100000000000131e+00
1.795099999999999918e+00
1.805100000000000149e+00
1.815099999999999936e+00
1.825100000000000167e+00
1.835099999999999953e+00
1.845100000000000184e+00
1.855099999999999971e+00
1.865100000000000202e+00
1.875099999999999989e+00
1.885100000000000220e+00
1.895100000000000007e+00
1.905100000000000238e+00
1.915100000000000025e+00
1.925099999999999811e+00
1.935100000000000042e+00
1.945099999999999829e+00
1.955100000000000060e+00
1.965099999999999847e+00
1.975100000000000078e+00
1.985099999999999865e+00
1.995100000000000096e+00
2.005100000000000104e+00
2.015100000000000335e+00
2.025100000000000566e+00
2.035100000000000353e+00
2.045100000000000140e+00
2.055099999999999927e+00
2.065100000000000158e+00
2.075100000000000389e+00
2.085100000000000176e+00
2.095099999999999962e+00
2.105100000000000193e+00
2.115100000000000424e+00
2.125100000000000211e+00
2.135099999999999998e+00
2.145100000000000229e+00
2.155100000000000460e+00
2.165100000000000247e+00
2.175100000000000033e+00
2.185100000000000264e+00
2.195100000000000495e+00
2.205100000000000282e+00
2.215100000000000069e+00
2.225100000000000300e+00
2.235100000000000531e+00
2.245100000000000318e+00
2.255100000000000104e+00
2.265100000000000335e+00
2.275100000000000566e+00
2.285100000000000353e+00
2.295100000000000140e+00
2.305100000000000371e+00
2.315100000000000158e+00
2.325100000000000389e+00
2.335100000000000176e+00
2.345099999999999962e+00
2.355100000000000193e+00
2.365100000000000424e+00
2.375100000000000211e+00
2.385099999999999998e+00
2.395100000000000229e+00
2.405100000000000460e+00
2.415100000000000247e+00
2.425100000000000033e+00
2.435100000000000264e+00
2.445100000000000495e+00
2.455100000000000282e+00
2.465100000000000069e+00
2.475100000000000300e+00
2.485100000000000531e+00
2.495100000000000318e+00
2.505100000000000104e+00
2.515100000000000335e+00
2.525100000000000566e+00
2.535100000000000353e+00
2.545100000000000140e+00
2.555100000000000371e+00
2.565100000000000158e+00
2.575100000000000389e+00
2.585100000000000176e+00
2.595099999999999962e+00
2.605100000000000193e+00
2.615100000000000424e+00
2.625100000000000211e+00
2.635099999999999998e+00
2.645100000000000229e+00
2.655100000000000460e+00
2.665100000000000247e+00
2.675100000000000033e+00
2.685100000000000264e+00
2.695100000000000495e+00
2.705100000000000282e+00
2.715100000000000069e+00
2.725100000000000300e+00
2.735100000000000531e+00
2.745100000000000318e+00
2.755100000000000104e+00
2.765100000000000335e+00
2.775100000000000566e+00
2.785100000000000353e+00
2.795100000000000140e+00
2.805100000000000371e+00
2.815100000000000158e+00
2.825100000000000389e+00
2.835100000000000176e+00
2.845099999999999962e+00
2.855100000000000193e+00
2.865100000000000424e+00
2.875100000000000211e+00
2.885099999999999998e+00
2.895100000000000229e+00
2.905100000000000460e+00
2.915100000000000247e+00
2.925100000000000033e+00
2.935100000000000264e+00
2.945100000000000495e+00
2.955100000000000282e+00
2.965100000000000069e+00
2.975100000000000300e+00
2.985100000000000531e+00
2.995100000000000318e+00
3.005100000000000104e+00
3.015100000000000335e+00
3.025100000000000566e+00
3.035100000000000353e+00
3.045100000000000140e+00
3.055100000000000371e+00
3.065100000000000602e+00
3.075100000000000389e+00
3.085100000000000176e+00
3.095099999999999962e+00
3.105100000000000193e+00
3.115100000000000424e+00
3.125100000000000211e+00
3.135099999999999998e+00
3.145100000000000229e+00
3.155100000000000460e+00
3.165100000000000247e+00
3.175100000000000033e+00
3.185100000000000264e+00
3.195100000000000495e+00
3.205100000000000282e+00
3.215100000000000069e+00
3.225100000000000300e+00
3.235100000000000531e+00
3.245100000000000318e+00
3.255100000000000104e+00
3.265100000000000335e+00
3.275100000000000566e+00
3.285100000000000353e+00
3.295100000000000140e+00
3.305100000000000371e+00
3.315100000000000602e+00
3.325100000000000389e+00
3.335100000000000176e+00
3.345099999999999962e+00
3.355100000000000193e+00
3.365100000000000424e+00
3.375100000000000211e+00
3.385099999999999998e+00
3.395100000000000229e+00
3.405100000000000460e+00
3.415100000000000247e+00
3.425100000000000033e+00
3.435100000000000264e+00
3.445100000000000495e+00
3.455100000000000282e+00
3.465100000000000069e+00
3.475100000000000300e+00
3.485100000000000531e+00
3.495100000000000318e+00
3.505100000000000104e+00
3.515100000000000335e+00
3.525100000000000566e+00
3.535100000000000353e+00
3.545100000000000140e+00
3.555100000000000371e+00
3.565100000000000602e+00
3.575100000000000389e+00
3.585100000000000176e+00
3.595099999999999962e+00
3.605100000000000193e+00
3.615100000000000424e+00
3.625100000000000211e+00
3.635099999999999998e+00
3.645100000000000229e+00
3.655100000000000460e+00
3.665100000000000247e+00
3.675100000000000033e+00
3.685100000000000264e+00
3.695100000000000495e+00
3.705100000000000282e+00
3.715100000000000069e+00
3.725100000000000300e+00
3.735100000000000531e+00
3.745100000000000318e+00
3.755100000000000104e+00
3.765100000000000335e+00
3.775100000000000566e+00
3.785100000000000353e+00
3.795100000000000140e+00
3.805100000000000371e+00
3.815100000000000602e+00
3.825100000000000389e+00
3.835100000000000176e+00
3.845099999999999962e+00
3.855100000000000193e+00
3.865100000000000424e+00
3.875100000000000211e+00
3.885099999999999998e+00
3.895100000000000229e+00
3.905100000000000460e+00
3.915100000000000247e+00
3.925100000000000033e+00
3.935100000000000264e+00
3.945100000000000495e+00
3.955100000000000282e+00
3.965100000000000069e+00
3.975100000000000300e+00
3.985100000000000531e+00
3.995100000000000318e+00
