# ee
5.789579823613166809e-02
8.673176169395446777e-02
8.845970779657363892e-02
7.013154774904251099e-02
4.573177546262741089e-02
2.588986977934837341e-02
1.428808085620403290e-02
9.345768019556999207e-03
7.733411155641078949e-03
6.944248918443918228e-03
6.058114115148782730e-03
5.265708547085523605e-03
4.877158440649509430e-03
4.865907132625579834e-03
5.107806064188480377e-03
5.425014998763799667e-03
5.691421683877706528e-03
6.041505839675664902e-03
6.644763518124818802e-03
7.550152018666267395e-03
8.764120750129222870e-03
1.024361513555049896e-02
1.194212771952152252e-02
1.384885236620903015e-02
1.596247404813766479e-02
1.828392408788204193e-02
2.080772817134857178e-02
2.350051701068878174e-02
2.634266391396522522e-02
2.939739264547824860e-02
3.273351863026618958e-02
3.635933622717857361e-02
4.026750847697257996e-02
4.444863274693489075e-02
4.890535771846771240e-02
5.369058623909950256e-02
5.884986370801925659e-02
6.434906274080276489e-02
7.013417035341262817e-02
7.616592943668365479e-02
8.246430009603500366e-02
8.906403928995132446e-02
9.599989652633666992e-02
1.033066436648368835e-01
1.110106185078620911e-01
1.191045790910720825e-01
1.275728791952133179e-01
1.363998204469680786e-01
1.455697864294052124e-01
1.550713628530502319e-01
1.649102121591567993e-01
1.750962585210800171e-01
1.856394112110137939e-01
1.965495645999908447e-01
2.078338712453842163e-01
2.194882035255432129e-01
2.315056622028350830e-01
2.438793480396270752e-01
2.566023468971252441e-01
2.696680128574371338e-01
2.830710113048553467e-01
2.968061864376068115e-01
3.108684718608856201e-01
3.252526819705963135e-01
3.399530351161956787e-01
3.549607396125793457e-01
3.702663481235504150e-01
3.858603239059448242e-01
4.017332792282104492e-01
4.178754985332489014e-01
4.342769682407379150e-01
4.509275257587432861e-01
4.678169786930084229e-01
4.849350750446319580e-01
5.022709965705871582e-01
5.198109745979309082e-01
5.375404953956604004e-01
5.554451346397399902e-01
5.735105276107788086e-01
5.917220115661621094e-01
6.100650429725646973e-01
6.285248398780822754e-01
6.470867395401000977e-01
6.657360196113586426e-01
6.844574809074401855e-01
7.032341957092285156e-01
7.220486998558044434e-01
7.408837080001831055e-01
7.597216963768005371e-01
7.785453200340270996e-01
7.973366975784301758e-01
8.160780072212219238e-01
8.347513675689697266e-01
8.533390164375305176e-01
8.718230724334716797e-01
8.901855349540710449e-01
9.084088802337646484e-01
9.264749288558959961e-01
9.443660378456115723e-01
9.620642066001892090e-01
9.795517325401306152e-01
9.968107342720031738e-01
1.013823270797729492e+00
1.030571699142456055e+00
1.047037959098815918e+00
1.063204288482666016e+00
1.079052805900573730e+00
1.094565629959106445e+00
1.109724998474121094e+00
1.124513983726501465e+00
1.138919115066528320e+00
1.152928233146667480e+00
1.166528820991516113e+00
1.179708480834960938e+00
1.192454934120178223e+00
1.204755425453186035e+00
1.216597914695739746e+00
1.227969884872436523e+00
1.238859057426452637e+00
1.249252915382385254e+00
1.259139060974121094e+00
1.268504977226257324e+00
1.277338504791259766e+00
1.285627245903015137e+00
1.293358564376831055e+00
1.300520300865173340e+00
1.307099938392639160e+00
1.313085079193115234e+00
1.318463444709777832e+00
1.323224902153015137e+00
1.327369451522827148e+00
1.330899238586425781e+00
1.333816528320312500e+00
1.336123704910278320e+00
1.337822914123535156e+00
1.338916420936584473e+00
1.339406490325927734e+00
1.339295506477355957e+00
1.338585734367370605e+00
1.337279200553894043e+00
1.335378408432006836e+00
1.332885622978210449e+00
1.329802870750427246e+00
1.326132774353027344e+00
1.321877360343933105e+00
1.317038774490356445e+00
1.311619639396667480e+00
1.305621981620788574e+00
1.299048066139221191e+00
1.291903614997863770e+00
1.284207344055175781e+00
1.275981664657592773e+00
1.267248749732971191e+00
1.258030772209167480e+00
1.248350024223327637e+00
1.238228678703308105e+00
1.227689027786254883e+00
1.216753244400024414e+00
1.205443620681762695e+00
1.193782329559326172e+00
1.181791543960571289e+00
1.169493675231933594e+00
1.156910777091979980e+00
1.144065260887145996e+00
1.130979180335998535e+00
1.117674708366394043e+00
1.104174375534057617e+00
1.090500116348266602e+00
1.076674342155456543e+00
1.062719106674194336e+00
1.048656821250915527e+00
1.034509658813476562e+00
1.020299792289733887e+00
1.006049513816833496e+00
9.917846918106079102e-01
9.775457978248596191e-01
9.633770585060119629e-01
9.493227601051330566e-01
9.354268908500671387e-01
9.217337369918823242e-01
9.082874059677124023e-01
8.951322436332702637e-01
8.823122382164001465e-01
8.698716759681701660e-01
8.578546643257141113e-01
8.463055491447448730e-01
8.352683186531066895e-01
8.247872591018676758e-01
8.149064779281616211e-01
8.056703209877014160e-01
7.971227765083312988e-01
7.893080711364746094e-01
7.822704911231994629e-01
7.760541439056396484e-01
7.707031369209289551e-01
7.662617564201354980e-01
7.627741694450378418e-01
7.602846026420593262e-01
7.588370442390441895e-01
7.584744691848754883e-01
7.592339515686035156e-01
7.611513137817382812e-01
7.642623186111450195e-01
7.686026096343994141e-01
7.742081284523010254e-01
7.811144590377807617e-01
7.893575429916381836e-01
7.989730238914489746e-01
8.099966049194335938e-01
8.224642276763916016e-01
8.364115357398986816e-01
8.518742918968200684e-01
8.688883781433105469e-01
8.874894380569458008e-01
9.077132344245910645e-01
9.295955896377563477e-01
9.531722068786621094e-01
9.784788489341735840e-01
1.005551338195800781e+00
1.034425497055053711e+00
1.065136909484863281e+00
1.097721457481384277e+00
1.132214903831481934e+00
1.168652892112731934e+00
1.207071304321289062e+00
1.247506022453308105e+00
1.289992570877075195e+00
1.334566831588745117e+00
1.381264567375183105e+00
1.430121302604675293e+00
1.481173276901245117e+00
1.534455895423889160e+00
1.590005040168762207e+00
1.647856354713439941e+00
1.708045840263366699e+00
1.770609021186828613e+00
1.835581779479980469e+00
1.902999877929687500e+00
1.972899198532104492e+00
2.045315027236938477e+00
2.120283603668212891e+00
2.197840690612792969e+00
2.278021812438964844e+00
2.360862970352172852e+00
2.446399450302124023e+00
2.534667730331420898e+00
2.625703096389770508e+00
2.719541311264038086e+00
2.816218376159667969e+00
2.915758132934570312e+00
3.018137693405151367e+00
3.123322486877441406e+00
3.231277942657470703e+00
3.341969251632690430e+00
3.455361843109130859e+00
3.571421146392822266e+00
3.690112590789794922e+00
3.811401367187500000e+00
3.935253143310546875e+00
4.061632633209228516e+00
4.190506458282470703e+00
4.321838378906250000e+00
4.455595016479492188e+00
4.591741561889648438e+00
4.730242252349853516e+00
4.871063709259033203e+00
5.014171600341796875e+00
5.159529685974121094e+00
5.307104587554931641e+00
5.456861495971679688e+00
5.608765602111816406e+00
5.762782096862792969e+00
5.918876647949218750e+00
6.077014446258544922e+00
6.237161159515380859e+00
6.399281501770019531e+00
6.563341617584228516e+00
6.729306697845458984e+00
6.897141456604003906e+00
7.066812515258789062e+00
7.238284111022949219e+00
7.411521911621093750e+00
7.586491584777832031e+00
7.763157367706298828e+00
7.941486835479736328e+00
8.121442794799804688e+00
8.302992820739746094e+00
8.486101150512695312e+00
8.670733451843261719e+00
8.856854438781738281e+00
9.044430732727050781e+00
9.233427047729492188e+00
9.423808097839355469e+00
9.615539550781250000e+00
9.808588027954101562e+00
1.000291728973388672e+01
1.019849395751953125e+01
1.039528274536132812e+01
1.059324836730957031e+01
1.079234790802001953e+01
1.099250221252441406e+01
1.119361972808837891e+01
1.139561367034912109e+01
1.159839439392089844e+01
1.180187225341796875e+01
1.200595760345458984e+01
1.221056270599365234e+01
1.241559696197509766e+01
1.262097263336181641e+01
1.282659912109375000e+01
1.303238868713378906e+01
1.323825073242187500e+01
1.344409847259521484e+01
1.364984035491943359e+01
1.385538768768310547e+01
1.406065273284912109e+01
1.426554584503173828e+01
1.446997642517089844e+01
1.467385673522949219e+01
1.487709808349609375e+01
1.507960987091064453e+01
1.528130340576171875e+01
1.548209095001220703e+01
1.568187999725341797e+01
1.588058567047119141e+01
1.607811546325683594e+01
1.627438354492187500e+01
1.646929931640625000e+01
1.666276931762695312e+01
1.685471343994140625e+01
1.704503440856933594e+01
1.723364639282226562e+01
1.742045974731445312e+01
1.760538482666015625e+01
1.778833389282226562e+01
1.796921730041503906e+01
1.814794731140136719e+01
1.832443237304687500e+01
1.849858283996582031e+01
1.867031097412109375e+01
1.883952903747558594e+01
1.900614547729492188e+01
1.917007255554199219e+01
1.933122062683105469e+01
1.948950195312500000e+01
1.964482498168945312e+01
1.979710197448730469e+01
1.994624328613281250e+01
2.009215927124023438e+01
2.023477363586425781e+01
2.037404251098632812e+01
2.050993537902832031e+01
2.064242553710937500e+01
2.077147865295410156e+01
2.089706420898437500e+01
2.101915359497070312e+01
2.113771629333496094e+01
2.125271987915039062e+01
2.136413574218750000e+01
2.147193145751953125e+01
2.157607841491699219e+01
2.167654418945312500e+01
2.177330017089843750e+01
2.186631202697753906e+01
2.195555496215820312e+01
2.204099273681640625e+01
2.212259864807128906e+01
2.220034217834472656e+01
2.227419090270996094e+01
2.234411430358886719e+01
2.241008186340332031e+01
2.247206306457519531e+01
2.253002929687500000e+01
2.258394813537597656e+01
2.263378906250000000e+01
2.267952346801757812e+01
2.272111892700195312e+01
2.275854301452636719e+01
2.279176902770996094e+01
2.282076644897460938e+01
2.284550094604492188e+01
2.286594390869140625e+01
2.288206291198730469e+01
2.289383316040039062e+01
2.290121841430664062e+01
2.290419197082519531e+01
2.290271759033203125e+01
2.289677047729492188e+01
2.288632011413574219e+01
2.287133026123046875e+01
2.285177612304687500e+01
2.282762527465820312e+01
2.279884719848632812e+01
2.276540946960449219e+01
2.272728347778320312e+01
2.268443870544433594e+01
2.263684272766113281e+01
2.258446884155273438e+01
2.252728271484375000e+01
2.246527481079101562e+01
2.239851379394531250e+01
2.232708549499511719e+01
2.225107574462890625e+01
2.217057228088378906e+01
2.208566284179687500e+01
2.199643516540527344e+01
2.190297317504882812e+01
2.180536842346191406e+01
2.170370483398437500e+01
2.159806823730468750e+01
2.148855018615722656e+01
2.137523460388183594e+01
2.125820732116699219e+01
2.113755798339843750e+01
2.101337242126464844e+01
2.088574028015136719e+01
2.075474166870117188e+01
2.062047195434570312e+01
2.048301315307617188e+01
2.034245491027832031e+01
2.019888114929199219e+01
2.005237960815429688e+01
1.990303993225097656e+01
1.975094795227050781e+01
1.959618949890136719e+01
1.943885231018066406e+01
1.927902221679687500e+01
1.911678886413574219e+01
1.895223808288574219e+01
1.878545761108398438e+01
1.861653137207031250e+01
1.844554901123046875e+01
1.827259826660156250e+01
1.809776496887207031e+01
1.792113685607910156e+01
1.774279975891113281e+01
1.756284141540527344e+01
1.738134765625000000e+01
1.719840621948242188e+01
1.701410484313964844e+01
1.682853317260742188e+01
1.664177322387695312e+01
1.645391273498535156e+01
1.626504135131835938e+01
1.607524490356445312e+01
1.588460922241210938e+01
1.569322490692138672e+01
1.550117397308349609e+01
1.530854701995849609e+01
1.511543464660644531e+01
1.492195224761962891e+01
1.472821807861328125e+01
1.453435039520263672e+01
1.434046745300292969e+01
1.414669036865234375e+01
1.395313739776611328e+01
1.375992584228515625e+01
1.356717777252197266e+01
1.337500858306884766e+01
1.318353939056396484e+01
1.299288940429687500e+01
1.280317687988281250e+01
1.261452007293701172e+01
1.242703819274902344e+01
1.224085235595703125e+01
1.205607891082763672e+01
1.187283802032470703e+01
1.169124794006347656e+01
1.151142787933349609e+01
1.133349800109863281e+01
1.115757560729980469e+01
1.098377990722656250e+01
1.081223106384277344e+01
1.064304733276367188e+01
1.047634696960449219e+01
1.031224918365478516e+01
1.015087413787841797e+01
9.992339134216308594e+00
9.836764335632324219e+00
9.684268951416015625e+00
9.534970283508300781e+00
9.388988494873046875e+00
9.246442794799804688e+00
9.107451438903808594e+00
8.972132682800292969e+00
8.840607643127441406e+00
8.712993621826171875e+00
8.589409828186035156e+00
8.469976425170898438e+00
8.354810714721679688e+00
8.244031906127929688e+00
8.137760162353515625e+00
8.036112785339355469e+00
7.939208984375000000e+00
7.847169876098632812e+00
7.760111808776855469e+00
7.678155422210693359e+00
7.601418495178222656e+00
7.530021190643310547e+00
7.464062690734863281e+00
7.403570652008056641e+00
7.348551273345947266e+00
7.299014091491699219e+00
7.254966735839843750e+00
7.216416358947753906e+00
7.183370590209960938e+00
7.155838489532470703e+00
7.133827686309814453e+00
7.117345809936523438e+00
7.106400489807128906e+00
7.100999832153320312e+00
7.101151466369628906e+00
7.106863498687744141e+00
7.118144035339355469e+00
7.135001182556152344e+00
7.157442092895507812e+00
7.185474872589111328e+00
7.219108104705810547e+00
7.258348941802978516e+00
7.303205013275146484e+00
7.353684425354003906e+00
7.409795761108398438e+00
7.471546649932861328e+00
7.538944244384765625e+00
7.611997127532958984e+00
7.690712928771972656e+00
7.775099277496337891e+00
7.865164756774902344e+00
7.960916519165039062e+00
8.062362670898437500e+00
8.169511795043945312e+00
8.282370567321777344e+00
8.400948524475097656e+00
8.525251388549804688e+00
8.655289649963378906e+00
8.791068077087402344e+00
8.932597160339355469e+00
9.079883575439453125e+00
9.232934951782226562e+00
9.391760826110839844e+00
9.556366920471191406e+00
9.726763725280761719e+00
9.902956008911132812e+00
1.008495330810546875e+01
1.027276420593261719e+01
1.046639537811279297e+01
1.066585540771484375e+01
1.087115192413330078e+01
1.108229160308837891e+01
1.129926204681396484e+01
1.152195358276367188e+01
1.175023841857910156e+01
1.198398303985595703e+01
1.222306060791015625e+01
1.246733760833740234e+01
1.271668720245361328e+01
1.297097778320312500e+01
1.323007774353027344e+01
1.349386024475097656e+01
1.376219177246093750e+01
1.403494358062744141e+01
1.431198501586914062e+01
1.459318542480468750e+01
1.487841796875000000e+01
1.516754817962646484e+01
1.546044731140136719e+01
1.575698566436767578e+01
1.605703353881835938e+01
1.636045837402343750e+01
1.666713333129882812e+01
1.697692680358886719e+01
1.728970718383789062e+01
1.760534477233886719e+01
1.792370986938476562e+01
1.824467468261718750e+01
1.856810569763183594e+01
1.889387321472167969e+01
1.922184562683105469e+01
1.955189704895019531e+01
1.988389587402343750e+01
2.021770858764648438e+01
2.055320930480957031e+01
2.089026641845703125e+01
2.122874832153320312e+01
2.156852340698242188e+01
2.190946578979492188e+01
2.225144386291503906e+01
2.259432601928710938e+01
2.293798446655273438e+01
2.328228569030761719e+01
2.362710189819335938e+01
2.397230148315429688e+01
2.431775665283203125e+01
2.466333389282226562e+01
2.500890731811523438e+01
2.535434150695800781e+01
2.569950866699218750e+01
2.604427909851074219e+01
2.638852500915527344e+01
2.673211097717285156e+01
2.707491302490234375e+01
2.741679573059082031e+01
2.775763130187988281e+01
2.809729385375976562e+01
2.843564796447753906e+01
2.877256774902343750e+01
2.910791969299316406e+01
2.944158172607421875e+01
2.977342033386230469e+01
3.010330200195312500e+01
3.043110084533691406e+01
3.075668716430664062e+01
3.107993316650390625e+01
3.140070343017578125e+01
3.171887016296386719e+01
3.203430557250976562e+01
3.234688568115234375e+01
3.265647125244140625e+01
3.296293640136718750e+01
3.326614761352539062e+01
3.356598281860351562e+01
3.386230850219726562e+01
3.415499114990234375e+01
3.444390869140625000e+01
3.472893142700195312e+01
3.500992202758789062e+01
3.528675460815429688e+01
3.555929946899414062e+01
3.582742691040039062e+01
3.609101104736328125e+01
3.634991455078125000e+01
3.660401535034179688e+01
3.685317993164062500e+01
3.709727859497070312e+01
3.733618545532226562e+01
3.756975936889648438e+01
3.779788970947265625e+01
3.802043151855468750e+01
3.823725891113281250e+01
3.844824218750000000e+01
3.865325546264648438e+01
3.885216903686523438e+01
3.904484558105468750e+01
3.923115921020507812e+01
3.941098785400390625e+01
3.958419036865234375e+01
3.975064468383789062e+01
3.991022109985351562e+01
4.006278228759765625e+01
4.020823287963867188e+01
4.034655761718750000e+01
4.047777557373046875e+01
4.060189819335937500e+01
4.071894836425781250e+01
4.082893753051757812e+01
4.093188095092773438e+01
4.102779388427734375e+01
4.111669540405273438e+01
4.119859695434570312e+01
4.127352142333984375e+01
4.134147644042968750e+01
4.140248489379882812e+01
4.145655441284179688e+01
4.150371170043945312e+01
4.154396057128906250e+01
4.157732391357421875e+01
4.160381698608398438e+01
4.162345504760742188e+01
4.163625335693359375e+01
4.164223098754882812e+01
4.164139556884765625e+01
4.163376998901367188e+01
4.161936569213867188e+01
4.159820175170898438e+01
4.157029724121093750e+01
4.153565979003906250e+01
4.149430847167968750e+01
4.144626235961914062e+01
4.139153289794921875e+01
4.133013916015625000e+01
4.126209640502929688e+01
4.118741607666015625e+01
4.110611724853515625e+01
4.101821517944335938e+01
4.092372894287109375e+01
4.082266998291015625e+01
4.071505737304687500e+01
4.060090255737304688e+01
4.048022842407226562e+01
4.035304260253906250e+01
4.021936416625976562e+01
4.007921218872070312e+01
3.993259429931640625e+01
3.977953720092773438e+01
3.962004470825195312e+01
3.945414352416992188e+01
3.928184509277343750e+01
3.910316085815429688e+01
3.891811752319335938e+01
3.872674179077148438e+01
3.852917098999023438e+01
3.832555770874023438e+01
3.811605453491210938e+01
3.790081024169921875e+01
3.767999267578125000e+01
3.745373916625976562e+01
3.722221374511718750e+01
3.698556518554687500e+01
3.674394226074218750e+01
3.649751281738281250e+01
3.624641799926757812e+01
3.599081420898437500e+01
3.573085784912109375e+01
3.546669769287109375e+01
3.519849014282226562e+01
3.492639160156250000e+01
3.465055084228515625e+01
3.437112426757812500e+01
3.408826446533203125e+01
3.380212020874023438e+01
3.351285171508789062e+01
3.322061157226562500e+01
3.292555236816406250e+01
3.262782669067382812e+01
3.232758331298828125e+01
3.202498626708984375e+01
3.172018432617187500e+01
3.141333007812500000e+01
3.110457611083984375e+01
3.079407691955566406e+01
3.048198509216308594e+01
3.016845512390136719e+01
2.985364341735839844e+01
2.953770065307617188e+01
2.922077751159667969e+01
2.890303230285644531e+01
2.858461761474609375e+01
2.826568412780761719e+01
2.794638633728027344e+01
2.762688064575195312e+01
2.730731964111328125e+01
2.698785209655761719e+01
2.666863632202148438e+01
2.634982681274414062e+01
2.603157234191894531e+01
2.571402931213378906e+01
2.539735221862792969e+01
2.508169174194335938e+01
2.476720428466796875e+01
2.445403671264648438e+01
2.414232254028320312e+01
2.383218955993652344e+01
2.352376747131347656e+01
2.321718215942382812e+01
2.291256332397460938e+01
2.261003875732421875e+01
2.230973625183105469e+01
2.201178359985351562e+01
2.171631240844726562e+01
2.142344665527343750e+01
2.113331604003906250e+01
2.084604835510253906e+01
2.056177330017089844e+01
2.028061866760253906e+01
2.000271224975585938e+01
1.972817993164062500e+01
1.945715141296386719e+01
1.918976020812988281e+01
1.892612648010253906e+01
1.866637992858886719e+01
1.841065406799316406e+01
1.815907287597656250e+01
1.791176414489746094e+01
1.766885757446289062e+01
1.743048095703125000e+01
1.719676208496093750e+01
1.696783256530761719e+01
1.674381446838378906e+01
1.652484130859375000e+01
1.631103706359863281e+01
1.610253334045410156e+01
1.589945602416992188e+01
1.570193386077880859e+01
1.551009654998779297e+01
1.532407093048095703e+01
1.514398670196533203e+01
1.496996879577636719e+01
1.480214881896972656e+01
1.464065170288085938e+01
1.448560905456542969e+01
1.433714771270751953e+01
1.419539451599121094e+01
1.406048011779785156e+01
1.393253040313720703e+01
1.381167602539062500e+01
1.369804286956787109e+01
1.359175872802734375e+01
1.349295520782470703e+01
1.340175724029541016e+01
1.331826782226562500e+01
1.324248218536376953e+01
1.317437076568603516e+01
1.311390113830566406e+01
1.306104373931884766e+01
1.301576805114746094e+01
1.297804164886474609e+01
1.294783592224121094e+01
1.292511844635009766e+01
1.290985870361328125e+01
1.290202617645263672e+01
1.290159130096435547e+01
1.290852165222167969e+01
1.292278766632080078e+01
1.294435691833496094e+01
1.297320079803466797e+01
1.300928688049316406e+01
1.305258464813232422e+01
1.310306453704833984e+01
1.316069412231445312e+01
1.322544479370117188e+01
1.329728317260742188e+01
1.337618064880371094e+01
1.346210575103759766e+01
1.355502605438232422e+01
1.365491485595703125e+01
1.376173686981201172e+01
1.387546539306640625e+01
1.399606609344482422e+01
1.412351036071777344e+01
1.425776576995849609e+01
1.439880371093750000e+01
1.454659271240234375e+01
1.470110225677490234e+01
1.486229896545410156e+01
1.503015518188476562e+01
1.520463943481445312e+01
1.538572025299072266e+01
1.557336807250976562e+01
1.576755046844482422e+01
1.596823692321777344e+01
1.617539978027343750e+01
1.638900375366210938e+01
1.660902023315429688e+01
1.683542060852050781e+01
1.706816864013671875e+01
1.730723762512207031e+01
1.755259895324707031e+01
1.780421638488769531e+01
1.806206130981445312e+01
1.832608413696289062e+01
1.859613990783691406e+01
1.887207221984863281e+01
1.915371894836425781e+01
1.944091987609863281e+01
1.973351287841796875e+01
2.003133583068847656e+01
2.033423042297363281e+01
2.064203262329101562e+01
2.095458412170410156e+01
2.127172279357910156e+01
2.159328842163085938e+01
2.191911888122558594e+01
2.224905204772949219e+01
2.258293151855468750e+01
2.292059135437011719e+01
2.326187515258789062e+01
2.360661697387695312e+01
2.395466041564941406e+01
2.430583953857421875e+01
2.465999603271484375e+01
2.501697158813476562e+01
2.537660217285156250e+01
2.573872756958007812e+01
2.610318565368652344e+01
2.646981430053710938e+01
2.683845710754394531e+01
2.720894813537597656e+01
2.758113098144531250e+01
2.795484161376953125e+01
2.832992172241210938e+01
2.870620727539062500e+01
2.908353805541992188e+01
2.946175384521484375e+01
2.984069442749023438e+01
3.022019577026367188e+01
3.060010147094726562e+01
3.098024368286132812e+01
3.136046981811523438e+01
3.174061393737792969e+01
3.212051391601562500e+01
3.250001525878906250e+01
3.287894439697265625e+01
3.325715255737304688e+01
3.363447570800781250e+01
3.401075363159179688e+01
3.438582229614257812e+01
3.475951766967773438e+01
3.513168716430664062e+01
3.550216293334960938e+01
3.587079620361328125e+01
3.623744964599609375e+01
3.660200500488281250e+01
3.696433258056640625e+01
3.732431030273437500e+01
3.768181991577148438e+01
3.803672790527343750e+01
3.838890838623046875e+01
3.873825073242187500e+01
3.908461761474609375e+01
3.942788696289062500e+01
3.976793670654296875e+01
4.010464477539062500e+01
4.043788146972656250e+01
4.076752471923828125e+01
4.109344863891601562e+01
4.141553497314453125e+01
4.173365402221679688e+01
4.204768371582031250e+01
4.235749816894531250e+01
4.266296768188476562e+01
4.296397781372070312e+01
4.326040267944335938e+01
4.355210876464843750e+01
4.383898162841796875e+01
4.412089157104492188e+01
4.439771652221679688e+01
4.466933059692382812e+01
4.493561172485351562e+01
4.519643402099609375e+01
4.545167541503906250e+01
4.570120620727539062e+01
4.594490814208984375e+01
4.618265151977539062e+01
4.641431427001953125e+01
4.663976669311523438e+01
4.685889816284179688e+01
4.707157516479492188e+01
4.727767181396484375e+01
4.747706604003906250e+01
4.766963195800781250e+01
4.785524749755859375e+01
4.803379058837890625e+01
4.820513153076171875e+01
4.836914825439453125e+01
4.852571487426757812e+01
4.867470932006835938e+01
4.881600570678710938e+01
4.894948196411132812e+01
4.907501602172851562e+01
4.919249725341796875e+01
4.930195617675781250e+01
4.940341186523437500e+01
4.949691772460937500e+01
4.958250427246093750e+01
4.966020965576171875e+01
4.973007202148437500e+01
4.979213333129882812e+01
4.984642410278320312e+01
4.989299392700195312e+01
4.993186950683593750e+01
4.996309661865234375e+01
4.998670959472656250e+01
5.000274658203125000e+01
5.001124954223632812e+01
5.001224899291992188e+01
5.000579071044921875e+01
4.999190902709960938e+01
4.997064590454101562e+01
4.994203186035156250e+01
4.990610885620117188e+01
4.986291885375976562e+01
4.981249618530273438e+01
4.975487899780273438e+01
4.969010543823242188e+01
4.961821365356445312e+01
4.953924560546875000e+01
4.945323181152343750e+01
4.936021804809570312e+01
4.926023864746093750e+01
4.915333175659179688e+01
4.903953170776367188e+01
4.891888427734375000e+01
4.879141998291015625e+01
4.865718841552734375e+01
4.851621246337890625e+01
4.836854171752929688e+01
4.821421051025390625e+01
4.805325698852539062e+01
4.788571929931640625e+01
4.771163558959960938e+01
4.753104019165039062e+01
4.734397888183593750e+01
4.715048217773437500e+01
4.695059585571289062e+01
4.674435043334960938e+01
4.653179168701171875e+01
4.631295013427734375e+01
4.608786773681640625e+01
4.585658264160156250e+01
4.561915206909179688e+01
4.537569808959960938e+01
4.512638092041015625e+01
4.487133407592773438e+01
4.461070632934570312e+01
4.434465408325195312e+01
4.407331466674804688e+01
4.379683685302734375e+01
4.351536941528320312e+01
4.322906112670898438e+01
4.293805313110351562e+01
4.264249801635742188e+01
4.234254074096679688e+01
4.203832626342773438e+01
4.173000335693359375e+01
4.141771697998046875e+01
4.110161590576171875e+01
4.078184509277343750e+01
4.045855331420898438e+01
4.013188552856445312e+01
3.980199050903320312e+01
3.946901702880859375e+01
3.913310623168945312e+01
3.879441070556640625e+01
3.845307159423828125e+01
3.810923767089843750e+01
3.776306152343750000e+01
3.741468048095703125e+01
3.706424713134765625e+01
3.671191024780273438e+01
3.635781097412109375e+01
3.600210189819335938e+01
3.564492416381835938e+01
3.528642654418945312e+01
3.492676162719726562e+01
3.456606674194335938e+01
3.420449829101562500e+01
3.384219360351562500e+01
3.347930526733398438e+01
3.311598205566406250e+01
3.275236511230468750e+01
3.238860702514648438e+01
3.202484893798828125e+01
3.166124153137207031e+01
3.129792976379394531e+01
3.093506050109863281e+01
3.057278060913085938e+01
3.021124267578125000e+01
2.985058403015136719e+01
2.949095726013183594e+01
2.913250350952148438e+01
2.877534103393554688e+01
2.841958427429199219e+01
2.806534576416015625e+01
2.771273803710937500e+01
2.736187934875488281e+01
2.701288223266601562e+01
2.666585731506347656e+01
2.632092094421386719e+01
2.597818565368652344e+01
2.563776779174804688e+01
2.529977989196777344e+01
2.496433448791503906e+01
2.463154602050781250e+01
2.430152893066406250e+01
2.397439956665039062e+01
2.365026473999023438e+01
2.332924461364746094e+01
2.301144981384277344e+01
2.269699478149414062e+01
2.238599586486816406e+01
2.207856369018554688e+01
2.177481460571289062e+01
2.147485923767089844e+01
2.117881202697753906e+01
2.088679122924804688e+01
2.059890556335449219e+01
2.031527137756347656e+01
2.003600311279296875e+01
1.976120948791503906e+01
1.949101257324218750e+01
1.922551918029785156e+01
1.896484565734863281e+01
1.870910644531250000e+01
1.845841598510742188e+01
1.821288490295410156e+01
1.797262954711914062e+01
1.773776435852050781e+01
1.750839996337890625e+01
1.728465461730957031e+01
1.706663894653320312e+01
1.685446739196777344e+01
1.664825439453125000e+01
1.644811248779296875e+01
1.625415802001953125e+01
1.606650161743164062e+01
1.588525867462158203e+01
1.571054458618164062e+01
1.554246997833251953e+01
1.538115215301513672e+01
1.522667884826660156e+01
1.507904338836669922e+01
1.493822002410888672e+01
1.480417728424072266e+01
1.467688751220703125e+01
1.455632209777832031e+01
1.444244956970214844e+01
1.433524227142333984e+01
1.423467159271240234e+01
1.414070701599121094e+01
1.405332088470458984e+01
1.397248363494873047e+01
1.389816665649414062e+01
1.383033943176269531e+01
1.376897335052490234e+01
1.371404075622558594e+01
1.366551113128662109e+01
1.362335491180419922e+01
1.358754539489746094e+01
1.355805110931396484e+01
1.353484249114990234e+01
1.351789379119873047e+01
1.350717258453369141e+01
1.350265121459960938e+01
1.350430107116699219e+01
1.351209163665771484e+01
1.352599620819091797e+01
1.354598140716552734e+01
1.357202339172363281e+01
1.360408878326416016e+01
1.364215087890625000e+01
1.368618011474609375e+01
1.373614692687988281e+01
1.379202270507812500e+01
1.385377788543701172e+01
1.392138385772705078e+01
1.399481105804443359e+01
1.407403182983398438e+01
1.415901565551757812e+01
1.424973201751708984e+01
1.434615421295166016e+01
1.444825363159179688e+01
1.455599880218505859e+01
1.466936302185058594e+01
1.478831481933593750e+01
1.491282653808593750e+01
1.504286861419677734e+01
1.517841339111328125e+01
1.531942844390869141e+01
1.546588897705078125e+01
1.561774635314941406e+01
1.577488994598388672e+01
1.593719291687011719e+01
1.610452842712402344e+01
1.627676582336425781e+01
1.645378112792968750e+01
1.663544273376464844e+01
1.682162857055664062e+01
1.701220321655273438e+01
1.720704650878906250e+01
1.740602684020996094e+01
1.760901832580566406e+01
1.781589317321777344e+01
1.802652359008789062e+01
1.824077987670898438e+01
1.845853614807128906e+01
1.867966461181640625e+01
1.890403938293457031e+01
1.913152885437011719e+01
1.936201095581054688e+01
1.959535217285156250e+01
1.983143043518066406e+01
2.007011222839355469e+01
2.031127548217773438e+01
2.055478858947753906e+01
2.080052566528320312e+01
2.104836082458496094e+01
2.129816246032714844e+01
2.154980468750000000e+01
2.180316162109375000e+01
2.205810546875000000e+01
2.231450462341308594e+01
2.257223510742187500e+01
2.283116912841796875e+01
2.309117889404296875e+01
2.335213470458984375e+01
2.361391067504882812e+01
2.387637901306152344e+01
2.413941383361816406e+01
2.440288352966308594e+01
2.466666412353515625e+01
2.493062591552734375e+01
2.519464302062988281e+01
2.545858573913574219e+01
2.572232818603515625e+01
2.598574256896972656e+01
2.624870109558105469e+01
2.651107406616210938e+01
2.677273750305175781e+01
2.703355979919433594e+01
2.729342269897460938e+01
2.755222320556640625e+01
2.780986785888671875e+01
2.806626510620117188e+01
2.832131767272949219e+01
2.857493019104003906e+01
2.882700920104980469e+01
2.907746315002441406e+01
2.932619285583496094e+01
2.957310867309570312e+01
2.981811332702636719e+01
3.006111335754394531e+01
3.030201148986816406e+01
3.054071807861328125e+01
3.077713394165039062e+01
3.101117134094238281e+01
3.124272918701171875e+01
3.147171592712402344e+01
3.169803810119628906e+01
3.192159843444824219e+01
3.214230728149414062e+01
3.236006164550781250e+01
3.257477951049804688e+01
3.278635406494140625e+01
3.299470138549804688e+01
3.319971847534179688e+01
3.340131759643554688e+01
3.359939956665039062e+01
3.379387283325195312e+01
3.398463821411132812e+01
3.417160797119140625e+01
3.435469055175781250e+01
3.453377914428710938e+01
3.470878601074218750e+01
3.487961959838867188e+01
3.504618072509765625e+01
3.520837783813476562e+01
3.536611557006835938e+01
3.551930236816406250e+01
3.566783523559570312e+01
3.581163024902343750e+01
3.595058822631835938e+01
3.608461380004882812e+01
3.621361541748046875e+01
3.633749771118164062e+01
3.645616149902343750e+01
3.656951904296875000e+01
3.667747497558593750e+01
3.677993011474609375e+01
3.687679290771484375e+01
3.696799468994140625e+01
3.705352783203125000e+01
3.713342666625976562e+01
3.720770645141601562e+01
3.727639770507812500e+01
3.733951950073242188e+01
3.739709854125976562e+01
3.744915390014648438e+01
3.749571228027343750e+01
3.753680038452148438e+01
3.757243728637695312e+01
3.760264968872070312e+01
3.762745666503906250e+01
3.764688873291015625e+01
3.766096496582031250e+01
3.766971206665039062e+01
3.767314529418945312e+01
3.767129898071289062e+01
3.766419219970703125e+01
3.765185165405273438e+01
3.763429260253906250e+01
3.761154937744140625e+01
3.758363723754882812e+01
3.755058670043945312e+01
3.751241683959960938e+01
3.746915054321289062e+01
3.742081451416015625e+01
3.736743164062500000e+01
3.730902481079101562e+01
3.724562072753906250e+01
3.717723464965820312e+01
3.710390472412109375e+01
3.702563858032226562e+01
3.694247055053710938e+01
3.685442352294921875e+01
3.676151275634765625e+01
3.666377258300781250e+01
3.656122207641601562e+01
3.645388412475585938e+01
3.634178161621093750e+01
3.622494125366210938e+01
3.610338592529296875e+01
3.597713851928710938e+01
3.584622192382812500e+01
3.571065902709960938e+01
3.557047653198242188e+01
3.542570114135742188e+01
3.527634811401367188e+01
3.512244415283203125e+01
3.496401596069335938e+01
3.480109786987304688e+01
3.463378524780273438e+01
3.446217346191406250e+01
3.428637695312500000e+01
3.410649871826171875e+01
3.392264175415039062e+01
3.373490905761718750e+01
3.354341125488281250e+01
3.334824752807617188e+01
3.314952850341796875e+01
3.294735336303710938e+01
3.274182891845703125e+01
3.253305816650390625e+01
3.232115173339843750e+01
3.210621261596679688e+01
3.188833999633789062e+01
3.166764450073242188e+01
3.144422912597656250e+01
3.121820068359375000e+01
3.098966026306152344e+01
3.075871276855468750e+01
3.052546882629394531e+01
3.029002571105957031e+01
3.005249595642089844e+01
2.981297874450683594e+01
2.957158088684082031e+01
2.932840919494628906e+01
2.908356285095214844e+01
2.883715438842773438e+01
2.858928108215332031e+01
2.834005546569824219e+01
2.808957481384277344e+01
2.783794784545898438e+01
2.758527946472167969e+01
2.733167648315429688e+01
2.707723999023437500e+01
2.682207489013671875e+01
2.656628799438476562e+01
2.630998611450195312e+01
2.605327033996582031e+01
2.579624748229980469e+01
2.553902053833007812e+01
2.528169631958007812e+01
2.502437973022460938e+01
2.476717567443847656e+01
2.451018524169921875e+01
2.425351905822753906e+01
2.399727821350097656e+01
2.374156951904296875e+01
2.348649787902832031e+01
2.323216056823730469e+01
2.297864341735839844e+01
2.272602462768554688e+01
2.247437858581542969e+01
2.222378730773925781e+01
2.197432518005371094e+01
2.172607231140136719e+01
2.147910690307617188e+01
2.123350524902343750e+01
2.098934745788574219e+01
2.074670982360839844e+01
2.050567054748535156e+01
2.026630783081054688e+01
2.002869987487792969e+01
1.979292297363281250e+01
1.955905723571777344e+01
1.932717895507812500e+01
1.909736824035644531e+01
1.886970329284667969e+01
1.864425659179687500e+01
1.842111206054687500e+01
1.820034599304199219e+01
1.798203468322753906e+01
1.776625823974609375e+01
1.755309295654296875e+01
1.734261894226074219e+01
1.713491058349609375e+01
1.693004798889160156e+01
1.672811126708984375e+01
1.652917480468750000e+01
1.633331871032714844e+01
1.614061927795410156e+01
1.595115566253662109e+01
1.576500415802001953e+01
1.558224487304687500e+01
1.540295505523681641e+01
1.522721385955810547e+01
1.505509567260742188e+01
1.488668060302734375e+01
1.472204780578613281e+01
1.456127452850341797e+01
1.440443706512451172e+01
1.425161552429199219e+01
1.410288524627685547e+01
1.395832633972167969e+01
1.381801700592041016e+01
1.368203449249267578e+01
1.355045700073242188e+01
1.342336082458496094e+01
1.330082511901855469e+01
1.318291282653808594e+01
1.306962108612060547e+01
1.296093273162841797e+01
1.285683155059814453e+01
1.275729751586914062e+01
1.266231536865234375e+01
1.257186698913574219e+01
1.248593425750732422e+01
1.240450000762939453e+01
1.232754611968994141e+01
1.225505733489990234e+01
1.218701362609863281e+01
1.212339878082275391e+01
1.206419467926025391e+01
1.200938415527343750e+01
1.195895099639892578e+01
1.191287517547607422e+01
1.187114048004150391e+01
1.183372879028320312e+01
1.180062484741210938e+01
1.177180862426757812e+01
1.174726295471191406e+01
1.172697257995605469e+01
1.171091651916503906e+01
1.169908046722412109e+01
1.169144535064697266e+01
1.168799304962158203e+01
1.168870735168457031e+01
1.169357013702392578e+01
1.170256423950195312e+01
1.171567153930664062e+01
1.173287582397460938e+01
1.175415802001953125e+01
1.177950191497802734e+01
1.180889034271240234e+01
1.184230327606201172e+01
1.187972545623779297e+01
1.192113876342773438e+01
1.196652603149414062e+01
1.201586914062500000e+01
1.206915283203125000e+01
1.212635517120361328e+01
1.218746280670166016e+01
1.225245571136474609e+01
1.232131767272949219e+01
1.239403152465820312e+01
1.247057819366455078e+01
1.255094146728515625e+01
1.263510322570800781e+01
1.272304630279541016e+01
1.281474304199218750e+01
1.291011905670166016e+01
1.300908946990966797e+01
1.311157226562500000e+01
1.321748256683349609e+01
1.332673454284667969e+01
1.343924808502197266e+01
1.355493450164794922e+01
1.367371273040771484e+01
1.379549789428710938e+01
1.392020606994628906e+01
1.404775428771972656e+01
1.417805480957031250e+01
1.431102657318115234e+01
1.444658374786376953e+01
1.458464431762695312e+01
1.472512245178222656e+01
1.486793613433837891e+01
1.501299762725830078e+01
1.516022586822509766e+01
1.530953598022460938e+01
1.546084308624267578e+01
1.561406421661376953e+01
1.576911449432373047e+01
1.592590999603271484e+01
1.608436775207519531e+01
1.624440193176269531e+01
1.640592956542968750e+01
1.656886482238769531e+01
1.673312759399414062e+01
1.689862823486328125e+01
1.706528663635253906e+01
1.723301696777343750e+01
1.740173721313476562e+01
1.757135963439941406e+01
1.774180412292480469e+01
1.791298484802246094e+01
1.808481597900390625e+01
1.825721549987792969e+01
1.843009948730468750e+01
1.860338211059570312e+01
1.877698135375976562e+01
1.895081138610839844e+01
1.912479019165039062e+01
1.929883193969726562e+01
1.947285270690917969e+01
1.964676856994628906e+01
1.982049560546875000e+01
1.999394798278808594e+01
2.016704559326171875e+01
2.033970260620117188e+01
2.051185607910156250e+01
2.068343734741210938e+01
2.085438156127929688e+01
2.102462577819824219e+01
2.119410705566406250e+01
2.136275672912597656e+01
2.153050994873046875e+01
2.169730567932128906e+01
2.186307907104492188e+01
2.202775955200195312e+01
2.219128799438476562e+01
2.235359573364257812e+01
2.251462173461914062e+01
2.267429733276367188e+01
2.283256149291992188e+01
2.298934745788574219e+01
2.314459037780761719e+01
2.329822540283203125e+01
2.345018768310546875e+01
2.360041427612304688e+01
2.374883651733398438e+01
2.389539527893066406e+01
2.404001998901367188e+01
2.418264961242675781e+01
2.432321739196777344e+01
2.446166038513183594e+01
2.459790992736816406e+01
2.473190689086914062e+01
2.486358261108398438e+01
2.499287414550781250e+01
2.511971473693847656e+01
2.524403953552246094e+01
2.536578750610351562e+01
2.548488998413085938e+01
2.560128402709960938e+01
2.571490287780761719e+01
2.582568359375000000e+01
2.593356132507324219e+01
2.603847122192382812e+01
2.614034652709960938e+01
2.623912429809570312e+01
2.633474159240722656e+01
2.642712974548339844e+01
2.651622581481933594e+01
2.660196495056152344e+01
2.668428230285644531e+01
2.676311302185058594e+01
2.683839416503906250e+01
2.691005706787109375e+01
2.697805213928222656e+01
2.704237556457519531e+01
2.710304069519042969e+01
2.716004943847656250e+01
2.721342468261718750e+01
2.726316452026367188e+01
2.730928421020507812e+01
2.735179519653320312e+01
2.739070701599121094e+01
2.742602539062500000e+01
2.745776557922363281e+01
2.748593139648437500e+01
2.751054191589355469e+01
2.753160095214843750e+01
2.754911994934082031e+01
2.756310653686523438e+01
2.757357406616210938e+01
2.758053588867187500e+01
2.758399391174316406e+01
2.758396148681640625e+01
2.758045196533203125e+01
2.757347106933593750e+01
2.756303215026855469e+01
2.754914283752441406e+01
2.753181457519531250e+01
2.751105690002441406e+01
2.748687934875488281e+01
2.745929336547851562e+01
2.742830657958984375e+01
2.739393234252929688e+01
2.735617828369140625e+01
2.731505393981933594e+01
2.727057456970214844e+01
2.722274208068847656e+01
2.717157173156738281e+01
2.711707496643066406e+01
2.705925559997558594e+01
2.699813270568847656e+01
2.693370819091796875e+01
2.686599540710449219e+01
2.679500389099121094e+01
2.672074508666992188e+01
2.664322662353515625e+01
2.656245994567871094e+01
2.647845649719238281e+01
2.639122390747070312e+01
2.630077552795410156e+01
2.620711517333984375e+01
2.611026000976562500e+01
2.601021575927734375e+01
2.590700340270996094e+01
2.580067634582519531e+01
2.569129943847656250e+01
2.557893943786621094e+01
2.546365737915039062e+01
2.534552001953125000e+01
2.522458839416503906e+01
2.510093116760253906e+01
2.497460937500000000e+01
2.484568595886230469e+01
2.471422958374023438e+01
2.458030319213867188e+01
2.444396972656250000e+01
2.430529212951660156e+01
2.416433715820312500e+01
2.402116775512695312e+01
2.387584877014160156e+01
2.372844505310058594e+01
2.357901954650878906e+01
2.342763710021972656e+01
2.327436256408691406e+01
2.311925888061523438e+01
2.296239280700683594e+01
2.280382537841796875e+01
2.264362335205078125e+01
2.248184967041015625e+01
2.231856918334960938e+01
2.215384292602539062e+01
2.198774337768554688e+01
2.182032585144042969e+01
2.165165901184082031e+01
2.148180580139160156e+01
2.131083106994628906e+01
2.113880157470703125e+01
2.096577644348144531e+01
2.079182243347167969e+01
2.061700630187988281e+01
2.044138717651367188e+01
2.026503562927246094e+01
2.008800888061523438e+01
1.991037559509277344e+01
1.973219871520996094e+01
1.955354309082031250e+01
1.937447547912597656e+01
1.919505500793457031e+01
1.901534843444824219e+01
1.883541870117187500e+01
1.865533447265625000e+01
1.847515487670898438e+01
1.829494667053222656e+01
1.811477088928222656e+01
1.793468284606933594e+01
1.775473785400390625e+01
1.757498550415039062e+01
1.739547729492187500e+01
1.721627235412597656e+01
1.703741455078125000e+01
1.685896682739257812e+01
1.668097305297851562e+01
1.650349235534667969e+01
1.632657241821289062e+01
1.615027046203613281e+01
1.597463607788085938e+01
1.579972553253173828e+01
1.562558746337890625e+01
1.545227909088134766e+01
1.527984905242919922e+01
1.510835266113281250e+01
1.493784332275390625e+01
1.476837158203125000e+01
1.459999179840087891e+01
1.443275642395019531e+01
1.426671695709228516e+01
1.410192966461181641e+01
1.393844413757324219e+01
1.377631473541259766e+01
1.361559295654296875e+01
1.345633316040039062e+01
1.329858684539794922e+01
1.314240837097167969e+01
1.298784923553466797e+01
1.283496284484863281e+01
1.268380165100097656e+01
1.253441905975341797e+01
1.238686752319335938e+01
1.224120044708251953e+01
1.209746932983398438e+01
1.195572662353515625e+01
1.181602859497070312e+01
1.167842388153076172e+01
1.154296875000000000e+01
1.140971374511718750e+01
1.127871131896972656e+01
1.115001678466796875e+01
1.102368068695068359e+01
1.089975738525390625e+01
1.077829837799072266e+01
1.065935707092285156e+01
1.054298686981201172e+01
1.042924022674560547e+01
1.031816005706787109e+01
1.020975399017333984e+01
1.010401821136474609e+01
1.000094890594482422e+01
9.900546073913574219e+00
9.802803993225097656e+00
9.707720756530761719e+00
9.615294456481933594e+00
9.525521278381347656e+00
9.438397407531738281e+00
9.353922843933105469e+00
9.272091865539550781e+00
9.192903518676757812e+00
9.116353988647460938e+00
9.042441368103027344e+00
8.971160888671875000e+00
8.902510643005371094e+00
8.836488723754882812e+00
8.773091316223144531e+00
8.712315559387207031e+00
8.654158592224121094e+00
8.598618507385253906e+00
8.545690536499023438e+00
8.495373725891113281e+00
8.447664260864257812e+00
8.402559280395507812e+00
8.360055923461914062e+00
8.320152282714843750e+00
8.282843589782714844e+00
8.248128890991210938e+00
8.216004371643066406e+00
8.186467170715332031e+00
8.159514427185058594e+00
8.135144233703613281e+00
8.113352775573730469e+00
8.094136238098144531e+00
8.077493667602539062e+00
8.063421249389648438e+00
8.051917076110839844e+00
8.042976379394531250e+00
8.036597251892089844e+00
8.032777786254882812e+00
8.031514167785644531e+00
8.032802581787109375e+00
8.036643028259277344e+00
8.043029785156250000e+00
8.051960945129394531e+00
8.063433647155761719e+00
8.077445983886718750e+00
8.093994140625000000e+00
8.113067626953125000e+00
8.134629249572753906e+00
8.158631324768066406e+00
8.185029029846191406e+00
8.213776588439941406e+00
8.244828224182128906e+00
8.278138160705566406e+00
8.313659667968750000e+00
8.351348876953125000e+00
8.391158103942871094e+00
8.433041572570800781e+00
8.476954460144042969e+00
8.522850036621093750e+00
8.570682525634765625e+00
8.620408058166503906e+00
8.671977996826171875e+00
8.725347518920898438e+00
8.780470848083496094e+00
8.837303161621093750e+00
8.895796775817871094e+00
8.955907821655273438e+00
9.017588615417480469e+00
9.080794334411621094e+00
9.145479202270507812e+00
9.211597442626953125e+00
9.279102325439453125e+00
9.347949981689453125e+00
9.418091773986816406e+00
9.489483833312988281e+00
9.562079429626464844e+00
9.635833740234375000e+00
9.710700035095214844e+00
9.786633491516113281e+00
9.863586425781250000e+00
9.941514968872070312e+00
1.002037239074707031e+01
1.010011196136474609e+01
1.018068981170654297e+01
1.026205921173095703e+01
1.034417343139648438e+01
1.042698764801025391e+01
1.051045608520507812e+01
1.059453201293945312e+01
1.067917156219482422e+01
1.076432609558105469e+01
1.084995269775390625e+01
1.093600368499755859e+01
1.102243328094482422e+01
1.110919475555419922e+01
1.119624614715576172e+01
1.128353691101074219e+01
1.137103080749511719e+01
1.145868396759033203e+01
1.154645633697509766e+01
1.163430690765380859e+01
1.172219562530517578e+01
1.181008052825927734e+01
1.189792251586914062e+01
1.198567962646484375e+01
1.207331180572509766e+01
1.216077804565429688e+01
1.224803733825683594e+01
1.233504867553710938e+01
1.242177295684814453e+01
1.250816726684570312e+01
1.259419155120849609e+01
1.267980670928955078e+01
1.276496982574462891e+01
1.284964084625244141e+01
1.293377971649169922e+01
1.301734542846679688e+01
1.310029697418212891e+01
1.318259334564208984e+01
1.326419353485107422e+01
1.334505653381347656e+01
1.342514419555664062e+01
1.350441360473632812e+01
1.358282375335693359e+01
1.366033554077148438e+01
1.373690605163574219e+01
1.381249618530273438e+01
1.388706398010253906e+01
1.396057128906250000e+01
1.403297424316406250e+01
1.410423183441162109e+01
1.417430686950683594e+01
1.424315738677978516e+01
1.431073951721191406e+01
1.437701606750488281e+01
1.444194507598876953e+01
1.450548553466796875e+01
1.456759738922119141e+01
1.462823963165283203e+01
1.468737030029296875e+01
1.474495029449462891e+01
1.480093669891357422e+01
1.485529327392578125e+01
1.490797328948974609e+01
1.495894050598144531e+01
1.500815391540527344e+01
1.505557632446289062e+01
1.510120296478271484e+01
1.514503192901611328e+01
1.518706130981445312e+01
1.522729206085205078e+01
1.526572227478027344e+01
1.530235099792480469e+01
1.533717727661132812e+01
1.537020111083984375e+01
1.540141963958740234e+01
1.543083381652832031e+01
1.545844078063964844e+01
1.548424053192138672e+01
1.550823402404785156e+01
1.553041744232177734e+01
1.555079078674316406e+01
1.556935214996337891e+01
1.558610439300537109e+01
1.560104179382324219e+01
1.561416625976562500e+01
1.562547588348388672e+01
1.563497066497802734e+01
1.564264869689941406e+01
1.564850902557373047e+01
1.565255069732666016e+01
1.565477275848388672e+01
1.565517520904541016e+01
1.565375614166259766e+01
1.565051555633544922e+01
1.564545059204101562e+01
1.563856220245361328e+01
1.562984943389892578e+01
1.561930942535400391e+01
1.560694408416748047e+01
1.559274959564208984e+01
1.557672595977783203e+01
1.555887413024902344e+01
1.553919124603271484e+01
1.551767635345458984e+01
1.549432945251464844e+01
1.546914863586425781e+01
1.544213199615478516e+01
1.541328239440917969e+01
1.538259410858154297e+01
1.535006999969482422e+01
1.531570816040039062e+01
1.527950572967529297e+01
1.524146461486816406e+01
1.520158195495605469e+01
1.515985679626464844e+01
1.511629390716552734e+01
1.507092094421386719e+01
1.502376937866210938e+01
1.497486877441406250e+01
1.492425632476806641e+01
1.487195968627929688e+01
1.481801128387451172e+01
1.476244640350341797e+01
1.470529270172119141e+01
1.464658451080322266e+01
1.458635520935058594e+01
1.452463340759277344e+01
1.446145534515380859e+01
1.439684963226318359e+01
1.433084774017333984e+01
1.426348495483398438e+01
1.419479084014892578e+01
1.412479972839355469e+01
1.405354022979736328e+01
1.398104858398437500e+01
1.390735244750976562e+01
1.383248710632324219e+01
1.375648212432861328e+01
1.367937183380126953e+01
1.360118675231933594e+01
1.352196121215820312e+01
1.344172382354736328e+01
1.336050796508789062e+01
1.327834701538085938e+01
1.319527149200439453e+01
1.311131381988525391e+01
1.302650547027587891e+01
1.294088077545166016e+01
1.285446834564208984e+01
1.276730155944824219e+01
1.267941379547119141e+01
1.259083652496337891e+01
1.250160121917724609e+01
1.241173934936523438e+01
1.232128429412841797e+01
1.223026657104492188e+01
1.213871955871582031e+01
1.204667472839355469e+01
1.195416355133056641e+01
1.186121940612792969e+01
1.176787376403808594e+01
1.167415714263916016e+01
1.158010482788085938e+01
1.148574542999267578e+01
1.139111232757568359e+01
1.129623794555664062e+01
1.120115280151367188e+01
1.110588741302490234e+01
1.101047134399414062e+01
1.091493701934814453e+01
1.081931495666503906e+01
1.072363376617431641e+01
1.062792587280273438e+01
1.053222179412841797e+01
1.043655109405517578e+01
1.034094524383544922e+01
1.024543476104736328e+01
1.015005016326904297e+01
1.005482196807861328e+01
9.959779739379882812e+00
9.864956855773925781e+00
9.770381927490234375e+00
9.676086425781250000e+00
9.582098960876464844e+00
9.488452911376953125e+00
9.395177841186523438e+00
9.302303314208984375e+00
9.209862709045410156e+00
9.117883682250976562e+00
9.026397705078125000e+00
8.935435295104980469e+00
8.845027923583984375e+00
8.755206108093261719e+00
8.666000366210937500e+00
8.577439308166503906e+00
8.489556312561035156e+00
8.402381896972656250e+00
8.315944671630859375e+00
8.230277061462402344e+00
8.145407676696777344e+00
8.061369895935058594e+00
7.978192329406738281e+00
7.895906448364257812e+00
7.814542293548583984e+00
7.734130382537841797e+00
7.654702186584472656e+00
7.576287746429443359e+00
7.498918056488037109e+00
7.422623157501220703e+00
7.347433567047119141e+00
7.273381233215332031e+00
7.200495243072509766e+00
7.128807067871093750e+00
7.058347225189208984e+00
6.989146232604980469e+00
6.921229839324951172e+00
6.854605674743652344e+00
6.789276123046875000e+00
6.725244998931884766e+00
6.662513732910156250e+00
6.601086139678955078e+00
6.540964126586914062e+00
6.482151031494140625e+00
6.424649238586425781e+00
6.368462085723876953e+00
6.313591003417968750e+00
6.260040283203125000e+00
6.207811832427978516e+00
6.156908512115478516e+00
6.107333183288574219e+00
6.059088706970214844e+00
6.012177467346191406e+00
5.966602325439453125e+00
5.922366619110107422e+00
5.879472255706787109e+00
5.837922096252441406e+00
5.797719478607177734e+00
5.758866786956787109e+00
5.721366882324218750e+00
5.685222148895263672e+00
5.650435924530029297e+00
5.617010593414306641e+00
5.584949016571044922e+00
5.554253578186035156e+00
5.524927616119384766e+00
5.496973514556884766e+00
5.470394134521484375e+00
5.445191860198974609e+00
5.421370506286621094e+00
5.398931503295898438e+00
5.377878665924072266e+00
5.358213901519775391e+00
5.339940071105957031e+00
5.323060989379882812e+00
5.307578086853027344e+00
5.293494701385498047e+00
5.280813694000244141e+00
5.269537448883056641e+00
5.259668827056884766e+00
5.251211166381835938e+00
5.244165897369384766e+00
5.238537788391113281e+00
5.234327316284179688e+00
5.231538772583007812e+00
5.230174064636230469e+00
5.230232238769531250e+00
5.231695175170898438e+00
5.234541416168212891e+00
5.238748073577880859e+00
5.244292736053466797e+00
5.251153469085693359e+00
5.259308815002441406e+00
5.268736362457275391e+00
5.279413223266601562e+00
5.291317939758300781e+00
5.304428100585937500e+00
5.318722248077392578e+00
5.334177494049072266e+00
5.350771903991699219e+00
5.368483543395996094e+00
5.387290000915527344e+00
5.407169342041015625e+00
5.428099155426025391e+00
5.450057506561279297e+00
5.473022460937500000e+00
5.496971607208251953e+00
5.521883010864257812e+00
5.547733783721923828e+00
5.574502944946289062e+00
5.602167606353759766e+00
5.630706310272216797e+00
5.660096168518066406e+00
5.690315246582031250e+00
5.721341609954833984e+00
5.753153324127197266e+00
5.785727500915527344e+00
5.819042682647705078e+00
5.853076457977294922e+00
5.887806415557861328e+00
5.923211097717285156e+00
5.959268093109130859e+00
5.995954990386962891e+00
6.033249855041503906e+00
6.071130752563476562e+00
6.109575271606445312e+00
6.148561000823974609e+00
6.188066959381103516e+00
6.228069305419921875e+00
6.268547534942626953e+00
6.309478759765625000e+00
6.350840568542480469e+00
6.392611026763916016e+00
6.434768199920654297e+00
6.477290153503417969e+00
6.520154476165771484e+00
6.563338756561279297e+00
6.606820106506347656e+00
6.650575160980224609e+00
6.694581031799316406e+00
6.738815307617187500e+00
6.783253669738769531e+00
6.827874183654785156e+00
6.872652053833007812e+00
6.917566299438476562e+00
6.962592124938964844e+00
7.007707595825195312e+00
7.052888870239257812e+00
7.098112583160400391e+00
7.143356323242187500e+00
7.188596725463867188e+00
7.233809947967529297e+00
7.278975009918212891e+00
7.324065685272216797e+00
7.369061470031738281e+00
7.413938522338867188e+00
7.458673477172851562e+00
7.503242969512939453e+00
7.547623634338378906e+00
7.591793537139892578e+00
7.635729312896728516e+00
7.679406642913818359e+00
7.722804069519042969e+00
7.765896797180175781e+00
7.808662891387939453e+00
7.851078987121582031e+00
7.893121719360351562e+00
7.934768199920654297e+00
7.975995063781738281e+00
8.016779899597167969e+00
8.057099342346191406e+00
8.096928596496582031e+00
8.136247634887695312e+00
8.175030708312988281e+00
8.213254928588867188e+00
8.250899314880371094e+00
8.287939071655273438e+00
8.324351310729980469e+00
8.360112190246582031e+00
8.395200729370117188e+00
8.429592132568359375e+00
8.463263511657714844e+00
8.496191024780273438e+00
8.528353691101074219e+00
8.559725761413574219e+00
8.590286254882812500e+00
8.620014190673828125e+00
8.648902893066406250e+00
8.676947593688964844e+00
8.704144477844238281e+00
8.730489730834960938e+00
8.755978584289550781e+00
8.780607223510742188e+00
8.804372787475585938e+00
8.827268600463867188e+00
8.849292755126953125e+00
8.870439529418945312e+00
8.890706062316894531e+00
8.910087585449218750e+00
8.928580284118652344e+00
8.946180343627929688e+00
8.962882995605468750e+00
8.978685379028320312e+00
8.993580818176269531e+00
9.007567405700683594e+00
9.020640373229980469e+00
9.032794952392578125e+00
9.044029235839843750e+00
9.054336547851562500e+00
9.063714027404785156e+00
9.072157859802246094e+00
9.079663276672363281e+00
9.086225509643554688e+00
9.091841697692871094e+00
9.096508026123046875e+00
9.100219726562500000e+00
9.102972030639648438e+00
9.104761123657226562e+00
9.105584144592285156e+00
9.105434417724609375e+00
9.104310989379882812e+00
9.102208137512207031e+00
9.099120140075683594e+00
9.095046997070312500e+00
9.089981079101562500e+00
9.083918571472167969e+00
9.076857566833496094e+00
9.068791389465332031e+00
9.059718132019042969e+00
9.049632072448730469e+00
9.038529396057128906e+00
9.026407241821289062e+00
9.013258934020996094e+00
8.999083518981933594e+00
8.983874320983886719e+00
8.967628479003906250e+00
8.950345039367675781e+00
8.932035446166992188e+00
8.912713050842285156e+00
8.892393112182617188e+00
8.871090888977050781e+00
8.848820686340332031e+00
8.825594902038574219e+00
8.801430702209472656e+00
8.776342391967773438e+00
8.750342369079589844e+00
8.723446846008300781e+00
8.695670127868652344e+00
8.667027473449707031e+00
8.637531280517578125e+00
8.607196807861328125e+00
8.576040267944335938e+00
8.544075012207031250e+00
8.511314392089843750e+00
8.477774620056152344e+00
8.443470001220703125e+00
8.408413887023925781e+00
8.372622489929199219e+00
8.336109161376953125e+00
8.298888206481933594e+00
8.260973930358886719e+00
8.222382545471191406e+00
8.183127403259277344e+00
8.143222808837890625e+00
8.102684020996093750e+00
8.061525344848632812e+00
8.019760131835937500e+00
7.977405071258544922e+00
7.934472560882568359e+00
7.890978813171386719e+00
7.846936702728271484e+00
7.802361965179443359e+00
7.757268428802490234e+00
7.711670875549316406e+00
7.665584564208984375e+00
7.619022369384765625e+00
7.572000503540039062e+00
7.524532318115234375e+00
7.476633071899414062e+00
7.428317070007324219e+00
7.379598140716552734e+00
7.330491065979003906e+00
7.281011581420898438e+00
7.231172084808349609e+00
7.180989742279052734e+00
7.130476474761962891e+00
7.079648494720458984e+00
7.028522491455078125e+00
6.977116107940673828e+00
6.925444602966308594e+00
6.873526096343994141e+00
6.821378707885742188e+00
6.769017219543457031e+00
6.716461181640625000e+00
6.663725852966308594e+00
6.610829353332519531e+00
6.557788372039794922e+00
6.504620075225830078e+00
6.451341629028320312e+00
6.397969722747802734e+00
6.344521999359130859e+00
6.291015148162841797e+00
6.237466335296630859e+00
6.183892726898193359e+00
6.130311489105224609e+00
6.076739311218261719e+00
6.023193359375000000e+00
5.969691276550292969e+00
5.916250228881835938e+00
5.862886428833007812e+00
5.809617519378662109e+00
5.756460189819335938e+00
5.703432083129882812e+00
5.650550365447998047e+00
5.597831249237060547e+00
5.545292377471923828e+00
5.492950916290283203e+00
5.440823554992675781e+00
5.388927936553955078e+00
5.337281227111816406e+00
5.285899639129638672e+00
5.234800815582275391e+00
5.184001922607421875e+00
5.133519649505615234e+00
5.083371639251708984e+00
5.033575057983398438e+00
4.984146118164062500e+00
4.935102462768554688e+00
4.886461257934570312e+00
4.838239669799804688e+00
4.790454387664794922e+00
4.743122577667236328e+00
4.696261405944824219e+00
4.649888038635253906e+00
4.604020118713378906e+00
4.558673381805419922e+00
4.513863563537597656e+00
4.469597816467285156e+00
4.425879478454589844e+00
4.382713317871093750e+00
4.340103626251220703e+00
4.298054695129394531e+00
4.256571292877197266e+00
4.215657711029052734e+00
4.175318241119384766e+00
4.135557174682617188e+00
4.096378803253173828e+00
4.057787418365478516e+00
4.019788265228271484e+00
3.982384681701660156e+00
3.945581674575805664e+00
3.909383058547973633e+00
3.873794078826904297e+00
3.838818311691284180e+00
3.804460525512695312e+00
3.770725011825561523e+00
3.737616300582885742e+00
3.705138444900512695e+00
3.673295974731445312e+00
3.642093420028686523e+00
3.611535072326660156e+00
3.581624984741210938e+00
3.552368402481079102e+00
3.523768663406372070e+00
3.495830774307250977e+00
3.468559265136718750e+00
3.441958189010620117e+00
3.416031837463378906e+00
3.390784502029418945e+00
3.366221189498901367e+00
3.342345476150512695e+00
3.319162368774414062e+00
3.296676158905029297e+00
3.274890899658203125e+00
3.253811120986938477e+00
3.233441591262817383e+00
3.213786125183105469e+00
3.194849491119384766e+00
3.176635742187500000e+00
3.159149408340454102e+00
3.142395019531250000e+00
3.126376867294311523e+00
3.111099481582641602e+00
3.096566677093505859e+00
3.082783460617065430e+00
3.069753885269165039e+00
3.057480573654174805e+00
3.045957088470458984e+00
3.035175561904907227e+00
3.025128126144409180e+00
3.015806913375854492e+00
3.007203102111816406e+00
2.999309539794921875e+00
2.992117643356323242e+00
2.985619306564331055e+00
2.979806900024414062e+00
2.974672317504882812e+00
2.970207214355468750e+00
2.966403484344482422e+00
2.963253498077392578e+00
2.960748910903930664e+00
2.958881855010986328e+00
2.957644224166870117e+00
2.957027673721313477e+00
2.957024574279785156e+00
2.957626819610595703e+00
2.958826303482055664e+00
2.960614681243896484e+00
2.962984323501586914e+00
2.965927124023437500e+00
2.969434976577758789e+00
2.973499774932861328e+00
2.978113412857055664e+00
2.983268022537231445e+00
2.988955497741699219e+00
2.995167732238769531e+00
3.001896858215332031e+00
3.009134531021118164e+00
3.016872882843017578e+00
3.025104045867919922e+00
3.033819437026977539e+00
3.043011665344238281e+00
3.052672386169433594e+00
3.062793493270874023e+00
3.073366880416870117e+00
3.084384679794311523e+00
3.095838785171508789e+00
3.107721328735351562e+00
3.120023727416992188e+00
3.132738590240478516e+00
3.145857572555541992e+00
3.159372568130493164e+00
3.173275470733642578e+00
3.187558412551879883e+00
3.202213287353515625e+00
3.217232227325439453e+00
3.232605695724487305e+00
3.248319625854492188e+00
3.264359235763549805e+00
3.280708789825439453e+00
3.297352790832519531e+00
3.314276695251464844e+00
3.331464529037475586e+00
3.348901510238647461e+00
3.366572380065917969e+00
3.384461641311645508e+00
3.402553796768188477e+00
3.420834064483642578e+00
3.439286947250366211e+00
3.457897424697875977e+00
3.476649522781372070e+00
3.495529174804687500e+00
3.514519929885864258e+00
3.533607244491577148e+00
3.552775621414184570e+00
3.572009563446044922e+00
3.591294050216674805e+00
3.610613822937011719e+00
3.629953861236572266e+00
3.649298191070556641e+00
3.668632268905639648e+00
3.687940359115600586e+00
3.707207918167114258e+00
3.726418495178222656e+00
3.745557546615600586e+00
3.764609813690185547e+00
3.783560276031494141e+00
3.802392959594726562e+00
3.821092844009399414e+00
3.839644908905029297e+00
3.858034133911132812e+00
3.876244544982910156e+00
3.894261360168457031e+00
3.912068843841552734e+00
3.929652452468872070e+00
3.946996450424194336e+00
3.964085340499877930e+00
3.980904579162597656e+00
3.997438192367553711e+00
4.013671398162841797e+00
4.029588222503662109e+00
4.045174598693847656e+00
4.060414314270019531e+00
4.075292110443115234e+00
4.089793205261230469e+00
4.103902339935302734e+00
4.117607593536376953e+00
4.130913734436035156e+00
4.143828392028808594e+00
4.156360149383544922e+00
4.168517112731933594e+00
4.180307388305664062e+00
4.191739082336425781e+00
4.202820301055908203e+00
4.213559150695800781e+00
4.223963737487792969e+00
4.234043121337890625e+00
4.243803977966308594e+00
4.253255367279052734e+00
4.262404918670654297e+00
4.271261215209960938e+00
4.279832839965820312e+00
4.288126945495605469e+00
4.296152114868164062e+00
4.303916454315185547e+00
4.311428070068359375e+00
4.318695545196533203e+00
4.325726509094238281e+00
4.332529544830322266e+00
4.339111804962158203e+00
4.345482826232910156e+00
4.351649761199951172e+00
4.357621669769287109e+00
4.363405704498291016e+00
4.369010925292968750e+00
4.374444007873535156e+00
4.379714965820312500e+00
4.384830474853515625e+00
4.389800071716308594e+00
4.394630432128906250e+00
4.399331092834472656e+00
4.403908729553222656e+00
4.408372879028320312e+00
4.412731170654296875e+00
4.416991233825683594e+00
4.421161651611328125e+00
4.425250530242919922e+00
4.429266452789306641e+00
4.433216571807861328e+00
4.437109947204589844e+00
4.440954685211181641e+00
4.444758892059326172e+00
4.448529720306396484e+00
4.452276706695556641e+00
4.456007003784179688e+00
4.459729671478271484e+00
