# te
3.692266941070556641e+00
4.479844093322753906e+00
4.478506565093994141e+00
4.033095359802246094e+00
3.402065753936767578e+00
2.745320558547973633e+00
2.163258552551269531e+00
1.703375577926635742e+00
1.377540707588195801e+00
1.182164907455444336e+00
1.100040078163146973e+00
1.100727915763854980e+00
1.152483701705932617e+00
1.229263663291931152e+00
1.309708595275878906e+00
1.385496735572814941e+00
1.453083395957946777e+00
1.514995336532592773e+00
1.574569940567016602e+00
1.632315397262573242e+00
1.689325928688049316e+00
1.751868963241577148e+00
1.824913620948791504e+00
1.903061866760253906e+00
1.979360580444335938e+00
2.051003217697143555e+00
2.115560531616210938e+00
2.167968988418579102e+00
2.203967094421386719e+00
2.225142240524291992e+00
2.234435558319091797e+00
2.234355926513671875e+00
2.226227283477783203e+00
2.207063913345336914e+00
2.174398660659790039e+00
2.132151365280151367e+00
2.084210157394409180e+00
2.027947902679443359e+00
1.959109902381896973e+00
1.874227166175842285e+00
1.772977113723754883e+00
1.655823588371276855e+00
1.523230314254760742e+00
1.375661134719848633e+00
1.213489770889282227e+00
1.036731481552124023e+00
8.453108072280883789e-01
6.391530632972717285e-01
4.181830883026123047e-01
1.822255700826644897e-01
-6.929655373096466064e-02
-3.370606601238250732e-01
-6.217442154884338379e-01
-9.240245819091796875e-01
-1.244392395019531250e+00
-1.582591176033020020e+00
-1.938177943229675293e+00
-2.310709238052368164e+00
-2.699742078781127930e+00
-3.104863166809082031e+00
-3.525781631469726562e+00
-3.962235450744628906e+00
-4.413964271545410156e+00
-4.880706310272216797e+00
-5.362289428710937500e+00
-5.858901500701904297e+00
-6.370817184448242188e+00
-6.898313999176025391e+00
-7.441666126251220703e+00
-8.001032829284667969e+00
-8.576098442077636719e+00
-9.166427612304687500e+00
-9.771588325500488281e+00
-1.039114475250244141e+01
-1.102462959289550781e+01
-1.167143154144287109e+01
-1.233091163635253906e+01
-1.300242519378662109e+01
-1.368532943725585938e+01
-1.437902545928955078e+01
-1.508308982849121094e+01
-1.579714012145996094e+01
-1.652079963684082031e+01
-1.725368499755859375e+01
-1.799540901184082031e+01
-1.874555587768554688e+01
-1.950370216369628906e+01
-2.026942062377929688e+01
-2.104228591918945312e+01
-2.182183837890625000e+01
-2.260747718811035156e+01
-2.339855957031250000e+01
-2.419444847106933594e+01
-2.499450492858886719e+01
-2.579808998107910156e+01
-2.660456275939941406e+01
-2.741328811645507812e+01
-2.822362327575683594e+01
-2.903493309020996094e+01
-2.984657287597656250e+01
-3.065790939331054688e+01
-3.146830368041992188e+01
-3.227711105346679688e+01
-3.308369827270507812e+01
-3.388742446899414062e+01
-3.468764877319335938e+01
-3.548373413085937500e+01
-3.627503967285156250e+01
-3.706093215942382812e+01
-3.784075164794921875e+01
-3.861382293701171875e+01
-3.937944412231445312e+01
-4.013691329956054688e+01
-4.088553237915039062e+01
-4.162461090087890625e+01
-4.235344314575195312e+01
-4.307133865356445312e+01
-4.377759170532226562e+01
-4.447150421142578125e+01
-4.515238952636718750e+01
-4.581953811645507812e+01
-4.647225570678710938e+01
-4.710985183715820312e+01
-4.773161315917968750e+01
-4.833685684204101562e+01
-4.892488098144531250e+01
-4.949497985839843750e+01
-5.004646301269531250e+01
-5.057863616943359375e+01
-5.109081649780273438e+01
-5.158244705200195312e+01
-5.205298233032226562e+01
-5.250187683105468750e+01
-5.292860031127929688e+01
-5.333260726928710938e+01
-5.371335601806640625e+01
-5.407030868530273438e+01
-5.440291213989257812e+01
-5.471064376831054688e+01
-5.499295425415039062e+01
-5.524929809570312500e+01
-5.547914123535156250e+01
-5.568194198608398438e+01
-5.585715484619140625e+01
-5.600424575805664062e+01
-5.612266921997070312e+01
-5.621188735961914062e+01
-5.627135848999023438e+01
-5.630053710937500000e+01
-5.629895019531250000e+01
-5.626639556884765625e+01
-5.620270156860351562e+01
-5.610773849487304688e+01
-5.598134613037109375e+01
-5.582337951660156250e+01
-5.563368988037109375e+01
-5.541213226318359375e+01
-5.515855026245117188e+01
-5.487279891967773438e+01
-5.455472946166992188e+01
-5.420419311523437500e+01
-5.382103729248046875e+01
-5.340511703491210938e+01
-5.295628356933593750e+01
-5.247438049316406250e+01
-5.195927047729492188e+01
-5.141079711914062500e+01
-5.082881546020507812e+01
-5.021317291259765625e+01
-4.956372070312500000e+01
-4.888031005859375000e+01
-4.816279602050781250e+01
-4.741102600097656250e+01
-4.662485122680664062e+01
-4.580419158935546875e+01
-4.494923782348632812e+01
-4.406025314331054688e+01
-4.313749313354492188e+01
-4.218122482299804688e+01
-4.119169998168945312e+01
-4.016917800903320312e+01
-3.911392593383789062e+01
-3.802620315551757812e+01
-3.690626525878906250e+01
-3.575437545776367188e+01
-3.457078933715820312e+01
-3.335577392578125000e+01
-3.210958480834960938e+01
-3.083247756958007812e+01
-2.952472305297851562e+01
-2.818657302856445312e+01
-2.681828880310058594e+01
-2.542013359069824219e+01
-2.399236297607421875e+01
-2.253524017333984375e+01
-2.104902458190917969e+01
-1.953397369384765625e+01
-1.799035263061523438e+01
-1.641841697692871094e+01
-1.481852817535400391e+01
-1.319145202636718750e+01
-1.153805351257324219e+01
-9.859197616577148438e+00
-8.155749320983886719e+00
-6.428574085235595703e+00
-4.678537845611572266e+00
-2.906504869461059570e+00
-1.113341212272644043e+00
7.000882625579833984e-01
2.532918214797973633e+00
4.384283065795898438e+00
6.253318309783935547e+00
8.139157295227050781e+00
1.004093647003173828e+01
1.195778942108154297e+01
1.388885116577148438e+01
1.583325481414794922e+01
1.779014015197753906e+01
1.975863456726074219e+01
2.173787879943847656e+01
2.372700500488281250e+01
2.572514724731445312e+01
2.773144340515136719e+01
2.974502372741699219e+01
3.176502609252929688e+01
3.379058456420898438e+01
3.582083511352539062e+01
3.785491180419921875e+01
3.989194488525390625e+01
4.193107223510742188e+01
4.397143173217773438e+01
4.601215362548828125e+01
4.805237960815429688e+01
5.009123229980468750e+01
5.212785720825195312e+01
5.416138839721679688e+01
5.619095230102539062e+01
5.821568679809570312e+01
6.023473739624023438e+01
6.224721908569335938e+01
6.425228118896484375e+01
6.624906158447265625e+01
6.823667907714843750e+01
7.021428680419921875e+01
7.218099975585937500e+01
7.413597106933593750e+01
7.607833099365234375e+01
7.800720214843750000e+01
7.992172241210937500e+01
8.182106781005859375e+01
8.370451354980468750e+01
8.557135772705078125e+01
8.742091369628906250e+01
8.925247955322265625e+01
9.106538391113281250e+01
9.285890960693359375e+01
9.463236999511718750e+01
9.638508605957031250e+01
9.811634826660156250e+01
9.982546234130859375e+01
1.015117416381835938e+02
1.031744995117187500e+02
1.048130416870117188e+02
1.064266662597656250e+02
1.080146865844726562e+02
1.095764007568359375e+02
1.111111297607421875e+02
1.126181640625000000e+02
1.140968322753906250e+02
1.155464096069335938e+02
1.169662399291992188e+02
1.183555984497070312e+02
1.197138214111328125e+02
1.210401763916015625e+02
1.223340148925781250e+02
1.235946121215820312e+02
1.248213043212890625e+02
1.260133590698242188e+02
1.271701126098632812e+02
1.282908782958984375e+02
1.293749237060546875e+02
1.304216003417968750e+02
1.314301910400390625e+02
1.323999938964843750e+02
1.333303222656250000e+02
1.342205200195312500e+02
1.350698547363281250e+02
1.358776245117187500e+02
1.366431732177734375e+02
1.373657684326171875e+02
1.380447692871093750e+02
1.386794281005859375e+02
1.392690734863281250e+02
1.398130187988281250e+02
1.403105773925781250e+02
1.407610321044921875e+02
1.411637115478515625e+02
1.415178985595703125e+02
1.418229217529296875e+02
1.420782623291015625e+02
1.422840881347656250e+02
1.424407958984375000e+02
1.425487060546875000e+02
1.426082000732421875e+02
1.426196289062500000e+02
1.425833587646484375e+02
1.424997558593750000e+02
1.423691711425781250e+02
1.421919708251953125e+02
1.419685058593750000e+02
1.416991729736328125e+02
1.413842773437500000e+02
1.410242309570312500e+02
1.406193542480468750e+02
1.401700286865234375e+02
1.396766204833984375e+02
1.391394653320312500e+02
1.385589752197265625e+02
1.379354553222656250e+02
1.372692718505859375e+02
1.365608215332031250e+02
1.358104400634765625e+02
1.350184783935546875e+02
1.341853332519531250e+02
1.333113403320312500e+02
1.323968658447265625e+02
1.314422607421875000e+02
1.304478912353515625e+02
1.294141235351562500e+02
1.283413238525390625e+02
1.272298355102539062e+02
1.260800323486328125e+02
1.248922805786132812e+02
1.236669235229492188e+02
1.224043350219726562e+02
1.211048660278320312e+02
1.197688827514648438e+02
1.183967437744140625e+02
1.169888153076171875e+02
1.155454483032226562e+02
1.140670166015625000e+02
1.125538635253906250e+02
1.110063781738281250e+02
1.094248962402343750e+02
1.078097839355468750e+02
1.061613998413085938e+02
1.044801177978515625e+02
1.027662887573242188e+02
1.010202713012695312e+02
9.924253845214843750e+01
9.743401336669921875e+01
9.559570312500000000e+01
9.372864532470703125e+01
9.183385467529296875e+01
8.991236114501953125e+01
8.796518707275390625e+01
8.599336242675781250e+01
8.399790191650390625e+01
8.197983551025390625e+01
7.994018554687500000e+01
7.787997436523437500e+01
7.580022430419921875e+01
7.370196533203125000e+01
7.158621215820312500e+01
6.945401000976562500e+01
6.730635833740234375e+01
6.514428710937500000e+01
6.296883392333984375e+01
6.078100967407226562e+01
5.858184432983398438e+01
5.637235641479492188e+01
5.415357589721679688e+01
5.192652130126953125e+01
4.969222259521484375e+01
4.745169448852539062e+01
4.520597457885742188e+01
4.295607757568359375e+01
4.070302581787109375e+01
3.844785308837890625e+01
3.619157409667968750e+01
3.393521881103515625e+01
3.167980766296386719e+01
2.942636489868164062e+01
2.717591667175292969e+01
2.492948341369628906e+01
2.268809509277343750e+01
2.045277023315429688e+01
1.822453498840332031e+01
1.600441360473632812e+01
1.379343128204345703e+01
1.159260940551757812e+01
9.402974128723144531e+00
7.225547790527343750e+00
5.061356067657470703e+00
2.911422491073608398e+00
7.767705917358398438e-01
-1.341575145721435547e+00
-3.442590713500976562e+00
-5.525251865386962891e+00
-7.588616847991943359e+00
-9.632069587707519531e+00
-1.165507698059082031e+01
-1.365710353851318359e+01
-1.563761615753173828e+01
-1.759608268737792969e+01
-1.953196716308593750e+01
-2.144473838806152344e+01
-2.333385848999023438e+01
-2.519879913330078125e+01
-2.703902053833007812e+01
-2.885399246215820312e+01
-3.064318275451660156e+01
-3.240605163574218750e+01
-3.414207077026367188e+01
-3.585070419311523438e+01
-3.753141784667968750e+01
-3.918367767333984375e+01
-4.080694961547851562e+01
-4.240070343017578125e+01
-4.396440124511718750e+01
-4.549751281738281250e+01
-4.699950027465820312e+01
-4.846983337402343750e+01
-4.990797424316406250e+01
-5.131339263916015625e+01
-5.268555068969726562e+01
-5.402391815185546875e+01
-5.532796478271484375e+01
-5.659714889526367188e+01
-5.783094406127929688e+01
-5.902880477905273438e+01
-6.019021224975585938e+01
-6.131462860107421875e+01
-6.240151214599609375e+01
-6.345032882690429688e+01
-6.446055603027343750e+01
-6.543165588378906250e+01
-6.636308288574218750e+01
-6.725432586669921875e+01
-6.810482788085937500e+01
-6.891406250000000000e+01
-6.968151092529296875e+01
-7.040662384033203125e+01
-7.108886718750000000e+01
-7.172770690917968750e+01
-7.232261657714843750e+01
-7.287306213378906250e+01
-7.337850189208984375e+01
-7.383840179443359375e+01
-7.425241851806640625e+01
-7.462088012695312500e+01
-7.494430541992187500e+01
-7.522322845458984375e+01
-7.545815277099609375e+01
-7.564960479736328125e+01
-7.579810333251953125e+01
-7.590417480468750000e+01
-7.596831512451171875e+01
-7.599106597900390625e+01
-7.597293853759765625e+01
-7.591444396972656250e+01
-7.581611633300781250e+01
-7.567847442626953125e+01
-7.550201416015625000e+01
-7.528728485107421875e+01
-7.503478240966796875e+01
-7.474504089355468750e+01
-7.441857147216796875e+01
-7.405590057373046875e+01
-7.365753173828125000e+01
-7.322400665283203125e+01
-7.275582885742187500e+01
-7.225350952148437500e+01
-7.171759033203125000e+01
-7.114858245849609375e+01
-7.054699707031250000e+01
-6.991335296630859375e+01
-6.924817657470703125e+01
-6.855198669433593750e+01
-6.782530212402343750e+01
-6.706863403320312500e+01
-6.628250885009765625e+01
-6.546744537353515625e+01
-6.462397003173828125e+01
-6.375258255004882812e+01
-6.285381317138671875e+01
-6.192818450927734375e+01
-6.097620773315429688e+01
-5.999841308593750000e+01
-5.899530792236328125e+01
-5.796741485595703125e+01
-5.691526031494140625e+01
-5.583935165405273438e+01
-5.474021530151367188e+01
-5.361836624145507812e+01
-5.247432708740234375e+01
-5.130861663818359375e+01
-5.012175369262695312e+01
-4.891425704956054688e+01
-4.768671417236328125e+01
-4.644001770019531250e+01
-4.517512130737304688e+01
-4.389298248291015625e+01
-4.259456253051757812e+01
-4.128081512451171875e+01
-3.995269775390625000e+01
-3.861117172241210938e+01
-3.725719451904296875e+01
-3.589172363281250000e+01
-3.451571273803710938e+01
-3.313012695312500000e+01
-3.173591804504394531e+01
-3.033404541015625000e+01
-2.892546844482421875e+01
-2.751114654541015625e+01
-2.609203338623046875e+01
-2.466908645629882812e+01
-2.324326896667480469e+01
-2.181553268432617188e+01
-2.038683891296386719e+01
-1.895814704895019531e+01
-1.753041076660156250e+01
-1.610459136962890625e+01
-1.468164348602294922e+01
-1.326252746582031250e+01
-1.184820079803466797e+01
-1.043962097167968750e+01
-9.037744522094726562e+00
-7.643531322479248047e+00
-6.257938385009765625e+00
-4.881924152374267578e+00
-3.516445398330688477e+00
-2.162460565567016602e+00
-8.209274411201477051e-01
5.071960687637329102e-01
1.820952296257019043e+00
3.119383096694946289e+00
4.401530742645263672e+00
5.666437625885009766e+00
6.913146495819091797e+00
8.140697479248046875e+00
9.348134994506835938e+00
1.053449916839599609e+01
1.169883346557617188e+01
1.284018039703369141e+01
1.395758152008056641e+01
1.505007839202880859e+01
1.611671447753906250e+01
1.715653038024902344e+01
1.816868019104003906e+01
1.915276336669921875e+01
2.010848808288574219e+01
2.103556060791015625e+01
2.193369674682617188e+01
2.280260086059570312e+01
2.364198493957519531e+01
2.445155525207519531e+01
2.523102378845214844e+01
2.598009872436523438e+01
2.669849205017089844e+01
2.738590812683105469e+01
2.804206275939941406e+01
2.866665840148925781e+01
2.925940704345703125e+01
2.982002067565917969e+01
3.034820556640625000e+01
3.084367179870605469e+01
3.130612945556640625e+01
3.173528671264648438e+01
3.213085174560546875e+01
3.249253845214843750e+01
3.282005691528320312e+01
3.311310958862304688e+01
3.337140655517578125e+01
3.359466552734375000e+01
3.378258514404296875e+01
3.393487930297851562e+01
3.405125808715820312e+01
3.413143539428710938e+01
3.417511367797851562e+01
3.418200302124023438e+01
3.415181350708007812e+01
3.408425521850585938e+01
3.397903442382812500e+01
3.383586883544921875e+01
3.365446090698242188e+01
3.343452072143554688e+01
3.317575836181640625e+01
3.287788009643554688e+01
3.254060363769531250e+01
3.216362762451171875e+01
3.174666976928710938e+01
3.128943443298339844e+01
3.079163742065429688e+01
3.025298118591308594e+01
2.967317390441894531e+01
2.905193138122558594e+01
2.838895988464355469e+01
2.768396949768066406e+01
2.693683052062988281e+01
2.614807319641113281e+01
2.531838226318359375e+01
2.444845008850097656e+01
2.353896713256835938e+01
2.259062004089355469e+01
2.160409927368164062e+01
2.058009719848632812e+01
1.951929855346679688e+01
1.842239570617675781e+01
1.729007911682128906e+01
1.612303543090820312e+01
1.492195701599121094e+01
1.368753051757812500e+01
1.242044734954833984e+01
1.112139511108398438e+01
9.791066169738769531e+00
8.430149078369140625e+00
7.039331436157226562e+00
5.619304180145263672e+00
4.170757293701171875e+00
2.694379568099975586e+00
1.190860271453857422e+00
-3.391105532646179199e-01
-1.894843578338623047e+00
-3.475649356842041016e+00
-5.080838203430175781e+00
-6.709721088409423828e+00
-8.361607551574707031e+00
-1.003580951690673828e+01
-1.173163604736328125e+01
-1.344839954376220703e+01
-1.518540859222412109e+01
-1.694197273254394531e+01
-1.871740531921386719e+01
-2.051101684570312500e+01
-2.232211494445800781e+01
-2.415001296997070312e+01
-2.599402046203613281e+01
-2.785344505310058594e+01
-2.972760200500488281e+01
-3.161580085754394531e+01
-3.351734924316406250e+01
-3.543156051635742188e+01
-3.735774230957031250e+01
-3.929520797729492188e+01
-4.124326705932617188e+01
-4.320122909545898438e+01
-4.516840744018554688e+01
-4.714410400390625000e+01
-4.912760543823242188e+01
-5.111801528930664062e+01
-5.311441421508789062e+01
-5.511588287353515625e+01
-5.712149429321289062e+01
-5.913032913208007812e+01
-6.114146423339843750e+01
-6.315397262573242188e+01
-6.516693115234375000e+01
-6.717942810058593750e+01
-6.919052886962890625e+01
-7.119931030273437500e+01
-7.320486450195312500e+01
-7.520626068115234375e+01
-7.720256805419921875e+01
-7.919287109375000000e+01
-8.117624664306640625e+01
-8.315177154541015625e+01
-8.511852264404296875e+01
-8.707557678222656250e+01
-8.902201843261718750e+01
-9.095690917968750000e+01
-9.287934112548828125e+01
-9.478839111328125000e+01
-9.668312835693359375e+01
-9.856262969970703125e+01
-1.004259719848632812e+02
-1.022722473144531250e+02
-1.041005249023437500e+02
-1.059098663330078125e+02
-1.076993713378906250e+02
-1.094681091308593750e+02
-1.112151489257812500e+02
-1.129395904541015625e+02
-1.146404800415039062e+02
-1.163169174194335938e+02
-1.179679718017578125e+02
-1.195927124023437500e+02
-1.211902313232421875e+02
-1.227596054077148438e+02
-1.242999038696289062e+02
-1.258102111816406250e+02
-1.272895965576171875e+02
-1.287371520996093750e+02
-1.301519165039062500e+02
-1.315330200195312500e+02
-1.328795013427734375e+02
-1.341904754638671875e+02
-1.354649658203125000e+02
-1.367021026611328125e+02
-1.379010620117187500e+02
-1.390615386962890625e+02
-1.401833953857421875e+02
-1.412664489746093750e+02
-1.423105316162109375e+02
-1.433154754638671875e+02
-1.442811279296875000e+02
-1.452073059082031250e+02
-1.460938568115234375e+02
-1.469406127929687500e+02
-1.477473754882812500e+02
-1.485140228271484375e+02
-1.492403564453125000e+02
-1.499262237548828125e+02
-1.505714416503906250e+02
-1.511758728027343750e+02
-1.517393188476562500e+02
-1.522616424560546875e+02
-1.527426452636718750e+02
-1.531821899414062500e+02
-1.535800933837890625e+02
-1.539361724853515625e+02
-1.542503051757812500e+02
-1.545222930908203125e+02
-1.547519683837890625e+02
-1.549391632080078125e+02
-1.550837249755859375e+02
-1.551854705810546875e+02
-1.552442474365234375e+02
-1.552598876953125000e+02
-1.552322235107421875e+02
-1.551610565185546875e+02
-1.550462646484375000e+02
-1.548876647949218750e+02
-1.546850891113281250e+02
-1.544383697509765625e+02
-1.541473388671875000e+02
-1.538118286132812500e+02
-1.534316711425781250e+02
-1.530067138671875000e+02
-1.525367736816406250e+02
-1.520216674804687500e+02
-1.514612731933593750e+02
-1.508553924560546875e+02
-1.502038574218750000e+02
-1.495065155029296875e+02
-1.487631988525390625e+02
-1.479737243652343750e+02
-1.471379394531250000e+02
-1.462556762695312500e+02
-1.453269195556640625e+02
-1.443522644042968750e+02
-1.433324279785156250e+02
-1.422682037353515625e+02
-1.411603088378906250e+02
-1.400094909667968750e+02
-1.388164978027343750e+02
-1.375820770263671875e+02
-1.363069610595703125e+02
-1.349919281005859375e+02
-1.336376800537109375e+02
-1.322450103759765625e+02
-1.308146362304687500e+02
-1.293472900390625000e+02
-1.278437423706054688e+02
-1.263047332763671875e+02
-1.247310028076171875e+02
-1.231232986450195312e+02
-1.214823760986328125e+02
-1.198089599609375000e+02
-1.181038131713867188e+02
-1.163676757812500000e+02
-1.146012878417968750e+02
-1.128054046630859375e+02
-1.109807739257812500e+02
-1.091281356811523438e+02
-1.072482299804687500e+02
-1.053418045043945312e+02
-1.034096145629882812e+02
-1.014524002075195312e+02
-9.947090148925781250e+01
-9.746586608886718750e+01
-9.543804931640625000e+01
-9.338818359375000000e+01
-9.131702423095703125e+01
-8.922531127929687500e+01
-8.711379241943359375e+01
-8.498321533203125000e+01
-8.283432006835937500e+01
-8.066785430908203125e+01
-7.848456573486328125e+01
-7.628520965576171875e+01
-7.407051086425781250e+01
-7.184123229980468750e+01
-6.959810638427734375e+01
-6.734188079833984375e+01
-6.507331085205078125e+01
-6.279313659667968750e+01
-6.050210189819335938e+01
-5.820095062255859375e+01
-5.589046478271484375e+01
-5.357149505615234375e+01
-5.124494171142578125e+01
-4.891169357299804688e+01
-4.657263565063476562e+01
-4.422866058349609375e+01
-4.188066101074218750e+01
-3.952952194213867188e+01
-3.717613983154296875e+01
-3.482140350341796875e+01
-3.246620178222656250e+01
-3.011142349243164062e+01
-2.775795936584472656e+01
-2.540670394897460938e+01
-2.305854225158691406e+01
-2.071436500549316406e+01
-1.837506484985351562e+01
-1.604153251647949219e+01
-1.371465492248535156e+01
-1.139532279968261719e+01
-9.084428787231445312e+00
-6.782863140106201172e+00
-4.491512775421142578e+00
-2.211271047592163086e+00
5.697312951087951660e-02
2.312329292297363281e+00
4.553907394409179688e+00
6.780817508697509766e+00
8.992168426513671875e+00
1.118707084655761719e+01
1.336463356018066406e+01
1.552396869659423828e+01
1.766418266296386719e+01
1.978438568115234375e+01
2.188369178771972656e+01
2.396120643615722656e+01
2.601604080200195312e+01
2.804730606079101562e+01
3.005410575866699219e+01
3.203556060791015625e+01
3.399077224731445312e+01
3.591884994506835938e+01
3.781890487670898438e+01
3.969005203247070312e+01
4.153139495849609375e+01
4.334204864501953125e+01
4.512111663818359375e+01
4.686771392822265625e+01
4.858094787597656250e+01
5.025992584228515625e+01
5.190388107299804688e+01
5.351251220703125000e+01
5.508563232421875000e+01
5.662306594848632812e+01
5.812462615966796875e+01
5.959013366699218750e+01
6.101940536499023438e+01
6.241225433349609375e+01
6.376850891113281250e+01
6.508798217773437500e+01
6.637049102783203125e+01
6.761585235595703125e+01
6.882388305664062500e+01
6.999440002441406250e+01
7.112723541259765625e+01
7.222219085693359375e+01
7.327909088134765625e+01
7.429775238037109375e+01
7.527799224853515625e+01
7.621962738037109375e+01
7.712247467041015625e+01
7.798636627197265625e+01
7.881110382080078125e+01
7.959651184082031250e+01
8.034240722656250000e+01
8.104859924316406250e+01
8.171492004394531250e+01
8.234118652343750000e+01
8.292720794677734375e+01
8.347280120849609375e+01
8.397779846191406250e+01
8.444199371337890625e+01
8.486523437500000000e+01
8.524731445312500000e+01
8.558806610107421875e+01
8.588729858398437500e+01
8.614483642578125000e+01
8.636048889160156250e+01
8.653408050537109375e+01
8.666543579101562500e+01
8.675435638427734375e+01
8.680067443847656250e+01
8.680419921875000000e+01
8.676474761962890625e+01
8.668215179443359375e+01
8.655621337890625000e+01
8.638675689697265625e+01
8.617359924316406250e+01
8.591656494140625000e+01
8.561545562744140625e+01
8.527024078369140625e+01
8.488142395019531250e+01
8.444963836669921875e+01
8.397554016113281250e+01
8.345976257324218750e+01
8.290293884277343750e+01
8.230573272705078125e+01
8.166876220703125000e+01
8.099268341064453125e+01
8.027813720703125000e+01
7.952576446533203125e+01
7.873619842529296875e+01
7.791009521484375000e+01
7.704808807373046875e+01
7.615082550048828125e+01
7.521894073486328125e+01
7.425308227539062500e+01
7.325389099121093750e+01
7.222200012207031250e+01
7.115806579589843750e+01
7.006272125244140625e+01
6.893661499023437500e+01
6.778038024902343750e+01
6.659466552734375000e+01
6.538011169433593750e+01
6.413735198974609375e+01
6.286703872680664062e+01
6.156980895996093750e+01
6.024631118774414062e+01
5.889717864990234375e+01
5.752305984497070312e+01
5.612459564208984375e+01
5.470241928100585938e+01
5.325718688964843750e+01
5.178952789306640625e+01
5.030009460449218750e+01
4.878952407836914062e+01
4.725845336914062500e+01
4.570753097534179688e+01
4.413739776611328125e+01
4.254869461059570312e+01
4.094206237792968750e+01
3.931814575195312500e+01
3.767758560180664062e+01
3.602102661132812500e+01
3.434910583496093750e+01
3.266246032714843750e+01
3.096174430847167969e+01
2.924759292602539062e+01
2.752065086364746094e+01
2.578157615661621094e+01
2.403110504150390625e+01
2.226998901367187500e+01
2.049898147583007812e+01
1.871883964538574219e+01
1.693031501770019531e+01
1.513415718078613281e+01
1.333112430572509766e+01
1.152196788787841797e+01
9.707440376281738281e+00
7.888297557830810547e+00
6.065290451049804688e+00
4.239173412322998047e+00
2.410700321197509766e+00
5.806236863136291504e-01
-1.250302791595458984e+00
-3.081325769424438477e+00
-4.911691665649414062e+00
-6.740647792816162109e+00
-8.567440032958984375e+00
-1.039131546020507812e+01
-1.221151924133300781e+01
-1.402730083465576172e+01
-1.583790588378906250e+01
-1.764257812500000000e+01
-1.944056892395019531e+01
-2.123112106323242188e+01
-2.301348304748535156e+01
-2.478690147399902344e+01
-2.655062103271484375e+01
-2.830389213562011719e+01
-3.004595947265625000e+01
-3.177606773376464844e+01
-3.349346542358398438e+01
-3.519739913940429688e+01
-3.688711547851562500e+01
-3.856185913085937500e+01
-4.022088241577148438e+01
-4.186342620849609375e+01
-4.348873901367187500e+01
-4.509606552124023438e+01
-4.668465805053710938e+01
-4.825375747680664062e+01
-4.980261230468750000e+01
-5.133047103881835938e+01
-5.283657836914062500e+01
-5.432017898559570312e+01
-5.578052520751953125e+01
-5.721685409545898438e+01
-5.862842178344726562e+01
-6.001456832885742188e+01
-6.137503433227539062e+01
-6.270964813232421875e+01
-6.401825714111328125e+01
-6.530068206787109375e+01
-6.655676269531250000e+01
-6.778634643554687500e+01
-6.898924255371093750e+01
-7.016531372070312500e+01
-7.131437683105468750e+01
-7.243627929687500000e+01
-7.353083801269531250e+01
-7.459790802001953125e+01
-7.563731384277343750e+01
-7.664889526367187500e+01
-7.763248443603515625e+01
-7.858792114257812500e+01
-7.951502990722656250e+01
-8.041365051269531250e+01
-8.128363037109375000e+01
-8.212478637695312500e+01
-8.293695831298828125e+01
-8.371999359130859375e+01
-8.447370910644531250e+01
-8.519795227050781250e+01
-8.589255523681640625e+01
-8.655735015869140625e+01
-8.719217681884765625e+01
-8.779686737060546875e+01
-8.837126159667968750e+01
-8.891518402099609375e+01
-8.942847442626953125e+01
-8.991097259521484375e+01
-9.036251831054687500e+01
-9.078293609619140625e+01
-9.117205810546875000e+01
-9.152972412109375000e+01
-9.185578155517578125e+01
-9.215004730224609375e+01
-9.241236114501953125e+01
-9.264256286621093750e+01
-9.284048461914062500e+01
-9.300596618652343750e+01
-9.313883972167968750e+01
-9.323892974853515625e+01
-9.330609130859375000e+01
-9.334014129638671875e+01
-9.334092712402343750e+01
-9.330827331542968750e+01
-9.324202728271484375e+01
-9.314212799072265625e+01
-9.300894927978515625e+01
-9.284298706054687500e+01
-9.264472961425781250e+01
-9.241465759277343750e+01
-9.215327453613281250e+01
-9.186105346679687500e+01
-9.153849029541015625e+01
-9.118607330322265625e+01
-9.080429840087890625e+01
-9.039363861083984375e+01
-8.995458984375000000e+01
-8.948764801025390625e+01
-8.899330139160156250e+01
-8.847202301025390625e+01
-8.792431640625000000e+01
-8.735066986083984375e+01
-8.675156402587890625e+01
-8.612748718261718750e+01
-8.547894287109375000e+01
-8.480639648437500000e+01
-8.411035919189453125e+01
-8.339131164550781250e+01
-8.264973449707031250e+01
-8.188613128662109375e+01
-8.110097503662109375e+01
-8.029476928710937500e+01
-7.946798706054687500e+01
-7.862113189697265625e+01
-7.775468444824218750e+01
-7.686914062500000000e+01
-7.596498107910156250e+01
-7.504269409179687500e+01
-7.410276794433593750e+01
-7.314570617675781250e+01
-7.217197418212890625e+01
-7.118208312988281250e+01
-7.017650604248046875e+01
-6.915573883056640625e+01
-6.812026977539062500e+01
-6.707057952880859375e+01
-6.600717163085937500e+01
-6.493052673339843750e+01
-6.384112930297851562e+01
-6.273947143554687500e+01
-6.162604522705078125e+01
-6.050133514404296875e+01
-5.936583328247070312e+01
-5.822002410888671875e+01
-5.706439971923828125e+01
-5.589946746826171875e+01
-5.472579193115234375e+01
-5.354395675659179688e+01
-5.235454559326171875e+01
-5.115814590454101562e+01
-4.995534515380859375e+01
-4.874671936035156250e+01
-4.753285598754882812e+01
-4.631433868408203125e+01
-4.509176254272460938e+01
-4.386569595336914062e+01
-4.263673019409179688e+01
-4.140545272827148438e+01
-4.017244338989257812e+01
-3.893828964233398438e+01
-3.770357131958007812e+01
-3.646887969970703125e+01
-3.523479461669921875e+01
-3.400189971923828125e+01
-3.277077865600585938e+01
-3.154202651977539062e+01
-3.031621360778808594e+01
-2.909393119812011719e+01
-2.787575912475585938e+01
-2.666228866577148438e+01
-2.545409965515136719e+01
-2.425177955627441406e+01
-2.305590820312500000e+01
-2.186707305908203125e+01
-2.068585586547851562e+01
-1.951284599304199219e+01
-1.834862518310546875e+01
-1.719377517700195312e+01
-1.604888534545898438e+01
-1.491453456878662109e+01
-1.379131221771240234e+01
-1.267980003356933594e+01
-1.158058357238769531e+01
-1.049424457550048828e+01
-9.421371459960937500e+00
-8.362546920776367188e+00
-7.318353652954101562e+00
-6.289377212524414062e+00
-5.276203155517578125e+00
-4.279414653778076172e+00
-3.299596071243286133e+00
-2.337332248687744141e+00
-1.393207430839538574e+00
-4.678059816360473633e-01
4.382877349853515625e-01
1.324568748474121094e+00
2.190848827362060547e+00
3.037019491195678711e+00
3.862972259521484375e+00
4.668598175048828125e+00
5.453788757324218750e+00
6.218435764312744141e+00
6.962430000305175781e+00
7.685662746429443359e+00
8.388025283813476562e+00
9.069410324096679688e+00
9.729707717895507812e+00
1.036880970001220703e+01
1.098660659790039062e+01
1.158299064636230469e+01
1.215785312652587891e+01
1.271108436584472656e+01
1.324257850646972656e+01
1.375222301483154297e+01
1.423991203308105469e+01
1.470553779602050781e+01
1.514898872375488281e+01
1.557015705108642578e+01
1.596893501281738281e+01
1.634521293640136719e+01
1.669888496398925781e+01
1.702983665466308594e+01
1.733796501159667969e+01
1.762315940856933594e+01
1.788531112670898438e+01
1.812431144714355469e+01
1.834005165100097656e+01
1.853242492675781250e+01
1.870132064819335938e+01
1.884662818908691406e+01
1.896824455261230469e+01
1.906605529785156250e+01
1.913995361328125000e+01
1.918983268737792969e+01
1.921558570861816406e+01
1.921709632873535156e+01
1.919426345825195312e+01
1.914697456359863281e+01
1.907512474060058594e+01
1.897859764099121094e+01
1.885729408264160156e+01
1.871109962463378906e+01
1.853990745544433594e+01
1.834360694885253906e+01
1.812209320068359375e+01
1.787533760070800781e+01
1.760365867614746094e+01
1.730744743347167969e+01
1.698710441589355469e+01
1.664302635192871094e+01
1.627561187744140625e+01
1.588525581359863281e+01
1.547235679626464844e+01
1.503731155395507812e+01
1.458051681518554688e+01
1.410237216949462891e+01
1.360327434539794922e+01
1.308361721038818359e+01
1.254380226135253906e+01
1.198422431945800781e+01
1.140528106689453125e+01
1.080737113952636719e+01
1.019088935852050781e+01
9.556234359741210938e+00
8.903803825378417969e+00
8.233995437622070312e+00
7.547204017639160156e+00
6.843828678131103516e+00
6.124267101287841797e+00
5.388915538787841797e+00
4.638171672821044922e+00
3.872432470321655273e+00
3.092095375061035156e+00
2.297557830810546875e+00
1.489216804504394531e+00
6.674697399139404297e-01
-1.672862619161605835e-01
-1.014653801918029785e+00
-1.874235630035400391e+00
-2.745634555816650391e+00
-3.628453254699707031e+00
-4.522294521331787109e+00
-5.426760673522949219e+00
-6.341455459594726562e+00
-7.265980243682861328e+00
-8.199938774108886719e+00
-9.142933845520019531e+00
-1.009456729888916016e+01
-1.105444335937500000e+01
-1.202216243743896484e+01
-1.299732971191406250e+01
-1.397954654693603516e+01
-1.496841526031494141e+01
-1.596354007720947266e+01
-1.696452331542968750e+01
-1.797095870971679688e+01
-1.898239707946777344e+01
-1.999838256835937500e+01
-2.101845932006835938e+01
-2.204217147827148438e+01
-2.306906318664550781e+01
-2.409867477416992188e+01
-2.513055229187011719e+01
-2.616423988342285156e+01
-2.719927787780761719e+01
-2.823521232604980469e+01
-2.927158737182617188e+01
-3.030794525146484375e+01
-3.134382820129394531e+01
-3.237878036499023438e+01
-3.341234970092773438e+01
-3.444407272338867188e+01
-3.547349548339843750e+01
-3.650016021728515625e+01
-3.752361679077148438e+01
-3.854340362548828125e+01
-3.955906295776367188e+01
-4.057014083862304688e+01
-4.157617950439453125e+01
-4.257672500610351562e+01
-4.357131576538085938e+01
-4.455950164794921875e+01
-4.554082107543945312e+01
-4.651482391357421875e+01
-4.748104476928710938e+01
-4.843903350830078125e+01
-4.938832855224609375e+01
-5.032847595214843750e+01
-5.125902175903320312e+01
-5.217951202392578125e+01
-5.308948135375976562e+01
-5.398847579956054688e+01
-5.487604141235351562e+01
-5.575172424316406250e+01
-5.661506271362304688e+01
-5.746560287475585938e+01
-5.830288696289062500e+01
-5.912645339965820312e+01
-5.993585968017578125e+01
-6.073063659667968750e+01
-6.151033782958984375e+01
-6.227449035644531250e+01
-6.302265930175781250e+01
-6.375437164306640625e+01
-6.446916961669921875e+01
-6.516667938232421875e+01
-6.584674072265625000e+01
-6.650927734375000000e+01
-6.715420532226562500e+01
-6.778144836425781250e+01
-6.839093017578125000e+01
-6.898255920410156250e+01
-6.955627441406250000e+01
-7.011196899414062500e+01
-7.064958953857421875e+01
-7.116903686523437500e+01
-7.167023468017578125e+01
-7.215311431884765625e+01
-7.261757659912109375e+01
-7.306356048583984375e+01
-7.349096679687500000e+01
-7.389972686767578125e+01
-7.428975677490234375e+01
-7.466098785400390625e+01
-7.501332092285156250e+01
-7.534668731689453125e+01
-7.566099548339843750e+01
-7.595617675781250000e+01
-7.623215484619140625e+01
-7.648883819580078125e+01
-7.672615051269531250e+01
-7.694401550292968750e+01
-7.714234161376953125e+01
-7.732106018066406250e+01
-7.748008728027343750e+01
-7.761934661865234375e+01
-7.773873901367187500e+01
-7.783821105957031250e+01
-7.791766357421875000e+01
-7.797702789306640625e+01
-7.801622009277343750e+01
-7.803514862060546875e+01
-7.803374481201171875e+01
-7.801193237304687500e+01
-7.796961975097656250e+01
-7.790673065185546875e+01
-7.782319641113281250e+01
-7.771891021728515625e+01
-7.759381866455078125e+01
-7.744783020019531250e+01
-7.728086853027343750e+01
-7.709284973144531250e+01
-7.688368988037109375e+01
-7.665330505371093750e+01
-7.640163421630859375e+01
-7.612864685058593750e+01
-7.583460235595703125e+01
-7.551980590820312500e+01
-7.518458557128906250e+01
-7.482926177978515625e+01
-7.445413970947265625e+01
-7.405953979492187500e+01
-7.364579010009765625e+01
-7.321318817138671875e+01
-7.276206207275390625e+01
-7.229273223876953125e+01
-7.180551147460937500e+01
-7.130070495605468750e+01
-7.077865600585937500e+01
-7.023966217041015625e+01
-6.968403625488281250e+01
-6.911211395263671875e+01
-6.852420806884765625e+01
-6.792061614990234375e+01
-6.730168151855468750e+01
-6.666769409179687500e+01
-6.601899719238281250e+01
-6.535589599609375000e+01
-6.467870330810546875e+01
-6.398773574829101562e+01
-6.328332138061523438e+01
-6.256576538085937500e+01
-6.183539581298828125e+01
-6.109252166748046875e+01
-6.033746337890625000e+01
-5.957053375244140625e+01
-5.879205703735351562e+01
-5.800234222412109375e+01
-5.720170593261718750e+01
-5.639047622680664062e+01
-5.556895828247070312e+01
-5.473747634887695312e+01
-5.389634704589843750e+01
-5.304588317871093750e+01
-5.218640136718750000e+01
-5.131822204589843750e+01
-5.044166183471679688e+01
-4.955703735351562500e+01
-4.866466522216796875e+01
-4.776486206054687500e+01
-4.685794448852539062e+01
-4.594422912597656250e+01
-4.502403640747070312e+01
-4.409767913818359375e+01
-4.316547775268554688e+01
-4.222775268554687500e+01
-4.128487014770507812e+01
-4.033720016479492188e+01
-3.938510894775390625e+01
-3.842897033691406250e+01
-3.746914672851562500e+01
-3.650601577758789062e+01
-3.553994369506835938e+01
-3.457129669189453125e+01
-3.360045242309570312e+01
-3.262777709960937500e+01
-3.165363502502441406e+01
-3.067840385437011719e+01
-2.970244979858398438e+01
-2.872614097595214844e+01
-2.774984741210937500e+01
-2.677394104003906250e+01
-2.579879188537597656e+01
-2.482476806640625000e+01
-2.385223770141601562e+01
-2.288157463073730469e+01
-2.191314506530761719e+01
-2.094731903076171875e+01
-1.998446846008300781e+01
-1.902496147155761719e+01
-1.806916809082031250e+01
-1.711745643615722656e+01
-1.617019844055175781e+01
-1.522776317596435547e+01
-1.429051971435546875e+01
-1.335883903503417969e+01
-1.243308925628662109e+01
-1.151364040374755859e+01
-1.060086250305175781e+01
-9.695124626159667969e+00
-8.796798706054687500e+00
-7.906250953674316406e+00
-7.023853778839111328e+00
-6.149975776672363281e+00
-5.284986972808837891e+00
-4.429256916046142578e+00
-3.583155155181884766e+00
-2.747051715850830078e+00
-1.921315789222717285e+00
-1.106317400932312012e+00
-3.024263679981231689e-01
4.899879097938537598e-01
1.270555615425109863e+00
2.038907051086425781e+00
2.794672489166259766e+00
3.537529706954956055e+00
4.267346382141113281e+00
4.984035968780517578e+00
5.687514305114746094e+00
6.377695560455322266e+00
7.054494380950927734e+00
7.717824935913085938e+00
8.367603302001953125e+00
9.003741264343261719e+00
9.626156806945800781e+00
1.023476314544677734e+01
1.082947444915771484e+01
1.141020584106445312e+01
1.197687244415283203e+01
1.252938652038574219e+01
1.306766605377197266e+01
1.359162330627441406e+01
1.410117530822753906e+01
1.459623241424560547e+01
1.507671356201171875e+01
1.554253292083740234e+01
1.599360179901123047e+01
1.642983818054199219e+01
1.685115623474121094e+01
1.725746917724609375e+01
1.764869308471679688e+01
1.802474021911621094e+01
1.838552665710449219e+01
1.873096847534179688e+01
1.906097984313964844e+01
1.937547302246093750e+01
1.967436599731445312e+01
1.995756912231445312e+01
2.022500228881835938e+01
2.047657394409179688e+01
2.071220588684082031e+01
2.093180656433105469e+01
2.113529396057128906e+01
2.132258415222167969e+01
2.149358558654785156e+01
2.164821815490722656e+01
2.178639602661132812e+01
2.190803337097167969e+01
2.201304244995117188e+01
2.210134315490722656e+01
2.217284393310546875e+01
2.222746276855468750e+01
2.226511383056640625e+01
2.228571128845214844e+01
2.228917121887207031e+01
2.227545738220214844e+01
2.224474716186523438e+01
2.219726371765136719e+01
2.213323211669921875e+01
2.205287551879882812e+01
2.195642471313476562e+01
2.184409904479980469e+01
2.171612930297851562e+01
2.157273864746093750e+01
2.141415023803710938e+01
2.124059104919433594e+01
2.105228805541992188e+01
2.084946250915527344e+01
2.063234519958496094e+01
2.040115547180175781e+01
2.015612411499023438e+01
1.989747238159179688e+01
1.962543106079101562e+01
1.934021759033203125e+01
1.904206275939941406e+01
1.873118972778320312e+01
1.840782546997070312e+01
1.807219505310058594e+01
1.772452354431152344e+01
1.736503410339355469e+01
1.699395370483398438e+01
1.661150932312011719e+01
1.621792411804199219e+01
1.581342411041259766e+01
1.539823341369628906e+01
1.497258090972900391e+01
1.453668785095214844e+01
1.409078216552734375e+01
1.363508701324462891e+01
1.316983032226562500e+01
1.269523525238037109e+01
1.221152877807617188e+01
1.171893501281738281e+01
1.121767807006835938e+01
1.070798683166503906e+01
1.019008445739746094e+01
9.664196014404296875e+00
9.130546569824218750e+00
8.589363098144531250e+00
8.040869712829589844e+00
7.485291481018066406e+00
6.922854900360107422e+00
6.353784561157226562e+00
5.778305530548095703e+00
5.196643352508544922e+00
4.609033107757568359e+00
4.015745639801025391e+00
3.417061328887939453e+00
2.813261985778808594e+00
2.204627513885498047e+00
1.591438651084899902e+00
9.739763140678405762e-01
3.525209724903106689e-01
-2.726465463638305664e-01
-9.012456536293029785e-01
-1.532995581626892090e+00
-2.167615652084350586e+00
-2.804825305938720703e+00
-3.444343328475952148e+00
-4.085889816284179688e+00
-4.729183673858642578e+00
-5.373944282531738281e+00
-6.019890785217285156e+00
-6.666742801666259766e+00
-7.314219474792480469e+00
-7.962039947509765625e+00
-8.609923362731933594e+00
-9.257590293884277344e+00
-9.904758453369140625e+00
-1.055114746093750000e+01
-1.119647789001464844e+01
-1.184046745300292969e+01
-1.248283672332763672e+01
-1.312330341339111328e+01
-1.376158905029296875e+01
-1.439741134643554688e+01
-1.503048992156982422e+01
-1.566054439544677734e+01
-1.628729438781738281e+01
-1.691045761108398438e+01
-1.752975463867187500e+01
-1.814490509033203125e+01
-1.875562858581542969e+01
-1.936164283752441406e+01
-1.996266555786132812e+01
-2.055842208862304688e+01
-2.114862632751464844e+01
-2.173299980163574219e+01
-2.231126022338867188e+01
-2.288313102722167969e+01
-2.344832611083984375e+01
-2.400656890869140625e+01
-2.455757522583007812e+01
-2.510106658935546875e+01
-2.563676261901855469e+01
-2.616441535949707031e+01
-2.668391227722167969e+01
-2.719516754150390625e+01
-2.769811058044433594e+01
-2.819265365600585938e+01
-2.867872047424316406e+01
-2.915622520446777344e+01
-2.962509727478027344e+01
-3.008524703979492188e+01
-3.053660011291503906e+01
-3.097907066345214844e+01
-3.141258430480957031e+01
-3.183706092834472656e+01
-3.225241088867187500e+01
-3.265856933593750000e+01
-3.305543899536132812e+01
-3.344295501708984375e+01
-3.382102966308593750e+01
-3.418957901000976562e+01
-3.454853057861328125e+01
-3.489780044555664062e+01
-3.523730468750000000e+01
-3.556697082519531250e+01
-3.588671493530273438e+01
-3.619645690917968750e+01
-3.649611663818359375e+01
-3.678561019897460938e+01
-3.706486129760742188e+01
-3.733379364013671875e+01
-3.759231948852539062e+01
-3.784035873413085938e+01
-3.807783889770507812e+01
-3.830467605590820312e+01
-3.852078247070312500e+01
-3.872608947753906250e+01
-3.892050933837890625e+01
-3.910396194458007812e+01
-3.927637100219726562e+01
-3.943765640258789062e+01
-3.958773040771484375e+01
-3.972652435302734375e+01
-3.985394668579101562e+01
-3.996992874145507812e+01
-4.007437896728515625e+01
-4.016722488403320312e+01
-4.024838256835937500e+01
-4.031776809692382812e+01
-4.037531280517578125e+01
-4.042092514038085938e+01
-4.045453262329101562e+01
-4.047608947753906250e+01
-4.048570632934570312e+01
-4.048353195190429688e+01
-4.046971893310546875e+01
-4.044441223144531250e+01
-4.040776443481445312e+01
-4.035992431640625000e+01
-4.030104064941406250e+01
-4.023126220703125000e+01
-4.015073776245117188e+01
-4.005961990356445312e+01
-3.995805358886718750e+01
-3.984619140625000000e+01
-3.972417831420898438e+01
-3.959217071533203125e+01
-3.945030975341796875e+01
-3.929875183105468750e+01
-3.913764190673828125e+01
-3.896713256835937500e+01
-3.878737258911132812e+01
-3.859850311279296875e+01
-3.840068435668945312e+01
-3.819406127929687500e+01
-3.797877883911132812e+01
-3.775499343872070312e+01
-3.752285385131835938e+01
-3.728250503540039062e+01
-3.703409576416015625e+01
-3.677777862548828125e+01
-3.651370620727539062e+01
-3.624201965332031250e+01
-3.596287155151367188e+01
-3.567641448974609375e+01
-3.538279342651367188e+01
-3.508215713500976562e+01
-3.477466201782226562e+01
-3.446044921875000000e+01
-3.413967132568359375e+01
-3.381247711181640625e+01
-3.347901535034179688e+01
-3.313944244384765625e+01
-3.279389572143554688e+01
-3.244253158569335938e+01
-3.208549499511718750e+01
-3.172294044494628906e+01
-3.135501480102539062e+01
-3.098186874389648438e+01
-3.060364532470703125e+01
-3.022050285339355469e+01
-2.983258628845214844e+01
-2.944005203247070312e+01
-2.904309272766113281e+01
-2.864190864562988281e+01
-2.823669624328613281e+01
-2.782765769958496094e+01
-2.741499137878417969e+01
-2.699889755249023438e+01
-2.657957458496093750e+01
-2.615722274780273438e+01
-2.573204040527343750e+01
-2.530422973632812500e+01
-2.487398719787597656e+01
-2.444151115417480469e+01
-2.400700569152832031e+01
-2.357066726684570312e+01
-2.313269615173339844e+01
-2.269328880310058594e+01
-2.225264930725097656e+01
-2.181097412109375000e+01
-2.136846351623535156e+01
-2.092531776428222656e+01
-2.048173332214355469e+01
-2.003791427612304688e+01
-1.959405708312988281e+01
-1.915036201477050781e+01
-1.870702743530273438e+01
-1.826425170898437500e+01
-1.782223892211914062e+01
-1.738118553161621094e+01
-1.694128990173339844e+01
-1.650275230407714844e+01
-1.606577301025390625e+01
-1.563055038452148438e+01
-1.519728565216064453e+01
-1.476617717742919922e+01
-1.433742332458496094e+01
-1.391122436523437500e+01
-1.348778057098388672e+01
-1.306729030609130859e+01
-1.264995384216308594e+01
-1.223596954345703125e+01
-1.182553768157958984e+01
-1.141885757446289062e+01
-1.101612758636474609e+01
-1.061754894256591797e+01
-1.022332000732421875e+01
-9.833641052246093750e+00
-9.448710441589355469e+00
-9.068728446960449219e+00
-8.693893432617187500e+00
-8.324382781982421875e+00
-7.960282802581787109e+00
-7.601653575897216797e+00
-7.248558998107910156e+00
-6.901060581207275391e+00
-6.559220790863037109e+00
-6.223102569580078125e+00
-5.892767429351806641e+00
-5.568278312683105469e+00
-5.249697685241699219e+00
-4.937088012695312500e+00
-4.630510330200195312e+00
-4.330028533935546875e+00
-4.035704135894775391e+00
-3.747599363327026367e+00
-3.465777397155761719e+00
-3.190299987792968750e+00
-2.921229362487792969e+00
-2.658627986907958984e+00
-2.402558326721191406e+00
-2.153082847595214844e+00
-1.910263657569885254e+00
-1.674163103103637695e+00
-1.444843411445617676e+00
-1.222367286682128906e+00
-1.006796956062316895e+00
-7.981945276260375977e-01
-5.966226458549499512e-01
-4.021434485912322998e-01
-2.148193269968032837e-01
-3.471267968416213989e-02
1.381141990423202515e-01
3.035989105701446533e-01
4.616791903972625732e-01
6.122926473617553711e-01
7.553769946098327637e-01
8.908697962760925293e-01
1.018708705902099609e+00
1.138831496238708496e+00
1.251175642013549805e+00
1.355679035186767578e+00
1.452279090881347656e+00
1.540913581848144531e+00
1.621520280838012695e+00
1.694036722183227539e+00
1.758400321006774902e+00
1.814549326896667480e+00
1.862420916557312012e+00
1.901952624320983887e+00
1.933082580566406250e+00
1.955775856971740723e+00
1.970107913017272949e+00
1.976181507110595703e+00
1.974100232124328613e+00
1.963966727256774902e+00
1.945884466171264648e+00
1.919955968856811523e+00
1.886284828186035156e+00
1.844973921775817871e+00
1.796126246452331543e+00
1.739844918251037598e+00
1.676232814788818359e+00
1.605393409729003906e+00
1.527429461479187012e+00
1.442444086074829102e+00
1.350540399551391602e+00
1.251821517944335938e+00
1.146390318870544434e+00
1.034350037574768066e+00
9.158037304878234863e-01
7.908543944358825684e-01
6.596050858497619629e-01
5.221589803695678711e-01
3.786190152168273926e-01
2.290883213281631470e-01
7.366995513439178467e-02
-8.753301948308944702e-02
-2.544175386428833008e-01
-4.268805384635925293e-01
-6.048189401626586914e-01
-7.881296873092651367e-01
-9.767097234725952148e-01
-1.170455932617187500e+00
-1.369265317916870117e+00
-1.573034882545471191e+00
-1.781661152839660645e+00
-1.995041728019714355e+00
-2.213073015213012695e+00
-2.435652256011962891e+00
-2.662676095962524414e+00
-2.894041538238525391e+00
-3.129645824432373047e+00
-3.369385719299316406e+00
-3.613157749176025391e+00
-3.860859394073486328e+00
-4.112387657165527344e+00
-4.367639064788818359e+00
-4.626510620117187500e+00
-4.888899326324462891e+00
-5.154702186584472656e+00
-5.423809051513671875e+00
-5.696081638336181641e+00
-5.971375942230224609e+00
-6.249547004699707031e+00
-6.530449867248535156e+00
-6.813939094543457031e+00
-7.099870204925537109e+00
-7.388098716735839844e+00
-7.678479194641113281e+00
-7.970867633819580078e+00
-8.265118598937988281e+00
-8.561087608337402344e+00
-8.858628273010253906e+00
-9.157597541809082031e+00
-9.457850456237792969e+00
-9.759242057800292969e+00
-1.006162643432617188e+01
-1.036485958099365234e+01
-1.066879653930664062e+01
-1.097329235076904297e+01
-1.127820396423339844e+01
-1.158338260650634766e+01
-1.188868713378906250e+01
-1.219397068023681641e+01
-1.249908924102783203e+01
-1.280389785766601562e+01
-1.310825157165527344e+01
-1.341200542449951172e+01
-1.371501350402832031e+01
-1.401713466644287109e+01
-1.431821918487548828e+01
-1.461812591552734375e+01
-1.491670894622802734e+01
-1.521382331848144531e+01
-1.550932312011718750e+01
-1.580306434631347656e+01
-1.609490203857421875e+01
-1.638469314575195312e+01
-1.667229080200195312e+01
-1.695754814147949219e+01
-1.724032402038574219e+01
-1.752047538757324219e+01
-1.779784965515136719e+01
-1.807230949401855469e+01
-1.834370613098144531e+01
-1.861189651489257812e+01
-1.887673568725585938e+01
-1.913807868957519531e+01
-1.939577865600585938e+01
-1.964969253540039062e+01
-1.989969062805175781e+01
-2.014570808410644531e+01
-2.038769721984863281e+01
-2.062560272216796875e+01
-2.085937881469726562e+01
-2.108897590637207031e+01
-2.131434249877929688e+01
-2.153543090820312500e+01
-2.175218963623046875e+01
-2.196456909179687500e+01
-2.217251777648925781e+01
-2.237598991394042969e+01
-2.257493400573730469e+01
-2.276929664611816406e+01
-2.295903587341308594e+01
-2.314409446716308594e+01
-2.332442665100097656e+01
-2.349998092651367188e+01
-2.367070960998535156e+01
-2.383656120300292969e+01
-2.399748611450195312e+01
-2.415343475341796875e+01
-2.430435752868652344e+01
-2.445020294189453125e+01
-2.459092521667480469e+01
-2.472647094726562500e+01
-2.485679244995117188e+01
-2.498183822631835938e+01
-2.510155868530273438e+01
-2.521590614318847656e+01
-2.532482910156250000e+01
-2.542827606201171875e+01
-2.552620315551757812e+01
-2.561855506896972656e+01
-2.570528221130371094e+01
-2.578633689880371094e+01
-2.586166954040527344e+01
-2.593123054504394531e+01
-2.599496650695800781e+01
-2.605283355712890625e+01
-2.610477638244628906e+01
-2.615074920654296875e+01
-2.619069862365722656e+01
-2.622458076477050781e+01
-2.625233840942382812e+01
-2.627392578125000000e+01
-2.628929328918457031e+01
-2.629839134216308594e+01
-2.630117034912109375e+01
-2.629757690429687500e+01
-2.628758430480957031e+01
-2.627124595642089844e+01
-2.624862861633300781e+01
-2.621980476379394531e+01
-2.618484687805175781e+01
-2.614382553100585938e+01
-2.609681129455566406e+01
-2.604387664794921875e+01
-2.598509216308593750e+01
-2.592053031921386719e+01
-2.585025787353515625e+01
-2.577435302734375000e+01
-2.569288063049316406e+01
-2.560591506958007812e+01
-2.551352500915527344e+01
-2.541578674316406250e+01
-2.531276702880859375e+01
-2.520453643798828125e+01
-2.509116935729980469e+01
-2.497273635864257812e+01
-2.484930801391601562e+01
-2.472095489501953125e+01
-2.458774948120117188e+01
-2.444976043701171875e+01
-2.430706214904785156e+01
-2.415972518920898438e+01
-2.400781822204589844e+01
-2.385141563415527344e+01
-2.369058609008789062e+01
-2.352540397644042969e+01
-2.335593605041503906e+01
-2.318225669860839844e+01
-2.300443840026855469e+01
-2.282254791259765625e+01
-2.263666152954101562e+01
-2.244684600830078125e+01
-2.225317382812500000e+01
-2.205571746826171875e+01
-2.185454750061035156e+01
-2.164973449707031250e+01
-2.144135284423828125e+01
-2.122946739196777344e+01
-2.101415634155273438e+01
-2.079548454284667969e+01
-2.057352638244628906e+01
-2.034835433959960938e+01
-2.012003898620605469e+01
-1.988865089416503906e+01
-1.965426063537597656e+01
-1.941693878173828125e+01
-1.917676353454589844e+01
-1.893383789062500000e+01
-1.868826866149902344e+01
-1.844016075134277344e+01
-1.818962097167968750e+01
-1.793675994873046875e+01
-1.768168449401855469e+01
-1.742449951171875000e+01
-1.716531562805175781e+01
-1.690423583984375000e+01
-1.664137268066406250e+01
-1.637682914733886719e+01
-1.611071395874023438e+01
-1.584313392639160156e+01
-1.557419967651367188e+01
-1.530401420593261719e+01
-1.503268623352050781e+01
-1.476032447814941406e+01
-1.448703384399414062e+01
-1.421292304992675781e+01
-1.393809890747070312e+01
-1.366267013549804688e+01
-1.338674259185791016e+01
-1.311042404174804688e+01
-1.283382129669189453e+01
-1.255704212188720703e+01
-1.228019428253173828e+01
-1.200338459014892578e+01
-1.172671985626220703e+01
-1.145030879974365234e+01
-1.117425727844238281e+01
-1.089867305755615234e+01
-1.062366294860839844e+01
-1.034933567047119141e+01
-1.007579803466796875e+01
-9.803156852722167969e+00
-9.531518936157226562e+00
-9.260993003845214844e+00
-8.991685867309570312e+00
-8.723704338073730469e+00
-8.457156181335449219e+00
-8.192148208618164062e+00
-7.928788661956787109e+00
-7.667183876037597656e+00
-7.407441139221191406e+00
-7.149668693542480469e+00
-6.893972873687744141e+00
-6.640461921691894531e+00
-6.389242649078369141e+00
-6.140422344207763672e+00
-5.894097805023193359e+00
-5.650323390960693359e+00
-5.409143924713134766e+00
-5.170602798461914062e+00
-4.934744834899902344e+00
-4.701613903045654297e+00
-4.471253871917724609e+00
-4.243709087371826172e+00
-4.019023895263671875e+00
-3.797241926193237305e+00
-3.578408002853393555e+00
-3.362565279006958008e+00
-3.149758577346801758e+00
-2.940032243728637695e+00
-2.733429670333862305e+00
-2.529995441436767578e+00
-2.329773664474487305e+00
-2.132808208465576172e+00
-1.939143776893615723e+00
-1.748823881149291992e+00
-1.561892747879028320e+00
-1.378394842147827148e+00
-1.198374032974243164e+00
-1.021874547004699707e+00
-8.489404916763305664e-01
-6.796160340309143066e-01
-5.139451622962951660e-01
-3.519721329212188721e-01
-1.937410533428192139e-01
-3.929604589939117432e-02
1.113187745213508606e-01
2.580592632293701172e-01
4.008813202381134033e-01
5.397407412528991699e-01
6.745935082435607910e-01
8.053954243659973145e-01
9.321023225784301758e-01
1.054670214653015137e+00
1.173054814338684082e+00
1.287212133407592773e+00
1.397097826004028320e+00
1.502668023109436035e+00
1.603878378868103027e+00
1.700685024261474609e+00
1.793043494224548340e+00
1.880909919738769531e+00
1.964240074157714844e+00
2.042989730834960938e+00
2.117115020751953125e+00
2.186571836471557617e+00
2.251330137252807617e+00
2.311419010162353516e+00
2.366881608963012695e+00
2.417761325836181641e+00
2.464101314544677734e+00
2.505945205688476562e+00
2.543335676193237305e+00
2.576316595077514648e+00
2.604930639266967773e+00
2.629221677780151367e+00
2.649232387542724609e+00
2.665006637573242188e+00
2.676587343215942383e+00
2.684017896652221680e+00
2.687341928482055664e+00
2.686601877212524414e+00
2.681841611862182617e+00
2.673104286193847656e+00
2.660433053970336914e+00
2.643871545791625977e+00
2.623462677001953125e+00
2.599250078201293945e+00
2.571276664733886719e+00
2.539585590362548828e+00
2.504220724105834961e+00
2.465224981307983398e+00
2.422641515731811523e+00
2.376513957977294922e+00
2.326885461807250977e+00
2.273798942565917969e+00
2.217298269271850586e+00
2.157426118850708008e+00
2.094226598739624023e+00
2.027741909027099609e+00
1.958016157150268555e+00
1.885092139244079590e+00
1.809013485908508301e+00
1.729823470115661621e+00
1.647565007209777832e+00
1.562281727790832520e+00
1.474016666412353516e+00
1.382813215255737305e+00
1.288714647293090820e+00
1.191764354705810547e+00
1.092005372047424316e+00
9.894810318946838379e-01
8.842349052429199219e-01
7.763099074363708496e-01
6.657494306564331055e-01
5.525968670845031738e-01
4.369006454944610596e-01
3.187308013439178467e-01
1.981624960899353027e-01
7.527091354131698608e-02
-4.986868053674697876e-02
-1.771810799837112427e-01
-3.065910637378692627e-01
-4.380234181880950928e-01
-5.714029073715209961e-01
-7.066543698310852051e-01
-8.437025547027587891e-01
-9.824722409248352051e-01
-1.122888207435607910e+00
-1.264875173568725586e+00
-1.408358097076416016e+00
-1.553261637687683105e+00
-1.699510455131530762e+00
-1.847029566764831543e+00
-1.995743632316589355e+00
-2.145577430725097656e+00
-2.296455860137939453e+00
-2.448303461074829102e+00
-2.601045131683349609e+00
-2.754605770111083984e+00
-2.908910036087036133e+00
-3.063882827758789062e+00
-3.219448804855346680e+00
-3.375532865524291992e+00
-3.532059431076049805e+00
-3.688953876495361328e+00
-3.846140384674072266e+00
-4.003544330596923828e+00
-4.161089897155761719e+00
-4.318702697753906250e+00
-4.476306438446044922e+00
-4.633826732635498047e+00
-4.791187763214111328e+00
-4.948315143585205078e+00
-5.105132579803466797e+00
-5.261565685272216797e+00
-5.417539119720458984e+00
-5.572977066040039062e+00
-5.727805137634277344e+00
-5.881947517395019531e+00
-6.035329341888427734e+00
-6.187874794006347656e+00
-6.339509963989257812e+00
-6.490158081054687500e+00
-6.639744281768798828e+00
-6.788195133209228516e+00
-6.935439109802246094e+00
-7.081434726715087891e+00
-7.226145744323730469e+00
-7.369535446166992188e+00
-7.511566162109375000e+00
-7.652203083038330078e+00
-7.791407585144042969e+00
-7.929145336151123047e+00
-8.065379142761230469e+00
-8.200072288513183594e+00
-8.333187103271484375e+00
-8.464690208435058594e+00
-8.594540596008300781e+00
-8.722705841064453125e+00
-8.849147796630859375e+00
-8.973829269409179688e+00
-9.096714973449707031e+00
-9.217766761779785156e+00
-9.336950302124023438e+00
-9.454227447509765625e+00
-9.569561958312988281e+00
-9.682918548583984375e+00
-9.794258117675781250e+00
-9.903546333312988281e+00
-1.001074600219726562e+01
-1.011582088470458984e+01
-1.021873378753662109e+01
-1.031944942474365234e+01
-1.041792964935302734e+01
-1.051413917541503906e+01
-1.060804080963134766e+01
-1.069959831237792969e+01
-1.078877544403076172e+01
-1.087553501129150391e+01
-1.095984077453613281e+01
-1.104165649414062500e+01
-1.112094497680664062e+01
-1.119767093658447266e+01
-1.127179718017578125e+01
-1.134328556060791016e+01
-1.141210269927978516e+01
-1.147821044921875000e+01
-1.154157161712646484e+01
-1.160215091705322266e+01
-1.165991020202636719e+01
-1.171481418609619141e+01
-1.176682662963867188e+01
-1.181591033935546875e+01
-1.186203002929687500e+01
-1.190514755249023438e+01
-1.194523715972900391e+01
-1.198231315612792969e+01
-1.201639842987060547e+01
-1.204751873016357422e+01
-1.207569885253906250e+01
-1.210096073150634766e+01
-1.212333011627197266e+01
-1.214283180236816406e+01
-1.215948867797851562e+01
-1.217332553863525391e+01
-1.218436717987060547e+01
-1.219263648986816406e+01
-1.219815826416015625e+01
-1.220095729827880859e+01
-1.220105743408203125e+01
-1.219848251342773438e+01
-1.219325828552246094e+01
-1.218540573120117188e+01
-1.217495250701904297e+01
-1.216192150115966797e+01
-1.214633655548095703e+01
-1.212822246551513672e+01
-1.210760307312011719e+01
-1.208450317382812500e+01
-1.205894565582275391e+01
-1.203095626831054688e+01
-1.200055789947509766e+01
-1.196777725219726562e+01
-1.193263530731201172e+01
-1.189515876770019531e+01
-1.185536956787109375e+01
-1.181329441070556641e+01
-1.176895618438720703e+01
-1.172237873077392578e+01
-1.167358779907226562e+01
-1.162260627746582031e+01
-1.156945800781250000e+01
-1.151416873931884766e+01
-1.145676136016845703e+01
-1.139726066589355469e+01
-1.133569145202636719e+01
-1.127207756042480469e+01
-1.120644283294677734e+01
-1.113881111145019531e+01
-1.106920623779296875e+01
-1.099765586853027344e+01
-1.092418003082275391e+01
-1.084880542755126953e+01
-1.077155494689941406e+01
-1.069245433807373047e+01
-1.061152935028076172e+01
-1.052882862091064453e+01
-1.044440078735351562e+01
-1.035829544067382812e+01
-1.027056312561035156e+01
-1.018125247955322266e+01
-1.009041404724121094e+01
-9.998098373413085938e+00
-9.904354095458984375e+00
-9.809231758117675781e+00
-9.712781906127929688e+00
-9.615052223205566406e+00
-9.516095161437988281e+00
-9.415958404541015625e+00
-9.314693450927734375e+00
-9.212349891662597656e+00
-9.108976364135742188e+00
-9.004623413085937500e+00
-8.899341583251953125e+00
-8.793179512023925781e+00
-8.686187744140625000e+00
-8.578416824340820312e+00
-8.469915390014648438e+00
-8.360733985900878906e+00
-8.250921249389648438e+00
-8.140528678894042969e+00
-8.029605865478515625e+00
-7.918201923370361328e+00
-7.806367874145507812e+00
-7.694151401519775391e+00
-7.581604480743408203e+00
-7.468775749206542969e+00
-7.355716228485107422e+00
-7.242474555969238281e+00
-7.129101276397705078e+00
-7.015645980834960938e+00
-6.902158737182617188e+00
-6.788688659667968750e+00
-6.675286769866943359e+00
-6.562002182006835938e+00
-6.448885440826416016e+00
-6.335985183715820312e+00
-6.223352432250976562e+00
-6.111036777496337891e+00
-5.999087333679199219e+00
-5.887554645538330078e+00
-5.776488780975341797e+00
-5.665939331054687500e+00
-5.555954933166503906e+00
-5.446588039398193359e+00
-5.337882518768310547e+00
-5.229870319366455078e+00
-5.122579574584960938e+00
-5.016036987304687500e+00
-4.910270214080810547e+00
-4.805307388305664062e+00
-4.701175212860107422e+00
-4.597901821136474609e+00
-4.495514869689941406e+00
-4.394041061401367188e+00
-4.293508529663085938e+00
-4.193944931030273438e+00
-4.095377445220947266e+00
-3.997833728790283203e+00
-3.901341199874877930e+00
-3.805927276611328125e+00
-3.711619853973388672e+00
-3.618446350097656250e+00
-3.526434183120727539e+00
-3.435611009597778320e+00
-3.346004247665405273e+00
-3.257641315460205078e+00
-3.170549869537353516e+00
-3.084757804870605469e+00
-3.000291824340820312e+00
-2.917180299758911133e+00
-2.835449934005737305e+00
-2.755129098892211914e+00
-2.676244497299194336e+00
-2.598824501037597656e+00
-2.522896051406860352e+00
-2.448486804962158203e+00
-2.375624179840087891e+00
-2.304336071014404297e+00
-2.234649658203125000e+00
-2.166592836380004883e+00
-2.100192785263061523e+00
-2.035477161407470703e+00
-1.972473144531250000e+00
-1.911208748817443848e+00
-1.851711392402648926e+00
-1.794008731842041016e+00
-1.738127827644348145e+00
-1.684096455574035645e+00
-1.631942272186279297e+00
-1.581692695617675781e+00
-1.533375263214111328e+00
-1.487017512321472168e+00
-1.442646980285644531e+00
-1.400291204452514648e+00
-1.359970092773437500e+00
-1.321674346923828125e+00
-1.285387158393859863e+00
-1.251091122627258301e+00
-1.218769669532775879e+00
-1.188405513763427734e+00
-1.159982085227966309e+00
-1.133482098579406738e+00
-1.108888745307922363e+00
-1.086185216903686523e+00
-1.065354347229003906e+00
-1.046379208564758301e+00
-1.029242873191833496e+00
-1.013928413391113281e+00
-1.000418782234191895e+00
-9.886972308158874512e-01
-9.787465333938598633e-01
-9.705500602722167969e-01
-9.640905261039733887e-01
-9.593511819839477539e-01
-9.563151001930236816e-01
-9.549651741981506348e-01
-9.552845954895019531e-01
-9.572563171386718750e-01
-9.608633518218994141e-01
-9.660888910293579102e-01
-9.729158282279968262e-01
-9.813273549079895020e-01
-9.913064241409301758e-01
-1.002836108207702637e+00
-1.015899419784545898e+00
-1.030479431152343750e+00
-1.046559214591979980e+00
-1.064121842384338379e+00
-1.083150148391723633e+00
-1.103627562522888184e+00
-1.125536799430847168e+00
-1.148861050605773926e+00
-1.173583269119262695e+00
-1.199686646461486816e+00
-1.227154016494750977e+00
-1.255968809127807617e+00
-1.286113619804382324e+00
-1.317571759223937988e+00
-1.350326180458068848e+00
-1.384359955787658691e+00
-1.419656157493591309e+00
-1.456197857856750488e+00
-1.493968009948730469e+00
-1.532949686050415039e+00
-1.573124766349792480e+00
-1.614470601081848145e+00
-1.656963229179382324e+00
-1.700578808784484863e+00
-1.745293498039245605e+00
-1.791083216667175293e+00
-1.837924122810363770e+00
-1.885792493820190430e+00
-1.934664368629455566e+00
-1.984515666961669922e+00
-2.035322666168212891e+00
-2.087061405181884766e+00
-2.139708042144775391e+00
-2.193238735198974609e+00
-2.247629642486572266e+00
-2.302856445312500000e+00
-2.358896017074584961e+00
-2.415723562240600586e+00
-2.473315954208374023e+00
-2.531648874282836914e+00
-2.590698719024658203e+00
-2.650441169738769531e+00
-2.710852861404418945e+00
-2.771909475326538086e+00
-2.833587408065795898e+00
-2.895862340927124023e+00
-2.958710908889770508e+00
-3.022108793258666992e+00
-3.086032629013061523e+00
-3.150458097457885742e+00
-3.215361356735229492e+00
-3.280718326568603516e+00
-3.346505641937255859e+00
-3.412698984146118164e+00
-3.479274511337280273e+00
-3.546208620071411133e+00
-3.613477230072021484e+00
-3.681056261062622070e+00
-3.748922109603881836e+00
-3.817050933837890625e+00
-3.885418176651000977e+00
-3.954000949859619141e+00
-4.022774696350097656e+00
-4.091715812683105469e+00
-4.160799503326416016e+00
-4.230003833770751953e+00
-4.299302577972412109e+00
-4.368673801422119141e+00
-4.438092708587646484e+00
-4.507535457611083984e+00
