# tt
1.216929443359375000e+03
1.144911254882812500e+03
1.076017456054687500e+03
1.023635803222656250e+03
9.869785766601562500e+02
9.630172729492187500e+02
9.480210571289062500e+02
9.400938720703125000e+02
9.376348266601562500e+02
9.388836669921875000e+02
9.439456787109375000e+02
9.513381347656250000e+02
9.595340576171875000e+02
9.690696411132812500e+02
9.807330322265625000e+02
9.942537841796875000e+02
1.009086914062500000e+03
1.024645141601562500e+03
1.040473144531250000e+03
1.056682739257812500e+03
1.073464233398437500e+03
1.090752563476562500e+03
1.108434448242187500e+03
1.126458984375000000e+03
1.144806396484375000e+03
1.163517700195312500e+03
1.182631103515625000e+03
1.202112670898437500e+03
1.221915161132812500e+03
1.242010742187500000e+03
1.262384765625000000e+03
1.283057495117187500e+03
1.304029052734375000e+03
1.325186279296875000e+03
1.346446411132812500e+03
1.367961791992187500e+03
1.389889892578125000e+03
1.412172363281250000e+03
1.434697143554687500e+03
1.457376586914062500e+03
1.480220825195312500e+03
1.503264282226562500e+03
1.526541137695312500e+03
1.550085937500000000e+03
1.573923583984375000e+03
1.598041503906250000e+03
1.622417602539062500e+03
1.647029907226562500e+03
1.671856201171875000e+03
1.696882080078125000e+03
1.722123291015625000e+03
1.747603515625000000e+03
1.773345703125000000e+03
1.799373291015625000e+03
1.825703735351562500e+03
1.852329589843750000e+03
1.879237670898437500e+03
1.906414184570312500e+03
1.933846069335937500e+03
1.961524414062500000e+03
1.989458862304687500e+03
2.017664428710937500e+03
2.046155151367187500e+03
2.074946044921875000e+03
2.104047363281250000e+03
2.133453857421875000e+03
2.163156494140625000e+03
2.193146240234375000e+03
2.223413818359375000e+03
2.253954101562500000e+03
2.284775390625000000e+03
2.315889648437500000e+03
2.347309570312500000e+03
2.379046630859375000e+03
2.411112060546875000e+03
2.443511962890625000e+03
2.476250732421875000e+03
2.509333007812500000e+03
2.542763427734375000e+03
2.576542236328125000e+03
2.610651611328125000e+03
2.645068603515625000e+03
2.679771484375000000e+03
2.714737548828125000e+03
2.749949462890625000e+03
2.785410156250000000e+03
2.821128417968750000e+03
2.857112060546875000e+03
2.893368896484375000e+03
2.929905761718750000e+03
2.966720214843750000e+03
3.003807617187500000e+03
3.041163818359375000e+03
3.078784423828125000e+03
3.116665039062500000e+03
3.154801757812500000e+03
3.193189941406250000e+03
3.231825195312500000e+03
3.270703369140625000e+03
3.309819824218750000e+03
3.349170410156250000e+03
3.388751220703125000e+03
3.428557128906250000e+03
3.468584472656250000e+03
3.508828857421875000e+03
3.549285156250000000e+03
3.589950195312500000e+03
3.630818847656250000e+03
3.671887451171875000e+03
3.713149902343750000e+03
3.754597167968750000e+03
3.796219238281250000e+03
3.838005859375000000e+03
3.879946533203125000e+03
3.922031494140625000e+03
3.964250244140625000e+03
4.006592041015625000e+03
4.049047607421875000e+03
4.091605712890625000e+03
4.134256835937500000e+03
4.176990722656250000e+03
4.219795898437500000e+03
4.262664062500000000e+03
4.305583984375000000e+03
4.348544921875000000e+03
4.391537597656250000e+03
4.434551269531250000e+03
4.477575195312500000e+03
4.520600585937500000e+03
4.563615234375000000e+03
4.606605957031250000e+03
4.649560058593750000e+03
4.692461914062500000e+03
4.735298828125000000e+03
4.778056640625000000e+03
4.820721191406250000e+03
4.863278808593750000e+03
4.905715332031250000e+03
4.948017089843750000e+03
4.990169921875000000e+03
5.032160156250000000e+03
5.073973632812500000e+03
5.115596679687500000e+03
5.157015625000000000e+03
5.198216308593750000e+03
5.239184570312500000e+03
5.279906250000000000e+03
5.320368652343750000e+03
5.360556640625000000e+03
5.400457031250000000e+03
5.440059570312500000e+03
5.479351074218750000e+03
5.518323242187500000e+03
5.556962890625000000e+03
5.595259765625000000e+03
5.633203613281250000e+03
5.670782714843750000e+03
5.707986328125000000e+03
5.744803710937500000e+03
5.781223144531250000e+03
5.817234863281250000e+03
5.852827148437500000e+03
5.887989257812500000e+03
5.922710449218750000e+03
5.956979003906250000e+03
5.990785156250000000e+03
6.024116699218750000e+03
6.056963378906250000e+03
6.089314453125000000e+03
6.121158691406250000e+03
6.152484863281250000e+03
6.183282226562500000e+03
6.213540527343750000e+03
6.243247558593750000e+03
6.272393554687500000e+03
6.300968261718750000e+03
6.328962402343750000e+03
6.356367187500000000e+03
6.383171875000000000e+03
6.409368164062500000e+03
6.434946289062500000e+03
6.459896484375000000e+03
6.484209960937500000e+03
6.507875976562500000e+03
6.530886718750000000e+03
6.553231933593750000e+03
6.574902343750000000e+03
6.595888183593750000e+03
6.616180175781250000e+03
6.635769531250000000e+03
6.654645996093750000e+03
6.672800292968750000e+03
6.690222656250000000e+03
6.706904785156250000e+03
6.722835937500000000e+03
6.738007324218750000e+03
6.752409667968750000e+03
6.766033203125000000e+03
6.778868652343750000e+03
6.790908203125000000e+03
6.802152343750000000e+03
6.812603027343750000e+03
6.822262207031250000e+03
6.831131835937500000e+03
6.839214355468750000e+03
6.846511718750000000e+03
6.853025878906250000e+03
6.858758300781250000e+03
6.863711914062500000e+03
6.867888671875000000e+03
6.871290527343750000e+03
6.873919433593750000e+03
6.875777343750000000e+03
6.876866210937500000e+03
6.877188964843750000e+03
6.876746093750000000e+03
6.875541015625000000e+03
6.873575683593750000e+03
6.870851562500000000e+03
6.867370605468750000e+03
6.863135742187500000e+03
6.858148437500000000e+03
6.852410644531250000e+03
6.845924804687500000e+03
6.838692871093750000e+03
6.830716308593750000e+03
6.821998046875000000e+03
6.812539550781250000e+03
6.802343261718750000e+03
6.791410644531250000e+03
6.779744628906250000e+03
6.767346679687500000e+03
6.754219238281250000e+03
6.740363769531250000e+03
6.725782226562500000e+03
6.710478027343750000e+03
6.694451660156250000e+03
6.677706054687500000e+03
6.660243164062500000e+03
6.642064941406250000e+03
6.623173339843750000e+03
6.603570312500000000e+03
6.583258300781250000e+03
6.562239257812500000e+03
6.540515136718750000e+03
6.518087890625000000e+03
6.494959472656250000e+03
6.471132812500000000e+03
6.446608886718750000e+03
6.421392089843750000e+03
6.395494140625000000e+03
6.368927734375000000e+03
6.341708007812500000e+03
6.313847167968750000e+03
6.285358886718750000e+03
6.256257324218750000e+03
6.226555175781250000e+03
6.196266113281250000e+03
6.165404296875000000e+03
6.133982421875000000e+03
6.102014648437500000e+03
6.069514160156250000e+03
6.036494628906250000e+03
6.002968750000000000e+03
5.968951171875000000e+03
5.934455078125000000e+03
5.899493652343750000e+03
5.864080566406250000e+03
5.828229003906250000e+03
5.791953125000000000e+03
5.755266113281250000e+03
5.718181640625000000e+03
5.680712890625000000e+03
5.642873535156250000e+03
5.604677246093750000e+03
5.566137207031250000e+03
5.527267089843750000e+03
5.488080566406250000e+03
5.448590332031250000e+03
5.408811523437500000e+03
5.368755859375000000e+03
5.328437988281250000e+03
5.287871093750000000e+03
5.247068847656250000e+03
5.206044433593750000e+03
5.164811523437500000e+03
5.123383300781250000e+03
5.081773925781250000e+03
5.039996093750000000e+03
4.998064453125000000e+03
4.955991699218750000e+03
4.913791015625000000e+03
4.871477050781250000e+03
4.829062011718750000e+03
4.786560058593750000e+03
4.743985351562500000e+03
4.701350097656250000e+03
4.658668457031250000e+03
4.615954101562500000e+03
4.573219726562500000e+03
4.530477050781250000e+03
4.487737792968750000e+03
4.445012207031250000e+03
4.402312011718750000e+03
4.359647949218750000e+03
4.317031250000000000e+03
4.274473632812500000e+03
4.231985839843750000e+03
4.189579101562500000e+03
4.147264160156250000e+03
4.105053222656250000e+03
4.062956054687500000e+03
4.020984619140625000e+03
3.979150390625000000e+03
3.937463378906250000e+03
3.895936279296875000e+03
3.854578857421875000e+03
3.813403076171875000e+03
3.772419921875000000e+03
3.731640625000000000e+03
3.691075683593750000e+03
3.650737304687500000e+03
3.610635498046875000e+03
3.570782714843750000e+03
3.531188720703125000e+03
3.491865966796875000e+03
3.452824951171875000e+03
3.414076904296875000e+03
3.375633056640625000e+03
3.337504150390625000e+03
3.299701904296875000e+03
3.262237060546875000e+03
3.225121337890625000e+03
3.188365234375000000e+03
3.151980224609375000e+03
3.115977783203125000e+03
3.080368408203125000e+03
3.045163574218750000e+03
3.010374511718750000e+03
2.976012207031250000e+03
2.942087890625000000e+03
2.908612792968750000e+03
2.875598144531250000e+03
2.843054931640625000e+03
2.810994384765625000e+03
2.779427490234375000e+03
2.748365478515625000e+03
2.717819580078125000e+03
2.687801269531250000e+03
2.658319091796875000e+03
2.629375244140625000e+03
2.600968994140625000e+03
2.573100341796875000e+03
2.545769042968750000e+03
2.518974365234375000e+03
2.492716308593750000e+03
2.466994384765625000e+03
2.441808593750000000e+03
2.417158447265625000e+03
2.393043457031250000e+03
2.369463623046875000e+03
2.346418457031250000e+03
2.323907958984375000e+03
2.301931152343750000e+03
2.280488281250000000e+03
2.259579101562500000e+03
2.239202636718750000e+03
2.219359375000000000e+03
2.200048339843750000e+03
2.181270019531250000e+03
2.163023193359375000e+03
2.145308349609375000e+03
2.128124511718750000e+03
2.111471679687500000e+03
2.095349609375000000e+03
2.079758056640625000e+03
2.064696533203125000e+03
2.050164794921875000e+03
2.036162475585937500e+03
2.022689086914062500e+03
2.009744873046875000e+03
1.997329101562500000e+03
1.985441406250000000e+03
1.974081787109375000e+03
1.963249877929687500e+03
1.952945068359375000e+03
1.943167358398437500e+03
1.933916137695312500e+03
1.925191406250000000e+03
1.916992797851562500e+03
1.909319946289062500e+03
1.902172607421875000e+03
1.895550170898437500e+03
1.889452636718750000e+03
1.883879882812500000e+03
1.878831054687500000e+03
1.874306152343750000e+03
1.870305053710937500e+03
1.866827026367187500e+03
1.863870483398437500e+03
1.861428710937500000e+03
1.859492431640625000e+03
1.858053344726562500e+03
1.857102661132812500e+03
1.856632202148437500e+03
1.856633056640625000e+03
1.857096557617187500e+03
1.858014160156250000e+03
1.859377319335937500e+03
1.861177490234375000e+03
1.863405883789062500e+03
1.866053955078125000e+03
1.869113281250000000e+03
1.872575073242187500e+03
1.876430786132812500e+03
1.880671630859375000e+03
1.885289184570312500e+03
1.890275024414062500e+03
1.895620361328125000e+03
1.901316284179687500e+03
1.907354736328125000e+03
1.913726806640625000e+03
1.920423828125000000e+03
1.927437377929687500e+03
1.934758789062500000e+03
1.942379272460937500e+03
1.950290527343750000e+03
1.958483764648437500e+03
1.966950561523437500e+03
1.975682128906250000e+03
1.984669799804687500e+03
1.993905273437500000e+03
2.003379638671875000e+03
2.013084228515625000e+03
2.023010864257812500e+03
2.033150756835937500e+03
2.043495117187500000e+03
2.054035400390625000e+03
2.064763183593750000e+03
2.075669677734375000e+03
2.086746337890625000e+03
2.097984619140625000e+03
2.109375732421875000e+03
2.120911132812500000e+03
2.132582519531250000e+03
2.144380859375000000e+03
2.156297851562500000e+03
2.168324707031250000e+03
2.180452880859375000e+03
2.192674072265625000e+03
2.204980468750000000e+03
2.217364746093750000e+03
2.229819091796875000e+03
2.242336425781250000e+03
2.254909179687500000e+03
2.267529785156250000e+03
2.280190917968750000e+03
2.292884765625000000e+03
2.305604248046875000e+03
2.318341796875000000e+03
2.331089843750000000e+03
2.343841064453125000e+03
2.356587890625000000e+03
2.369322753906250000e+03
2.382038330078125000e+03
2.394727539062500000e+03
2.407381835937500000e+03
2.419994873046875000e+03
2.432558349609375000e+03
2.445065429687500000e+03
2.457508300781250000e+03
2.469879638671875000e+03
2.482171875000000000e+03
2.494377685546875000e+03
2.506489013671875000e+03
2.518499267578125000e+03
2.530400634765625000e+03
2.542185302734375000e+03
2.553846435546875000e+03
2.565375732421875000e+03
2.576766601562500000e+03
2.588010986328125000e+03
2.599101562500000000e+03
2.610031005859375000e+03
2.620791748046875000e+03
2.631376464843750000e+03
2.641777343750000000e+03
2.651987060546875000e+03
2.661998291015625000e+03
2.671803710937500000e+03
2.681395263671875000e+03
2.690765869140625000e+03
2.699908203125000000e+03
2.708814453125000000e+03
2.717477294921875000e+03
2.725889404296875000e+03
2.734042968750000000e+03
2.741930908203125000e+03
2.749545410156250000e+03
2.756880859375000000e+03
2.763936279296875000e+03
2.770712890625000000e+03
2.777211669921875000e+03
2.783433593750000000e+03
2.789379150390625000e+03
2.795050048828125000e+03
2.800446533203125000e+03
2.805570068359375000e+03
2.810421142578125000e+03
2.815000976562500000e+03
2.819310546875000000e+03
2.823350830078125000e+03
2.827122558593750000e+03
2.830626708984375000e+03
2.833864501953125000e+03
2.836836425781250000e+03
2.839543945312500000e+03
2.841987548828125000e+03
2.844168457031250000e+03
2.846087646484375000e+03
2.847745849609375000e+03
2.849144042968750000e+03
2.850283447265625000e+03
2.851164794921875000e+03
2.851788818359375000e+03
2.852156982421875000e+03
2.852270019531250000e+03
2.852128417968750000e+03
2.851733886718750000e+03
2.851086669921875000e+03
2.850188232421875000e+03
2.849039306640625000e+03
2.847640625000000000e+03
2.845993896484375000e+03
2.844099121093750000e+03
2.841957519531250000e+03
2.839570556640625000e+03
2.836938720703125000e+03
2.834062744140625000e+03
2.830944335937500000e+03
2.827583740234375000e+03
2.823982177734375000e+03
2.820140380859375000e+03
2.816059570312500000e+03
2.811740478515625000e+03
2.807184326171875000e+03
2.802391845703125000e+03
2.797364257812500000e+03
2.792102050781250000e+03
2.786607177734375000e+03
2.780885009765625000e+03
2.774941650390625000e+03
2.768782958984375000e+03
2.762415283203125000e+03
2.755844238281250000e+03
2.749076416015625000e+03
2.742117919921875000e+03
2.734974365234375000e+03
2.727652099609375000e+03
2.720157226562500000e+03
2.712495605468750000e+03
2.704673583984375000e+03
2.696697021484375000e+03
2.688572265625000000e+03
2.680305175781250000e+03
2.671901855468750000e+03
2.663368164062500000e+03
2.654710937500000000e+03
2.645935546875000000e+03
2.637047851562500000e+03
2.628054931640625000e+03
2.618961914062500000e+03
2.609775390625000000e+03
2.600500976562500000e+03
2.591145507812500000e+03
2.581714355468750000e+03
2.572213867187500000e+03
2.562650390625000000e+03
2.553029296875000000e+03
2.543357177734375000e+03
2.533640136718750000e+03
2.523884033203125000e+03
2.514095214843750000e+03
2.504279296875000000e+03
2.494442871093750000e+03
2.484591552734375000e+03
2.474731933593750000e+03
2.464869628906250000e+03
2.455010986328125000e+03
2.445162109375000000e+03
2.435328613281250000e+03
2.425517089843750000e+03
2.415733642578125000e+03
2.405983886718750000e+03
2.396274414062500000e+03
2.386610839843750000e+03
2.376999755859375000e+03
2.367446533203125000e+03
2.357957763671875000e+03
2.348539306640625000e+03
2.339194824218750000e+03
2.329928955078125000e+03
2.320744873046875000e+03
2.311646972656250000e+03
2.302638671875000000e+03
2.293724365234375000e+03
2.284907958984375000e+03
2.276192871093750000e+03
2.267583251953125000e+03
2.259083251953125000e+03
2.250696289062500000e+03
2.242426513671875000e+03
2.234277832031250000e+03
2.226254150390625000e+03
2.218359130859375000e+03
2.210597167968750000e+03
2.202971435546875000e+03
2.195486328125000000e+03
2.188145751953125000e+03
2.180953613281250000e+03
2.173913574218750000e+03
2.167029785156250000e+03
2.160305664062500000e+03
2.153745605468750000e+03
2.147353515625000000e+03
2.141132812500000000e+03
2.135087646484375000e+03
2.129222167968750000e+03
2.123540039062500000e+03
2.118045410156250000e+03
2.112741455078125000e+03
2.107632812500000000e+03
2.102723144531250000e+03
2.098016113281250000e+03
2.093516113281250000e+03
2.089226318359375000e+03
2.085151367187500000e+03
2.081294921875000000e+03
2.077660400390625000e+03
2.074252441406250000e+03
2.071074462890625000e+03
2.068130615234375000e+03
2.065424560546875000e+03
2.062960205078125000e+03
2.060741699218750000e+03
2.058772460937500000e+03
2.057057128906250000e+03
2.055598876953125000e+03
2.054402099609375000e+03
2.053468994140625000e+03
2.052799316406250000e+03
2.052389648437500000e+03
2.052238281250000000e+03
2.052342773437500000e+03
2.052700683593750000e+03
2.053309570312500000e+03
2.054167480468750000e+03
2.055271728515625000e+03
2.056620117187500000e+03
2.058210205078125000e+03
2.060040039062500000e+03
2.062106933593750000e+03
2.064408203125000000e+03
2.066942382812500000e+03
2.069706298828125000e+03
2.072698242187500000e+03
2.075915283203125000e+03
2.079355712890625000e+03
2.083016845703125000e+03
2.086896240234375000e+03
2.090991943359375000e+03
2.095301513671875000e+03
2.099822021484375000e+03
2.104552001953125000e+03
2.109488525390625000e+03
2.114629394531250000e+03
2.119972412109375000e+03
2.125515136718750000e+03
2.131255371093750000e+03
2.137190185546875000e+03
2.143318359375000000e+03
2.149636474609375000e+03
2.156142822265625000e+03
2.162834716796875000e+03
2.169709960937500000e+03
2.176766357421875000e+03
2.184001464843750000e+03
2.191412597656250000e+03
2.198998046875000000e+03
2.206755371093750000e+03
2.214681640625000000e+03
2.222775146484375000e+03
2.231033203125000000e+03
2.239453613281250000e+03
2.248034179687500000e+03
2.256771972656250000e+03
2.265665527343750000e+03
2.274711914062500000e+03
2.283908935546875000e+03
2.293253662109375000e+03
2.302740966796875000e+03
2.312365478515625000e+03
2.322121093750000000e+03
2.332002441406250000e+03
2.342003417968750000e+03
2.352118652343750000e+03
2.362342773437500000e+03
2.372669677734375000e+03
2.383093750000000000e+03
2.393609619140625000e+03
2.404211181640625000e+03
2.414892822265625000e+03
2.425649169921875000e+03
2.436474365234375000e+03
2.447362548828125000e+03
2.458308349609375000e+03
2.469306152343750000e+03
2.480349853515625000e+03
2.491434082031250000e+03
2.502553222656250000e+03
2.513701416015625000e+03
2.524873046875000000e+03
2.536062255859375000e+03
2.547263671875000000e+03
2.558471679687500000e+03
2.569680175781250000e+03
2.580884033203125000e+03
2.592077148437500000e+03
2.603253662109375000e+03
2.614408691406250000e+03
2.625535888671875000e+03
2.636629882812500000e+03
2.647684570312500000e+03
2.658695068359375000e+03
2.669655029296875000e+03
2.680558837890625000e+03
2.691400878906250000e+03
2.702175781250000000e+03
2.712877685546875000e+03
2.723500732421875000e+03
2.734039306640625000e+03
2.744488037109375000e+03
2.754840820312500000e+03
2.765092285156250000e+03
2.775236816406250000e+03
2.785268310546875000e+03
2.795181396484375000e+03
2.804970458984375000e+03
2.814629638671875000e+03
2.824154052734375000e+03
2.833539550781250000e+03
2.842783691406250000e+03
2.851883300781250000e+03
2.860834960937500000e+03
2.869636230468750000e+03
2.878283447265625000e+03
2.886773925781250000e+03
2.895104736328125000e+03
2.903272216796875000e+03
2.911273925781250000e+03
2.919106689453125000e+03
2.926767333984375000e+03
2.934252929687500000e+03
2.941560302734375000e+03
2.948686523437500000e+03
2.955628417968750000e+03
2.962383056640625000e+03
2.968947265625000000e+03
2.975318115234375000e+03
2.981492431640625000e+03
2.987467285156250000e+03
2.993239501953125000e+03
2.998806396484375000e+03
3.004164062500000000e+03
3.009310302734375000e+03
3.014241943359375000e+03
3.018955810546875000e+03
3.023448486328125000e+03
3.027717529296875000e+03
3.031759521484375000e+03
3.035571533203125000e+03
3.039150390625000000e+03
3.042493164062500000e+03
3.045596923828125000e+03
3.048458251953125000e+03
3.051074462890625000e+03
3.053442382812500000e+03
3.055559082031250000e+03
3.057421142578125000e+03
3.059025878906250000e+03
3.060369873046875000e+03
3.061450439453125000e+03
3.062264648437500000e+03
3.062808837890625000e+03
3.063080566406250000e+03
3.063076660156250000e+03
3.062793701171875000e+03
3.062229003906250000e+03
3.061379394531250000e+03
3.060242431640625000e+03
3.058819824218750000e+03
3.057113769531250000e+03
3.055126220703125000e+03
3.052858886718750000e+03
3.050314453125000000e+03
3.047494873046875000e+03
3.044402587890625000e+03
3.041039062500000000e+03
3.037407226562500000e+03
3.033508544921875000e+03
3.029345458984375000e+03
3.024920410156250000e+03
3.020234863281250000e+03
3.015291503906250000e+03
3.010092285156250000e+03
3.004639160156250000e+03
2.998934570312500000e+03
2.992980712890625000e+03
2.986779296875000000e+03
2.980333007812500000e+03
2.973643310546875000e+03
2.966712890625000000e+03
2.959543701171875000e+03
2.952137939453125000e+03
2.944497558593750000e+03
2.936625000000000000e+03
2.928522460937500000e+03
2.920191650390625000e+03
2.911634765625000000e+03
2.902854248046875000e+03
2.893852050781250000e+03
2.884630371093750000e+03
2.875191650390625000e+03
2.865537353515625000e+03
2.855669921875000000e+03
2.845591796875000000e+03
2.835304687500000000e+03
2.824811035156250000e+03
2.814112792968750000e+03
2.803212402343750000e+03
2.792111572265625000e+03
2.780812500000000000e+03
2.769317382812500000e+03
2.757628906250000000e+03
2.745748291015625000e+03
2.733678466796875000e+03
2.721421142578125000e+03
2.708978271484375000e+03
2.696352783203125000e+03
2.683546386718750000e+03
2.670563964843750000e+03
2.657411132812500000e+03
2.644092529296875000e+03
2.630613525390625000e+03
2.616978759765625000e+03
2.603193847656250000e+03
2.589263427734375000e+03
2.575192871093750000e+03
2.560987304687500000e+03
2.546651855468750000e+03
2.532191406250000000e+03
2.517611328125000000e+03
2.502916748046875000e+03
2.488112304687500000e+03
2.473203613281250000e+03
2.458195556640625000e+03
2.443093505859375000e+03
2.427902099609375000e+03
2.412626708984375000e+03
2.397272216796875000e+03
2.381843994140625000e+03
2.366347167968750000e+03
2.350786621093750000e+03
2.335167724609375000e+03
2.319495361328125000e+03
2.303774658203125000e+03
2.288010498046875000e+03
2.272208496093750000e+03
2.256373535156250000e+03
2.240510742187500000e+03
2.224625244140625000e+03
2.208721679687500000e+03
2.192805908203125000e+03
2.176882568359375000e+03
2.160956787109375000e+03
2.145033691406250000e+03
2.129118652343750000e+03
2.113216552734375000e+03
2.097332275390625000e+03
2.081471191406250000e+03
2.065638427734375000e+03
2.049839111328125000e+03
2.034078125000000000e+03
2.018360717773437500e+03
2.002691894531250000e+03
1.987077026367187500e+03
1.971520874023437500e+03
1.956028686523437500e+03
1.940605834960937500e+03
1.925256591796875000e+03
1.909984252929687500e+03
1.894791992187500000e+03
1.879682250976562500e+03
1.864657958984375000e+03
1.849722290039062500e+03
1.834877563476562500e+03
1.820126831054687500e+03
1.805472900390625000e+03
1.790918579101562500e+03
1.776466918945312500e+03
1.762120239257812500e+03
1.747881958007812500e+03
1.733754516601562500e+03
1.719740966796875000e+03
1.705843994140625000e+03
1.692066406250000000e+03
1.678411010742187500e+03
1.664880859375000000e+03
1.651478637695312500e+03
1.638207153320312500e+03
1.625069213867187500e+03
1.612067749023437500e+03
1.599205566406250000e+03
1.586485351562500000e+03
1.573910034179687500e+03
1.561482543945312500e+03
1.549205566406250000e+03
1.537082031250000000e+03
1.525114624023437500e+03
1.513306396484375000e+03
1.501659912109375000e+03
1.490178100585937500e+03
1.478863891601562500e+03
1.467720092773437500e+03
1.456749389648437500e+03
1.445954833984375000e+03
1.435338989257812500e+03
1.424904907226562500e+03
1.414655273437500000e+03
1.404592895507812500e+03
1.394720825195312500e+03
1.385041748046875000e+03
1.375558349609375000e+03
1.366273681640625000e+03
1.357190551757812500e+03
1.348311767578125000e+03
1.339640014648437500e+03
1.331178222656250000e+03
1.322929199218750000e+03
1.314895141601562500e+03
1.307075439453125000e+03
1.299468627929687500e+03
1.292073608398437500e+03
1.284888916015625000e+03
1.277913330078125000e+03
1.271145385742187500e+03
1.264583984375000000e+03
1.258227661132812500e+03
1.252075073242187500e+03
1.246125000000000000e+03
1.240376220703125000e+03
1.234827270507812500e+03
1.229476928710937500e+03
1.224323730468750000e+03
1.219366577148437500e+03
1.214603881835937500e+03
1.210034545898437500e+03
1.205657348632812500e+03
1.201470703125000000e+03
1.197473388671875000e+03
1.193664184570312500e+03
1.190041748046875000e+03
1.186604858398437500e+03
1.183351928710937500e+03
1.180281982421875000e+03
1.177393310546875000e+03
1.174684936523437500e+03
1.172155395507812500e+03
1.169803466796875000e+03
1.167627807617187500e+03
1.165627075195312500e+03
1.163799804687500000e+03
1.162145019531250000e+03
1.160661132812500000e+03
1.159347045898437500e+03
1.158201293945312500e+03
1.157222534179687500e+03
1.156409667968750000e+03
1.155761108398437500e+03
1.155275634765625000e+03
1.154952026367187500e+03
1.154788940429687500e+03
1.154785034179687500e+03
1.154938964843750000e+03
1.155249511718750000e+03
1.155715332031250000e+03
1.156335083007812500e+03
1.157107421875000000e+03
1.158031005859375000e+03
1.159104370117187500e+03
1.160324218750000000e+03
1.161687377929687500e+03
1.163190185546875000e+03
1.164829589843750000e+03
1.166602050781250000e+03
1.168504028320312500e+03
1.170532226562500000e+03
1.172683227539062500e+03
1.174953613281250000e+03
1.177340087890625000e+03
1.179839355468750000e+03
1.182447753906250000e+03
1.185161987304687500e+03
1.187978759765625000e+03
1.190894409179687500e+03
1.193905883789062500e+03
1.197009521484375000e+03
1.200202148437500000e+03
1.203480224609375000e+03
1.206840332031250000e+03
1.210279174804687500e+03
1.213793212890625000e+03
1.217379150390625000e+03
1.221033691406250000e+03
1.224753295898437500e+03
1.228534545898437500e+03
1.232374145507812500e+03
1.236268676757812500e+03
1.240214599609375000e+03
1.244208740234375000e+03
1.248247558593750000e+03
1.252327880859375000e+03
1.256445922851562500e+03
1.260598510742187500e+03
1.264782348632812500e+03
1.268993896484375000e+03
1.273229736328125000e+03
1.277486572265625000e+03
1.281760986328125000e+03
1.286049560546875000e+03
1.290348754882812500e+03
1.294655517578125000e+03
1.298966064453125000e+03
1.303277343750000000e+03
1.307585815429687500e+03
1.311887939453125000e+03
1.316180541992187500e+03
1.320460083007812500e+03
1.324723144531250000e+03
1.328966674804687500e+03
1.333188354492187500e+03
1.337385986328125000e+03
1.341557495117187500e+03
1.345700561523437500e+03
1.349813232421875000e+03
1.353893554687500000e+03
1.357939086914062500e+03
1.361947875976562500e+03
1.365917846679687500e+03
1.369846679687500000e+03
1.373732421875000000e+03
1.377572998046875000e+03
1.381366088867187500e+03
1.385109741210937500e+03
1.388801757812500000e+03
1.392440063476562500e+03
1.396022583007812500e+03
1.399546875000000000e+03
1.403011230468750000e+03
1.406413452148437500e+03
1.409751220703125000e+03
1.413022583007812500e+03
1.416225219726562500e+03
1.419357299804687500e+03
1.422416625976562500e+03
1.425400756835937500e+03
1.428308105468750000e+03
1.431135986328125000e+03
1.433882690429687500e+03
1.436546020507812500e+03
1.439123779296875000e+03
1.441613769531250000e+03
1.444014038085937500e+03
1.446322387695312500e+03
1.448536621093750000e+03
1.450654785156250000e+03
1.452674804687500000e+03
1.454594116210937500e+03
1.456411132812500000e+03
1.458123535156250000e+03
1.459729125976562500e+03
1.461225708007812500e+03
1.462611328125000000e+03
1.463883911132812500e+03
1.465041259765625000e+03
1.466081176757812500e+03
1.467001586914062500e+03
1.467800415039062500e+03
1.468475585937500000e+03
1.469025268554687500e+03
1.469450073242187500e+03
1.469750732421875000e+03
1.469928100585937500e+03
1.469983154296875000e+03
1.469916625976562500e+03
1.469729370117187500e+03
1.469422363281250000e+03
1.468996459960937500e+03
1.468452514648437500e+03
1.467791381835937500e+03
1.467013793945312500e+03
1.466120727539062500e+03
1.465113159179687500e+03
1.463991699218750000e+03
1.462757446289062500e+03
1.461411132812500000e+03
1.459953735351562500e+03
1.458385986328125000e+03
1.456708740234375000e+03
1.454923095703125000e+03
1.453029663085937500e+03
1.451029296875000000e+03
1.448923217773437500e+03
1.446711791992187500e+03
1.444396240234375000e+03
1.441977294921875000e+03
1.439455810546875000e+03
1.436832641601562500e+03
1.434108764648437500e+03
1.431284912109375000e+03
1.428362060546875000e+03
1.425340942382812500e+03
1.422222534179687500e+03
1.419007690429687500e+03
1.415697265625000000e+03
1.412291992187500000e+03
1.408792968750000000e+03
1.405200805664062500e+03
1.401516601562500000e+03
1.397741088867187500e+03
1.393875244140625000e+03
1.389919799804687500e+03
1.385875610351562500e+03
1.381743652343750000e+03
1.377524658203125000e+03
1.373219726562500000e+03
1.368829589843750000e+03
1.364354858398437500e+03
1.359796875000000000e+03
1.355156250000000000e+03
1.350435546875000000e+03
1.345636840820312500e+03
1.340762573242187500e+03
1.335814941406250000e+03
1.330796630859375000e+03
1.325709716796875000e+03
1.320556640625000000e+03
1.315339721679687500e+03
1.310061279296875000e+03
1.304723754882812500e+03
1.299329467773437500e+03
1.293880737304687500e+03
1.288380004882812500e+03
1.282829467773437500e+03
1.277231567382812500e+03
1.271588745117187500e+03
1.265903198242187500e+03
1.260177246093750000e+03
1.254413452148437500e+03
1.248614013671875000e+03
1.242781372070312500e+03
1.236917724609375000e+03
1.231025512695312500e+03
1.225107299804687500e+03
1.219165039062500000e+03
1.213201416015625000e+03
1.207218383789062500e+03
1.201218872070312500e+03
1.195204589843750000e+03
1.189178344726562500e+03
1.183142456054687500e+03
1.177099121093750000e+03
1.171050659179687500e+03
1.164999633789062500e+03
1.158948120117187500e+03
1.152898681640625000e+03
1.146853637695312500e+03
1.140815185546875000e+03
1.134785888671875000e+03
1.128768066406250000e+03
1.122763916015625000e+03
1.116775878906250000e+03
1.110806396484375000e+03
1.104857666015625000e+03
1.098932128906250000e+03
1.093032104492187500e+03
1.087159912109375000e+03
1.081317993164062500e+03
1.075508544921875000e+03
1.069734008789062500e+03
1.063995605468750000e+03
1.058294799804687500e+03
1.052632934570312500e+03
1.047011230468750000e+03
1.041431152343750000e+03
1.035893798828125000e+03
1.030400756835937500e+03
1.024953247070312500e+03
1.019552551269531250e+03
1.014200073242187500e+03
1.008896972656250000e+03
1.003644775390625000e+03
9.984447021484375000e+02
9.932981567382812500e+02
9.882062988281250000e+02
9.831706542968750000e+02
9.781923828125000000e+02
9.732727661132812500e+02
9.684134521484375000e+02
9.636154174804687500e+02
9.588801269531250000e+02
9.542089843750000000e+02
9.496031494140625000e+02
9.450640869140625000e+02
9.405930175781250000e+02
9.361912231445312500e+02
9.318601684570312500e+02
9.276012573242187500e+02
9.234155273437500000e+02
9.193044433593750000e+02
9.152694702148437500e+02
9.113117065429687500e+02
9.074325561523437500e+02
9.036334228515625000e+02
8.999155273437500000e+02
8.962802734375000000e+02
8.927288818359375000e+02
8.892627563476562500e+02
8.858833007812500000e+02
8.825916748046875000e+02
8.793892822265625000e+02
8.762774047851562500e+02
8.732574462890625000e+02
8.703305664062500000e+02
8.674982910156250000e+02
8.647619018554687500e+02
8.621226806640625000e+02
8.595819091796875000e+02
8.571409301757812500e+02
8.548008422851562500e+02
8.525610351562500000e+02
8.504207763671875000e+02
8.483793334960937500e+02
8.464357910156250000e+02
8.445894165039062500e+02
8.428394165039062500e+02
8.411850585937500000e+02
8.396254272460937500e+02
8.381597900390625000e+02
8.367873535156250000e+02
8.355073242187500000e+02
8.343189086914062500e+02
8.332212524414062500e+02
8.322136230468750000e+02
8.312952270507812500e+02
8.304652709960937500e+02
8.297229003906250000e+02
8.290673828125000000e+02
8.284978637695312500e+02
8.280136718750000000e+02
8.276138916015625000e+02
8.272977294921875000e+02
8.270643920898437500e+02
8.269132080078125000e+02
8.268432617187500000e+02
8.268537597656250000e+02
8.269439697265625000e+02
8.271130371093750000e+02
8.273601684570312500e+02
8.276846313476562500e+02
8.280855712890625000e+02
8.285622558593750000e+02
8.291138305664062500e+02
8.297394409179687500e+02
8.304384155273437500e+02
8.312098999023437500e+02
8.320531616210937500e+02
8.329673461914062500e+02
8.339515991210937500e+02
8.350052490234375000e+02
8.361274414062500000e+02
8.373173828125000000e+02
8.385742187500000000e+02
8.398972778320312500e+02
8.412857055664062500e+02
8.427386474609375000e+02
8.442554321289062500e+02
8.458351440429687500e+02
8.474770507812500000e+02
8.491802368164062500e+02
8.509429321289062500e+02
8.527633056640625000e+02
8.546396484375000000e+02
8.565700683593750000e+02
8.585526123046875000e+02
8.605856933593750000e+02
8.626672363281250000e+02
8.647955322265625000e+02
8.669687500000000000e+02
8.691850585937500000e+02
8.714425659179687500e+02
8.737395629882812500e+02
8.760740356445312500e+02
8.784443359375000000e+02
8.808485107421875000e+02
8.832847900390625000e+02
8.857514038085937500e+02
8.882463378906250000e+02
8.907678222656250000e+02
8.933141479492187500e+02
8.958834228515625000e+02
8.984736938476562500e+02
9.010833129882812500e+02
9.037102661132812500e+02
9.063529052734375000e+02
9.090093383789062500e+02
9.116776733398437500e+02
9.143560791015625000e+02
9.170427856445312500e+02
9.197359619140625000e+02
9.224336547851562500e+02
9.251342163085937500e+02
9.278357543945312500e+02
9.305363769531250000e+02
9.332341308593750000e+02
9.359275512695312500e+02
9.386145019531250000e+02
9.412932128906250000e+02
9.439619750976562500e+02
9.466188354492187500e+02
9.492619018554687500e+02
9.518895874023437500e+02
9.544996948242187500e+02
9.570907592773437500e+02
9.596608276367187500e+02
9.622079467773437500e+02
9.647303466796875000e+02
9.672262573242187500e+02
9.696938476562500000e+02
9.721313476562500000e+02
9.745376586914062500e+02
9.769116210937500000e+02
9.792524414062500000e+02
9.815589599609375000e+02
9.838300170898437500e+02
9.860648193359375000e+02
9.882622070312500000e+02
9.904212036132812500e+02
9.925407714843750000e+02
9.946198120117187500e+02
9.966574096679687500e+02
9.986524047851562500e+02
1.000604003906250000e+03
1.002510803222656250e+03
1.004372131347656250e+03
1.006186767578125000e+03
1.007953735351562500e+03
1.009672058105468750e+03
1.011340637207031250e+03
1.012958496093750000e+03
1.014524475097656250e+03
1.016037780761718750e+03
1.017497131347656250e+03
1.018901733398437500e+03
1.020250305175781250e+03
1.021542114257812500e+03
1.022775817871093750e+03
1.023950622558593750e+03
1.025065429687500000e+03
1.026119140625000000e+03
1.027110839843750000e+03
1.028039550781250000e+03
1.028904052734375000e+03
1.029703369140625000e+03
1.030436523437500000e+03
1.031102539062500000e+03
1.031700195312500000e+03
1.032228759765625000e+03
1.032687011718750000e+03
1.033073730468750000e+03
1.033388305664062500e+03
1.033629516601562500e+03
1.033796264648437500e+03
1.033887695312500000e+03
1.033902465820312500e+03
1.033839965820312500e+03
1.033698852539062500e+03
1.033478271484375000e+03
1.033177001953125000e+03
1.032794555664062500e+03
1.032330932617187500e+03
1.031786865234375000e+03
1.031162963867187500e+03
1.030459716796875000e+03
1.029677734375000000e+03
1.028817382812500000e+03
1.027879638671875000e+03
1.026864624023437500e+03
1.025773193359375000e+03
1.024605834960937500e+03
1.023363037109375000e+03
1.022045471191406250e+03
1.020653686523437500e+03
1.019188110351562500e+03
1.017649536132812500e+03
1.016038391113281250e+03
1.014355285644531250e+03
1.012600769042968750e+03
1.010775329589843750e+03
1.008879638671875000e+03
1.006914306640625000e+03
1.004879760742187500e+03
1.002776550292968750e+03
1.000605407714843750e+03
9.983668212890625000e+02
9.960613403320312500e+02
9.936895141601562500e+02
9.912518920898437500e+02
9.887490844726562500e+02
9.861816406250000000e+02
9.835502319335937500e+02
9.808552246093750000e+02
9.780972900390625000e+02
9.752770385742187500e+02
9.723949584960937500e+02
9.694515991210937500e+02
9.664476928710937500e+02
9.633836059570312500e+02
9.602600097656250000e+02
9.570773925781250000e+02
9.538364257812500000e+02
9.505374755859375000e+02
9.471813964843750000e+02
9.437684936523437500e+02
9.402996215820312500e+02
9.367750244140625000e+02
9.331953735351562500e+02
9.295614013671875000e+02
9.258734741210937500e+02
9.221323852539062500e+02
9.183394165039062500e+02
9.144958496093750000e+02
9.106030883789062500e+02
9.066625976562500000e+02
9.026757812500000000e+02
8.986439208984375000e+02
8.945684814453125000e+02
8.904508056640625000e+02
8.862921752929687500e+02
8.820942993164062500e+02
8.778582153320312500e+02
8.735855712890625000e+02
8.692775268554687500e+02
8.649357299804687500e+02
8.605613403320312500e+02
8.561558227539062500e+02
8.517206420898437500e+02
8.472570190429687500e+02
8.427665405273437500e+02
8.382504272460937500e+02
8.337101440429687500e+02
8.291470336914062500e+02
8.245625610351562500e+02
8.199580078125000000e+02
8.153348999023437500e+02
8.106945190429687500e+02
8.060382080078125000e+02
8.013674926757812500e+02
7.966837158203125000e+02
7.919881591796875000e+02
7.872823486328125000e+02
7.825676269531250000e+02
7.778453369140625000e+02
7.731169433593750000e+02
7.683837280273437500e+02
7.636471557617187500e+02
7.589086303710937500e+02
7.541694335937500000e+02
7.494310913085937500e+02
7.446948852539062500e+02
7.399622802734375000e+02
7.352346191406250000e+02
7.305132446289062500e+02
7.257996826171875000e+02
7.210951538085937500e+02
7.164011840820312500e+02
7.117190551757812500e+02
7.070502319335937500e+02
7.023960571289062500e+02
6.977578125000000000e+02
6.931365356445312500e+02
6.885330200195312500e+02
6.839480590820312500e+02
6.793826904296875000e+02
6.748375854492187500e+02
6.703137207031250000e+02
6.658118896484375000e+02
6.613330078125000000e+02
6.568779296875000000e+02
6.524475097656250000e+02
6.480425415039062500e+02
6.436640014648437500e+02
6.393126220703125000e+02
6.349893798828125000e+02
6.306950683593750000e+02
6.264305419921875000e+02
6.221967163085937500e+02
6.179943847656250000e+02
6.138244628906250000e+02
6.096877441406250000e+02
6.055851440429687500e+02
6.015175170898437500e+02
5.974856567382812500e+02
5.934905395507812500e+02
5.895329589843750000e+02
5.856137695312500000e+02
5.817338867187500000e+02
5.778940429687500000e+02
5.740952148437500000e+02
5.703381958007812500e+02
5.666239013671875000e+02
5.629532470703125000e+02
5.593269042968750000e+02
5.557458496093750000e+02
5.522109985351562500e+02
5.487230834960937500e+02
5.452830810546875000e+02
5.418917236328125000e+02
5.385500488281250000e+02
5.352587280273437500e+02
5.320187377929687500e+02
5.288308715820312500e+02
5.256960449218750000e+02
5.226150512695312500e+02
5.195888671875000000e+02
5.166182861328125000e+02
5.137041015625000000e+02
5.108471984863281250e+02
5.080485534667968750e+02
5.053087158203125000e+02
5.026276245117187500e+02
5.000049743652343750e+02
4.974405212402343750e+02
4.949339599609375000e+02
4.924849853515625000e+02
4.900933227539062500e+02
4.877587280273437500e+02
4.854808654785156250e+02
4.832593994140625000e+02
4.810941162109375000e+02
4.789847717285156250e+02
4.769309387207031250e+02
4.749324951171875000e+02
4.729890136718750000e+02
4.711002807617187500e+02
4.692659606933593750e+02
4.674858093261718750e+02
4.657595825195312500e+02
4.640869140625000000e+02
4.624674987792968750e+02
4.609011535644531250e+02
4.593875122070312500e+02
4.579263000488281250e+02
4.565172729492187500e+02
4.551600646972656250e+02
4.538544616699218750e+02
4.526001281738281250e+02
4.513967895507812500e+02
4.502442016601562500e+02
4.491420288085937500e+02
4.480900268554687500e+02
4.470878295898437500e+02
4.461352233886718750e+02
4.452319335937500000e+02
4.443775939941406250e+02
4.435720214843750000e+02
4.428147888183593750e+02
4.421057434082031250e+02
4.414445495605468750e+02
4.408309326171875000e+02
4.402645568847656250e+02
4.397451782226562500e+02
4.392724914550781250e+02
4.388462524414062500e+02
4.384661254882812500e+02
4.381318359375000000e+02
4.378430786132812500e+02
4.375996093750000000e+02
4.374011230468750000e+02
4.372472839355468750e+02
4.371371154785156250e+02
4.370698242187500000e+02
4.370444641113281250e+02
4.370600891113281250e+02
4.371157836914062500e+02
4.372106628417968750e+02
4.373437500000000000e+02
4.375140991210937500e+02
4.377208251953125000e+02
4.379630126953125000e+02
4.382397155761718750e+02
4.385500183105468750e+02
4.388929748535156250e+02
4.392677307128906250e+02
4.396732482910156250e+02
4.401086730957031250e+02
4.405731201171875000e+02
4.410655517578125000e+02
4.415851745605468750e+02
4.421309509277343750e+02
4.427020263671875000e+02
4.432974243164062500e+02
4.439162597656250000e+02
4.445575866699218750e+02
4.452204895019531250e+02
4.459040222167968750e+02
4.466072998046875000e+02
4.473294067382812500e+02
4.480693969726562500e+02
4.488262939453125000e+02
4.495992431640625000e+02
4.503872375488281250e+02
4.511894531250000000e+02
4.520049438476562500e+02
4.528327331542968750e+02
4.536719360351562500e+02
4.545216064453125000e+02
4.553807983398437500e+02
4.562486572265625000e+02
4.571242065429687500e+02
4.580065307617187500e+02
4.588947448730468750e+02
4.597878417968750000e+02
4.606849365234375000e+02
4.615851440429687500e+02
4.624874877929687500e+02
4.633911132812500000e+02
4.642949523925781250e+02
4.651982421875000000e+02
4.661000061035156250e+02
4.669996337890625000e+02
4.678964843750000000e+02
4.687899169921875000e+02
4.696793823242187500e+02
4.705641784667968750e+02
4.714437866210937500e+02
4.723175354003906250e+02
4.731847839355468750e+02
4.740450134277343750e+02
4.748975219726562500e+02
4.757416687011718750e+02
4.765769653320312500e+02
4.774026794433593750e+02
4.782182617187500000e+02
4.790230712890625000e+02
4.798164978027343750e+02
4.805979309082031250e+02
4.813667602539062500e+02
4.821223144531250000e+02
4.828640441894531250e+02
4.835913696289062500e+02
4.843035583496093750e+02
4.850000610351562500e+02
4.856802978515625000e+02
4.863435668945312500e+02
4.869893493652343750e+02
4.876169738769531250e+02
4.882257995605468750e+02
4.888152770996093750e+02
4.893847961425781250e+02
4.899336242675781250e+02
4.904612731933593750e+02
4.909671020507812500e+02
4.914504699707031250e+02
4.919107360839843750e+02
4.923473815917968750e+02
4.927596740722656250e+02
4.931470642089843750e+02
4.935089416503906250e+02
4.938446655273437500e+02
4.941536560058593750e+02
4.944352416992187500e+02
4.946888732910156250e+02
4.949138488769531250e+02
4.951096496582031250e+02
4.952756042480468750e+02
4.954111328125000000e+02
4.955155944824218750e+02
4.955883483886718750e+02
4.956289978027343750e+02
4.956374511718750000e+02
4.956139221191406250e+02
4.955585327148437500e+02
4.954715576171875000e+02
4.953529663085937500e+02
4.952030639648437500e+02
4.950218811035156250e+02
4.948096923828125000e+02
4.945665283203125000e+02
4.942926025390625000e+02
4.939880676269531250e+02
4.936531066894531250e+02
4.932878417968750000e+02
4.928923950195312500e+02
4.924669494628906250e+02
4.920116271972656250e+02
4.915266723632812500e+02
4.910121459960937500e+02
4.904682312011718750e+02
4.898950500488281250e+02
4.892928466796875000e+02
4.886616516113281250e+02
4.880017089843750000e+02
4.873131713867187500e+02
4.865960693359375000e+02
4.858507080078125000e+02
4.850772094726562500e+02
4.842756652832031250e+02
4.834461975097656250e+02
4.825891113281250000e+02
4.817043762207031250e+02
4.807923278808593750e+02
4.798529968261718750e+02
4.788865356445312500e+02
4.778931579589843750e+02
4.768729858398437500e+02
4.758261718750000000e+02
4.747528381347656250e+02
4.736531982421875000e+02
4.725274047851562500e+02
4.713755187988281250e+02
4.701978149414062500e+02
4.689943542480468750e+02
4.677652893066406250e+02
4.665108642578125000e+02
4.652311401367187500e+02
4.639263305664062500e+02
4.625965576171875000e+02
4.612419433593750000e+02
4.598627624511718750e+02
4.584595031738281250e+02
4.570328369140625000e+02
4.555832824707031250e+02
4.541115112304687500e+02
4.526180114746093750e+02
4.511034851074218750e+02
4.495685119628906250e+02
4.480136413574218750e+02
4.464395141601562500e+02
4.448467102050781250e+02
4.432358703613281250e+02
4.416075439453125000e+02
4.399623413085937500e+02
4.383009338378906250e+02
4.366237487792968750e+02
4.349315490722656250e+02
4.332248840332031250e+02
4.315043334960937500e+02
4.297705078125000000e+02
4.280240173339843750e+02
4.262654418945312500e+02
4.244953613281250000e+02
4.227144165039062500e+02
4.209232177734375000e+02
4.191222839355468750e+02
4.173123474121093750e+02
4.154938659667968750e+02
4.136675109863281250e+02
4.118338928222656250e+02
4.099935607910156250e+02
4.081471252441406250e+02
4.062952270507812500e+02
4.044384460449218750e+02
4.025773620605468750e+02
4.007125854492187500e+02
3.988447265625000000e+02
3.969743652343750000e+02
3.951021118164062500e+02
3.932285766601562500e+02
3.913543090820312500e+02
3.894799804687500000e+02
3.876061401367187500e+02
3.857333679199218750e+02
3.838623352050781250e+02
3.819935913085937500e+02
3.801277160644531250e+02
3.782653503417968750e+02
3.764071044921875000e+02
3.745535278320312500e+02
3.727052001953125000e+02
3.708626098632812500e+02
3.690260925292968750e+02
3.671960449218750000e+02
3.653729248046875000e+02
3.635571289062500000e+02
3.617489929199218750e+02
3.599489746093750000e+02
3.581574707031250000e+02
3.563748779296875000e+02
3.546015930175781250e+02
3.528380432128906250e+02
3.510845947265625000e+02
3.493416748046875000e+02
3.476096496582031250e+02
3.458889770507812500e+02
3.441799926757812500e+02
3.424831848144531250e+02
3.407988586425781250e+02
3.391275024414062500e+02
3.374694213867187500e+02
3.358251342773437500e+02
3.341949768066406250e+02
3.325793151855468750e+02
3.309786376953125000e+02
3.293932800292968750e+02
3.278236999511718750e+02
3.262702331542968750e+02
3.247333374023437500e+02
3.232133483886718750e+02
3.217107543945312500e+02
3.202258911132812500e+02
3.187591857910156250e+02
3.173110656738281250e+02
3.158818969726562500e+02
3.144720764160156250e+02
3.130820312500000000e+02
3.117121582031250000e+02
3.103628234863281250e+02
3.090344848632812500e+02
3.077275085449218750e+02
3.064423522949218750e+02
3.051793212890625000e+02
3.039388732910156250e+02
3.027214050292968750e+02
3.015273437500000000e+02
3.003570556640625000e+02
2.992109680175781250e+02
2.980894470214843750e+02
2.969929199218750000e+02
2.959217224121093750e+02
2.948757629394531250e+02
2.938549804687500000e+02
2.928591613769531250e+02
2.918883056640625000e+02
2.909421997070312500e+02
2.900207214355468750e+02
2.891238098144531250e+02
2.882512817382812500e+02
2.874030151367187500e+02
2.865789184570312500e+02
2.857788391113281250e+02
2.850026855468750000e+02
2.842503051757812500e+02
2.835215759277343750e+02
2.828163757324218750e+02
2.821345825195312500e+02
2.814761047363281250e+02
2.808407897949218750e+02
2.802284851074218750e+02
2.796390991210937500e+02
2.790725097656250000e+02
2.785285949707031250e+02
2.780072021484375000e+02
2.775082397460937500e+02
2.770315551757812500e+02
2.765770874023437500e+02
2.761446228027343750e+02
2.757341003417968750e+02
2.753453979492187500e+02
2.749783325195312500e+02
2.746328430175781250e+02
2.743087463378906250e+02
2.740060119628906250e+02
2.737243957519531250e+02
2.734638671875000000e+02
2.732242431640625000e+02
2.730054626464843750e+02
2.728073425292968750e+02
2.726297912597656250e+02
2.724726867675781250e+02
2.723358459472656250e+02
2.722192382812500000e+02
2.721226806640625000e+02
2.720460510253906250e+02
2.719892578125000000e+02
2.719521789550781250e+02
2.719346313476562500e+02
2.719365539550781250e+02
2.719577636718750000e+02
2.719981384277343750e+02
2.720572509765625000e+02
2.721347045898437500e+02
2.722300415039062500e+02
2.723428039550781250e+02
2.724725952148437500e+02
2.726189270019531250e+02
2.727814331054687500e+02
2.729595947265625000e+02
2.731530456542968750e+02
2.733612670898437500e+02
2.735838928222656250e+02
2.738204650878906250e+02
2.740705261230468750e+02
2.743336791992187500e+02
2.746094360351562500e+02
2.748973693847656250e+02
2.751970825195312500e+02
2.755080871582031250e+02
2.758300170898437500e+02
2.761623229980468750e+02
2.765046691894531250e+02
2.768565368652343750e+02
2.772175598144531250e+02
2.775872802734375000e+02
2.779652099609375000e+02
2.783509826660156250e+02
2.787441101074218750e+02
2.791441650390625000e+02
2.795507202148437500e+02
2.799633483886718750e+02
2.803815917968750000e+02
2.808049926757812500e+02
2.812331848144531250e+02
2.816656494140625000e+02
2.821019592285156250e+02
2.825417480468750000e+02
2.829844970703125000e+02
2.834298400878906250e+02
2.838772888183593750e+02
2.843263854980468750e+02
2.847767333984375000e+02
2.852278747558593750e+02
2.856794433593750000e+02
2.861308593750000000e+02
2.865818176269531250e+02
2.870318298339843750e+02
2.874804077148437500e+02
2.879271850585937500e+02
2.883717346191406250e+02
2.888135375976562500e+02
2.892523803710937500e+02
2.896878967285156250e+02
2.901198425292968750e+02
2.905478210449218750e+02
2.909715881347656250e+02
2.913908386230468750e+02
2.918052368164062500e+02
2.922145080566406250e+02
2.926183471679687500e+02
2.930164184570312500e+02
2.934084472656250000e+02
2.937941284179687500e+02
2.941731567382812500e+02
2.945451965332031250e+02
2.949100036621093750e+02
2.952672119140625000e+02
2.956165466308593750e+02
2.959577026367187500e+02
2.962903747558593750e+02
2.966142578125000000e+02
2.969290161132812500e+02
2.972344055175781250e+02
2.975300598144531250e+02
2.978157348632812500e+02
2.980910644531250000e+02
2.983558349609375000e+02
2.986096191406250000e+02
2.988522033691406250e+02
2.990832519531250000e+02
2.993024597167968750e+02
2.995095520019531250e+02
2.997041625976562500e+02
2.998860168457031250e+02
3.000548400878906250e+02
3.002103271484375000e+02
3.003521118164062500e+02
3.004799499511718750e+02
3.005934753417968750e+02
3.006924743652343750e+02
3.007765502929687500e+02
3.008454589843750000e+02
3.008988647460937500e+02
3.009364929199218750e+02
3.009580078125000000e+02
3.009631042480468750e+02
3.009515075683593750e+02
3.009229125976562500e+02
3.008769836425781250e+02
3.008134155273437500e+02
3.007320251464843750e+02
3.006327209472656250e+02
3.005156860351562500e+02
3.003808898925781250e+02
3.002284545898437500e+02
3.000584716796875000e+02
2.998709106445312500e+02
2.996659851074218750e+02
2.994436645507812500e+02
2.992040405273437500e+02
2.989471740722656250e+02
2.986731872558593750e+02
2.983820800781250000e+02
2.980739440917968750e+02
2.977489013671875000e+02
2.974069519042968750e+02
2.970482177734375000e+02
2.966727294921875000e+02
2.962805480957031250e+02
2.958717956542968750e+02
2.954465026855468750e+02
2.950047607421875000e+02
2.945466308593750000e+02
2.940721740722656250e+02
2.935814819335937500e+02
2.930746154785156250e+02
2.925516052246093750e+02
2.920125732421875000e+02
2.914575805664062500e+02
2.908866882324218750e+02
2.902999572753906250e+02
2.896974487304687500e+02
2.890792846679687500e+02
2.884454956054687500e+02
2.877961425781250000e+02
2.871313171386718750e+02
2.864510498046875000e+02
2.857554931640625000e+02
2.850446472167968750e+02
2.843186035156250000e+02
2.835774230957031250e+02
2.828211975097656250e+02
2.820499572753906250e+02
2.812637939453125000e+02
2.804628295898437500e+02
2.796470336914062500e+02
2.788165588378906250e+02
2.779714050292968750e+02
2.771116943359375000e+02
2.762375183105468750e+02
2.753489074707031250e+02
2.744461975097656250e+02
2.735296630859375000e+02
2.725996398925781250e+02
2.716564331054687500e+02
2.707003173828125000e+02
2.697315979003906250e+02
2.687506713867187500e+02
2.677577209472656250e+02
2.667531738281250000e+02
2.657372436523437500e+02
2.647102966308593750e+02
2.636726379394531250e+02
2.626245117187500000e+02
2.615663146972656250e+02
2.604983215332031250e+02
2.594208374023437500e+02
2.583341674804687500e+02
2.572386169433593750e+02
2.561345214843750000e+02
2.550221252441406250e+02
2.539018402099609375e+02
2.527738800048828125e+02
2.516386108398437500e+02
2.504962921142578125e+02
2.493472900390625000e+02
2.481918792724609375e+02
2.470303649902343750e+02
2.458630676269531250e+02
2.446903076171875000e+02
2.435123596191406250e+02
2.423295745849609375e+02
2.411422119140625000e+02
2.399506225585937500e+02
2.387550964355468750e+02
2.375559692382812500e+02
2.363535003662109375e+02
2.351480255126953125e+02
2.339398651123046875e+02
2.327292938232421875e+02
2.315166778564453125e+02
2.303022460937500000e+02
2.290863800048828125e+02
2.278693695068359375e+02
2.266514892578125000e+02
2.254331054687500000e+02
2.242144775390625000e+02
2.229958953857421875e+02
2.217777557373046875e+02
2.205602874755859375e+02
2.193437957763671875e+02
2.181285705566406250e+02
2.169148406982421875e+02
2.157028198242187500e+02
2.144927368164062500e+02
2.132848510742187500e+02
2.120794067382812500e+02
2.108766021728515625e+02
2.096766967773437500e+02
2.084799499511718750e+02
2.072865753173828125e+02
2.060968017578125000e+02
2.049108734130859375e+02
2.037290344238281250e+02
2.025515136718750000e+02
2.013785400390625000e+02
2.002103729248046875e+02
1.990472412109375000e+02
1.978893585205078125e+02
1.967369842529296875e+02
1.955903472900390625e+02
1.944496917724609375e+02
1.933152618408203125e+02
1.921872711181640625e+02
1.910659637451171875e+02
1.899515686035156250e+02
1.888443603515625000e+02
1.877445373535156250e+02
1.866523437500000000e+02
1.855680084228515625e+02
1.844917907714843750e+02
1.834239196777343750e+02
1.823646240234375000e+02
1.813141326904296875e+02
1.802727050781250000e+02
1.792405700683593750e+02
1.782179565429687500e+02
1.772051086425781250e+02
1.762022705078125000e+02
1.752096557617187500e+02
1.742275085449218750e+02
1.732560729980468750e+02
1.722955932617187500e+02
1.713462829589843750e+02
1.704084014892578125e+02
1.694821777343750000e+02
1.685678253173828125e+02
1.676656188964843750e+02
1.667757873535156250e+02
1.658985443115234375e+02
1.650341033935546875e+02
1.641824798583984375e+02
1.633436584472656250e+02
1.625176239013671875e+02
1.617043609619140625e+02
1.609038543701171875e+02
1.601160888671875000e+02
1.593410186767578125e+02
1.585786743164062500e+02
1.578289947509765625e+02
1.570919952392578125e+02
1.563676300048828125e+02
1.556558990478515625e+02
1.549567871093750000e+02
1.542702789306640625e+02
1.535963287353515625e+02
1.529349517822265625e+02
1.522861175537109375e+02
1.516498107910156250e+02
1.510260162353515625e+02
1.504147033691406250e+02
1.498158874511718750e+02
1.492295074462890625e+02
1.486555786132812500e+02
1.480940704345703125e+02
1.475449676513671875e+02
1.470082550048828125e+02
1.464839172363281250e+02
1.459719238281250000e+02
1.454722747802734375e+02
1.449849395751953125e+02
1.445099182128906250e+02
1.440471649169921875e+02
1.435966796875000000e+02
1.431584625244140625e+02
1.427324676513671875e+02
1.423186798095703125e+02
1.419170837402343750e+02
1.415276947021484375e+02
1.411504516601562500e+02
1.407853546142578125e+02
1.404323883056640625e+02
1.400915374755859375e+02
1.397627868652343750e+02
1.394460906982421875e+02
1.391414642333984375e+02
1.388488922119140625e+02
1.385683441162109375e+02
1.382997894287109375e+02
1.380432281494140625e+02
1.377986145019531250e+02
1.375657806396484375e+02
1.373445129394531250e+02
1.371346588134765625e+02
1.369359588623046875e+02
1.367482757568359375e+02
1.365713806152343750e+02
1.364051055908203125e+02
1.362492218017578125e+02
1.361035614013671875e+02
1.359679107666015625e+02
1.358420867919921875e+02
1.357258758544921875e+02
1.356190948486328125e+02
1.355215454101562500e+02
1.354330444335937500e+02
1.353533935546875000e+02
1.352823638916015625e+02
1.352198028564453125e+02
1.351654815673828125e+02
1.351192321777343750e+02
1.350808410644531250e+02
1.350501098632812500e+02
1.350268554687500000e+02
1.350108947753906250e+02
1.350019989013671875e+02
1.349999847412109375e+02
1.350046691894531250e+02
1.350158386230468750e+02
1.350333099365234375e+02
1.350568847656250000e+02
1.350863647460937500e+02
1.351215515136718750e+02
1.351622619628906250e+02
1.352082824707031250e+02
1.352594451904296875e+02
1.353155212402343750e+02
1.353763275146484375e+02
1.354416809082031250e+02
1.355113677978515625e+02
1.355851898193359375e+02
1.356629791259765625e+02
1.357445068359375000e+02
1.358296203613281250e+02
1.359180755615234375e+02
1.360096893310546875e+02
1.361042938232421875e+02
1.362016601562500000e+02
1.363016204833984375e+02
1.364039459228515625e+02
1.365084838867187500e+02
1.366150360107421875e+02
1.367234344482421875e+02
1.368335266113281250e+02
1.369451446533203125e+02
1.370581054687500000e+02
1.371722564697265625e+02
1.372874298095703125e+02
1.374034576416015625e+02
1.375201721191406250e+02
1.376373901367187500e+02
1.377549743652343750e+02
1.378727416992187500e+02
1.379905242919921875e+02
1.381081542968750000e+02
1.382254486083984375e+02
1.383422851562500000e+02
1.384584655761718750e+02
1.385738372802734375e+02
1.386882171630859375e+02
1.388014373779296875e+02
1.389133453369140625e+02
1.390237579345703125e+02
1.391325225830078125e+02
1.392394866943359375e+02
1.393444366455078125e+02
1.394472351074218750e+02
1.395477294921875000e+02
1.396457214355468750e+02
1.397410736083984375e+02
1.398336029052734375e+02
1.399231262207031250e+02
1.400095062255859375e+02
1.400925598144531250e+02
1.401721191406250000e+02
1.402480316162109375e+02
1.403201141357421875e+02
1.403881988525390625e+02
1.404521331787109375e+02
1.405117340087890625e+02
1.405668487548828125e+02
1.406173095703125000e+02
1.406629333496093750e+02
1.407035827636718750e+02
1.407390594482421875e+02
1.407692108154296875e+02
1.407938537597656250e+02
1.408128509521484375e+02
1.408260192871093750e+02
1.408331756591796875e+02
1.408342285156250000e+02
1.408291015625000000e+02
1.408178100585937500e+02
1.408003387451171875e+02
1.407767181396484375e+02
1.407469177246093750e+02
1.407109527587890625e+02
1.406688232421875000e+02
1.406205139160156250e+02
1.405660247802734375e+02
1.405053863525390625e+02
1.404385375976562500e+02
1.403655242919921875e+02
1.402863464355468750e+02
1.402009735107421875e+02
1.401094207763671875e+02
1.400117034912109375e+02
1.399077758789062500e+02
1.397976837158203125e+02
1.396814117431640625e+02
1.395589294433593750e+02
1.394302673339843750e+02
1.392954101562500000e+02
1.391543731689453125e+02
1.390071411132812500e+02
1.388537139892578125e+02
1.386940917968750000e+02
1.385282745361328125e+02
1.383562622070312500e+02
1.381780548095703125e+02
1.379936370849609375e+02
1.378030242919921875e+02
1.376062164306640625e+02
1.374031982421875000e+02
1.371939697265625000e+02
1.369785461425781250e+02
1.367569122314453125e+02
1.365290679931640625e+02
1.362949981689453125e+02
1.360547485351562500e+02
1.358082733154296875e+02
1.355555877685546875e+02
1.352966613769531250e+02
1.350315551757812500e+02
1.347602081298828125e+02
1.344826660156250000e+02
1.341988830566406250e+02
1.339088897705078125e+02
1.336126708984375000e+02
1.333102264404296875e+02
1.330015869140625000e+02
1.326868286132812500e+02
1.323660583496093750e+02
1.320394134521484375e+02
1.317069702148437500e+02
1.313688507080078125e+02
1.310251770019531250e+02
1.306760406494140625e+02
1.303215789794921875e+02
1.299618682861328125e+02
1.295970458984375000e+02
1.292272186279296875e+02
1.288524780273437500e+02
1.284729614257812500e+02
1.280887603759765625e+02
1.276999969482421875e+02
1.273067550659179688e+02
1.269091796875000000e+02
1.265073699951171875e+02
1.261014175415039062e+02
1.256914520263671875e+02
1.252775878906250000e+02
1.248599243164062500e+02
1.244385681152343750e+02
1.240136337280273438e+02
1.235852432250976562e+02
1.231535034179687500e+02
1.227184982299804688e+02
1.222803726196289062e+02
1.218392257690429688e+02
1.213951568603515625e+02
1.209482803344726562e+02
1.204987106323242188e+02
1.200465774536132812e+02
1.195919494628906250e+02
1.191349716186523438e+02
1.186757278442382812e+02
1.182143630981445312e+02
1.177509536743164062e+02
1.172856292724609375e+02
1.168184890747070312e+02
1.163496551513671875e+02
1.158792266845703125e+02
1.154073181152343750e+02
1.149340438842773438e+02
1.144595031738281250e+02
1.139838256835937500e+02
1.135071105957031250e+02
1.130294494628906250e+02
1.125509948730468750e+02
1.120718231201171875e+02
1.115920867919921875e+02
1.111119308471679688e+02
1.106314849853515625e+02
1.101508865356445312e+02
1.096702880859375000e+02
1.091898269653320312e+02
1.087096481323242188e+02
1.082298736572265625e+02
1.077506561279296875e+02
1.072721405029296875e+02
1.067944564819335938e+02
1.063177490234375000e+02
1.058421630859375000e+02
1.053678359985351562e+02
1.048949050903320312e+02
1.044235076904296875e+02
1.039537887573242188e+02
1.034858932495117188e+02
1.030199584960937500e+02
1.025561218261718750e+02
1.020945205688476562e+02
1.016353073120117188e+02
1.011786041259765625e+02
1.007245712280273438e+02
1.002733383178710938e+02
9.982504272460937500e+01
9.937982940673828125e+01
9.893784332275390625e+01
9.849921417236328125e+01
9.806409454345703125e+01
9.763260650634765625e+01
9.720490264892578125e+01
9.678113555908203125e+01
9.636141967773437500e+01
9.594592285156250000e+01
9.553475952148437500e+01
9.512808227539062500e+01
9.472602844238281250e+01
9.432874298095703125e+01
9.393636322021484375e+01
9.354903411865234375e+01
9.316688537597656250e+01
9.279007720947265625e+01
9.241872406005859375e+01
9.205297851562500000e+01
9.169298553466796875e+01
9.133887481689453125e+01
9.099079132080078125e+01
9.064888000488281250e+01
9.031324005126953125e+01
8.998377990722656250e+01
8.966036987304687500e+01
8.934289550781250000e+01
8.903122711181640625e+01
8.872523498535156250e+01
8.842479705810546875e+01
8.812978363037109375e+01
8.784007263183593750e+01
8.755552673339843750e+01
8.727603912353515625e+01
8.700146484375000000e+01
8.673168945312500000e+01
8.646658325195312500e+01
8.620602416992187500e+01
8.594987487792968750e+01
8.569800567626953125e+01
8.545031738281250000e+01
8.520665740966796875e+01
8.496691894531250000e+01
8.473095703125000000e+01
8.449865722656250000e+01
8.426989746093750000e+01
8.404453277587890625e+01
8.382245635986328125e+01
8.360353088378906250e+01
8.338763427734375000e+01
8.317464447021484375e+01
8.296443176269531250e+01
8.275685882568359375e+01
8.255181884765625000e+01
8.234917449951171875e+01
8.214879608154296875e+01
8.195056915283203125e+01
8.175435638427734375e+01
8.156004333496093750e+01
8.136749267578125000e+01
8.117657470703125000e+01
8.098718261718750000e+01
8.079917907714843750e+01
8.061243438720703125e+01
8.042681884765625000e+01
8.024221801757812500e+01
8.005849456787109375e+01
7.987553405761718750e+01
7.969320678710937500e+01
7.951138305664062500e+01
7.932993316650390625e+01
7.914874267578125000e+01
7.896767425537109375e+01
