# bin_4_1
1.371635164659447328e-04
1.371632636716674952e-04
1.371594354368330538e-04
1.371590163121165127e-04
1.371549407590889381e-04
1.371543244649635590e-04
1.371499963372081418e-04
1.371491523179059122e-04
1.371445628811447030e-04
1.371434605590975304e-04
1.371385977665837640e-04
1.371372062697388773e-04
1.371320549016811976e-04
1.371303428226142195e-04
1.371248846065605529e-04
1.371228197922925822e-04
1.371170335115641514e-04
1.371145828854480810e-04
1.371084444822335874e-04
1.371055738992436347e-04
1.370990565799591523e-04
1.370957307182320447e-04
1.370888050680287072e-04
1.370849873601283537e-04
1.370776214745148241e-04
1.370732740829273409e-04
1.370654337241051233e-04
1.370605175654473606e-04
1.370521663513942228e-04
1.370466411755002687e-04
1.370377408095179057e-04
1.370315653379527445e-04
1.370220758860610157e-04
1.370152080158176940e-04
1.370050882381715644e-04
1.369974853136986552e-04
1.369866930548865847e-04
1.369783122109409946e-04
1.369668048504458688e-04
1.369576034239552498e-04
1.369453383851338215e-04
1.369352743905998709e-04
1.369222096997038782e-04
1.369112423551834250e-04
1.368973372354530510e-04
1.368854275186368670e-04
1.368706429935413413e-04
1.368577541955886255e-04
1.368420536640343728e-04
1.368281518958155854e-04
1.368115016261019321e-04
1.367965562151416629e-04
1.367789256883621964e-04
1.367629093870711694e-04
1.367442714009120021e-04
1.367271603072811560e-04
1.367074907331865534e-04
1.366892638075563446e-04
1.366685408766473168e-04
1.366491789233472201e-04
1.366273819066391576e-04
1.366068658837392479e-04
1.365839730312161913e-04
1.365622815591136278e-04
1.365382671806160506e-04
1.365153731496930600e-04
1.364902037629263886e-04
1.364660699992551623e-04
1.364396995479316254e-04
1.364142735939340872e-04
1.363866378583608618e-04
1.363598460679498717e-04
1.363308565574249955e-04
1.363025978960183231e-04
1.362721357245848632e-04
1.362422758945145784e-04
1.362101863852280509e-04
1.361785531457825786e-04
1.361446421501106088e-04
1.361110229222022071e-04
1.360750560244123914e-04
1.360391989930888421e-04
1.360009048069539962e-04
1.359625246594346011e-04
1.359216032062884958e-04
1.358803922508746375e-04
1.358365288121009793e-04
1.357921733995625616e-04
1.357450571689581480e-04
1.356972580224149018e-04
1.356466033350342310e-04
1.355950966519826602e-04
1.355406626995516676e-04
1.354852370035393200e-04
1.354268401851593882e-04
1.353673424545166011e-04
1.353048545981914118e-04
1.352411790781213926e-04
1.351745057096341389e-04
1.351065610794964934e-04
1.350355977245639740e-04
1.349632537758383311e-04
1.348878254292167425e-04
1.348108490140038950e-04
1.347306475077548582e-04
1.346486473467379435e-04
1.345631903242546531e-04
1.344755969955500300e-04
1.343842350752266518e-04
1.342903398385692762e-04
1.341923288116584755e-04
1.340913870648583828e-04
1.339860158204485491e-04
1.338773876452296831e-04
1.337641147388365166e-04
1.336473773890098566e-04
1.335258981341175938e-04
1.334008485398314070e-04
1.332710199513731462e-04
1.331375196582470664e-04
1.329991371148985012e-04
1.328568484685186595e-04
1.327093842584669572e-04
1.325575643225485414e-04
1.324000710569945367e-04
1.322376272280677712e-04
1.320689629404266118e-04
1.318948273374603354e-04
1.317141157198889728e-04
1.315276894614611925e-04
1.313346263119509916e-04
1.311358373333424440e-04
1.309304384324218187e-04
1.307192025108387798e-04
1.305011021934635333e-04
1.302766698416587545e-04
1.300447596735928343e-04
1.298058371874929496e-04
1.295589141477152028e-04
1.293046768070361767e-04
1.290424649896845897e-04
1.287731456556720348e-04
1.284961137919168590e-04
1.282120141089138510e-04
1.279199510315488612e-04
1.276202674540968752e-04
1.273120560102458697e-04
1.269958979697299861e-04
1.266713804734934167e-04
1.263394641052158446e-04
1.259998462240100926e-04
1.256531519712012054e-04
1.252986249956200690e-04
1.249366165281880648e-04
1.245666559099334900e-04
1.241897224733699476e-04
1.238059176381836450e-04
1.234161628872017182e-04
1.230199888055024933e-04
1.226177505646305703e-04
1.222091602512808816e-04
1.217953737636136958e-04
1.213767786904085521e-04
1.209542388926950081e-04
1.205272745698415874e-04
1.200963937664233138e-04
1.196619157938987954e-04
1.192252413673096004e-04
1.187864242501140001e-04
1.183457120456655321e-04
1.179029497202380914e-04
1.174594679306886373e-04
1.170156794402781183e-04
1.165717753305320418e-04
1.161272822491116641e-04
1.156833197001748995e-04
1.152402401593395463e-04
1.147979060715156733e-04
1.143557552069351404e-04
1.139148375263457011e-04
1.134749312986848896e-04
1.130354055771076423e-04
1.125961553673407147e-04
1.121578358229452423e-04
1.117191557038083727e-04
1.112800312763032891e-04
1.108407020404712372e-04
1.104002919853282769e-04
1.099582566200594104e-04
1.095152436540159469e-04
1.090698856479631519e-04
1.086225893668558604e-04
1.081733373577659318e-04
1.077213827504033871e-04
1.072676042970834302e-04
1.068114539868479700e-04
1.063533607852324082e-04
1.058937628228952342e-04
1.054324043431328586e-04
1.049703547695310602e-04
1.045070522374001905e-04
1.040436118315321405e-04
1.035794108778877897e-04
1.031152736678703523e-04
1.026505351467251799e-04
1.021856397129645787e-04
1.017198479455494079e-04
1.012532964998381376e-04
1.007852178575939489e-04
1.003156187163653772e-04
9.984384333488021388e-05
9.936998622202749556e-05
9.889366027880270595e-05
9.841520227923603037e-05
9.793454783931038947e-05
9.745226177329523469e-05
9.696847016538324017e-05
9.648375802293556293e-05
9.599816357781594989e-05
9.551201272347154426e-05
9.502502012147819282e-05
9.453713418402212218e-05
9.404777846395940763e-05
9.355672913559700263e-05
9.306345863277658607e-05
9.256797743538261491e-05
9.207016653404609277e-05
9.157047429593727480e-05
9.106914844561531574e-05
9.056677283158370839e-05
9.006346444213719608e-05
8.955940564541882659e-05
8.905419897464621258e-05
8.854756675023774158e-05
8.803892571723545145e-05
8.752816334650702183e-05
8.701518689957278313e-05
8.650046869766968023e-05
8.598433361436487508e-05
8.546725692074425517e-05
8.494914370210806349e-05
8.442982113511781489e-05
8.390870809880890087e-05
8.338560245754199937e-05
8.286041068499163222e-05
8.233361312343198853e-05
8.180553021561236217e-05
8.127645164952055723e-05
8.074604050468883883e-05
8.021397250808130709e-05
7.967988656448497299e-05
7.914406050328438923e-05
7.860682863208978276e-05
7.806855784360994038e-05
7.752895223447862634e-05
7.698767054943218293e-05
7.644444660127450500e-05
7.589971041016328561e-05
7.535380870844536562e-05
7.480681651259488379e-05
7.425817760384148417e-05
7.370773232866375223e-05
7.315574769607046312e-05
7.260277257589615476e-05
7.204857535522456245e-05
7.149274512726583688e-05
7.093521061054331226e-05
7.037658423951141629e-05
6.981687430248985945e-05
6.925568378486592817e-05
6.869287867375848083e-05
6.812906668795627523e-05
6.756417286923089855e-05
6.699780654782969938e-05
6.643008697655322398e-05
6.586153460644800326e-05
6.529170085587308826e-05
6.472051142713220134e-05
6.414844206925649579e-05
6.357539885880319076e-05
6.300094989779669147e-05
6.242574708685709917e-05
6.184962423948162232e-05
6.127233336324777865e-05
6.069431360694513939e-05
6.011542624468603436e-05
5.953554120761166319e-05
5.895516480534738877e-05
5.837377062003743948e-05
5.779184425742302803e-05
5.720923312818990998e-05
5.662603244626698287e-05
5.604227767547110704e-05
5.545801517842348995e-05
5.487338722345450813e-05
5.428828655795042962e-05
5.370300549131526517e-05
5.311728266071504473e-05
5.253154747040755215e-05
5.194559178815963922e-05
5.135957353929016488e-05
5.077360086183269777e-05
5.018766411789044756e-05
4.960189059309577262e-05
4.901639463060146441e-05
4.843109865328555728e-05
4.784628704181438527e-05
4.726189723845281970e-05
4.667803466275505014e-05
4.609487078701180910e-05
4.551236850914226918e-05
4.493071173972456922e-05
4.434997253630868598e-05
4.377016311686565269e-05
4.319152444851982276e-05
4.261405015971512209e-05
4.203786623641396302e-05
4.146313275060778755e-05
4.088985560609073220e-05
4.031822954989856220e-05
3.974833590741817948e-05
3.918023414104861184e-05
3.861414238526040171e-05
3.805009266728867466e-05
3.748821495735930333e-05
3.692866224072626256e-05
3.637149906194025285e-05
3.581691665694774552e-05
3.526499326598314768e-05
3.471582421136139464e-05
3.416959661082325585e-05
3.362637148421681411e-05
3.308629067342468946e-05
3.254949614647761056e-05
3.201606519498692100e-05
3.148617255175802782e-05
3.095990434831219848e-05
3.043735938588837885e-05
2.991869712951783996e-05
2.940399014743623295e-05
2.889335682732154512e-05
2.838691301669307777e-05
2.788473054558456303e-05
2.738695750064919072e-05
2.689366974687812313e-05
2.640496337645042475e-05
2.592096681685964992e-05
2.544175193013401839e-05
2.496741215099553587e-05
2.449804174903905886e-05
2.403371185265376647e-05
2.357454171398198583e-05
2.312059129506405819e-05
2.267194450657746219e-05
2.222868928790218166e-05
2.179087299467656513e-05
2.135857903367908877e-05
2.093188424964420604e-05
2.051082874692272982e-05
2.009548542916047770e-05
1.968588644025813308e-05
1.928207996019047627e-05
1.888412067339754146e-05
1.849204928309861358e-05
1.810590654379132895e-05
1.772572982159985607e-05
1.735152821350469481e-05
1.698333454616059347e-05
1.662115657198649809e-05
1.626501847934064778e-05
1.591492469016887070e-05
1.557087182046642052e-05
1.523286300116016908e-05
1.490090228256455037e-05
1.457497036262881107e-05
1.425506669191345440e-05
1.394117282236245505e-05
1.363326955295193974e-05
1.333132277136077618e-05
1.303530313088988908e-05
1.274516807009029114e-05
1.246087905862934934e-05
1.218239582988320850e-05
1.190967835050201367e-05
1.164266902256334976e-05
1.138132226053182282e-05
1.112557594007643055e-05
1.087536810182466143e-05
1.063063306273477503e-05
1.039131386155407742e-05
1.015734140818974851e-05
9.928646883764013587e-06
9.705141808496183943e-06
9.486753448824461284e-06
9.273400408324976698e-06
9.065005641962104124e-06
8.861487608336380216e-06
8.662769485317023724e-06
8.468761410657013505e-06
8.279374890151706200e-06
8.094525057257443711e-06
7.914124257450814195e-06
7.738080001295857021e-06
7.566299353677882551e-06
7.398692184849818429e-06
7.235176973184343166e-06
7.075662948957739020e-06
6.920055319228012218e-06
6.768260667239349279e-06
6.620190435758313743e-06
6.475750277856046914e-06
6.334854553439553245e-06
6.197414078694295736e-06
6.063347321386494421e-06
5.932560993910064078e-06
5.804966569769646821e-06
5.680478206696493175e-06
5.559016293911189946e-06
5.440494435222627445e-06
5.324835343186427103e-06
5.211952164267719099e-06
5.101763455907717039e-06
4.994193182283166943e-06
4.889170878181825099e-06
4.786617587693223197e-06
4.686460709474826794e-06
4.588622423343355094e-06
4.493038240356924251e-06
4.399641310751140680e-06
4.308361141732493424e-06
4.219129442276001288e-06
4.131888107480760169e-06
4.046575783376801195e-06
3.963130270770132645e-06
3.881489340238685307e-06
3.801599579228130122e-06
3.723408299926287634e-06
3.646858569005957742e-06
3.571899665989337875e-06
3.498487591240861050e-06
3.426568301410636956e-06
3.356097295347990328e-06
3.287027696901825100e-06
3.219313241675864421e-06
3.152917275185086447e-06
3.087802703044410427e-06
3.023926986615985889e-06
2.961256333813203107e-06
2.899752332405846994e-06
2.839381990261782280e-06
2.780110506843192566e-06
2.721903280842622210e-06
2.664739503539617077e-06
2.608587683610400529e-06
2.553418366805013660e-06
2.499210199369162347e-06
2.445931372477544509e-06
2.393567161662345920e-06
2.342084325198108074e-06
2.291460060697294422e-06
2.241687950455663683e-06
2.192741667536049292e-06
2.144602197721077033e-06
2.097253907972238394e-06
2.050669749311002514e-06
2.004852826415999311e-06
1.959776283691258830e-06
1.915418277352874381e-06
1.871784764407016926e-06
1.828851090342146682e-06
1.786609799062400117e-06
1.745049542199197114e-06
1.704146836009264192e-06
1.663918173508409533e-06
1.624334600244151104e-06
1.585378992830346950e-06
1.547068409173914758e-06
1.509376122909239571e-06
1.472305205631921946e-06
1.435844663593729861e-06
1.399969769516112068e-06
1.364710829507797137e-06
1.330035979275031746e-06
1.295932255961747849e-06
1.262424056696670828e-06
1.229477446802375645e-06
1.197107054975410860e-06
1.165300812784499754e-06
1.134031284496414720e-06
1.103340518728486138e-06
1.073191526386986398e-06
1.043576799748597409e-06
1.014521970933765793e-06
9.859880285226453185e-07
9.579987704558354001e-07
9.305390353642898785e-07
9.035790108984652153e-07
8.771685587919249003e-07
8.512657957710021234e-07
8.258695001377600710e-07
8.010023278077993438e-07
7.766237424182329438e-07
7.527647574465756450e-07
7.294071459498891485e-07
7.065199858551437127e-07
6.841576720907786705e-07
6.622729493821857300e-07
6.408716488544236703e-07
6.199698707349645231e-07
5.995256154383299128e-07
5.795746940297489900e-07
5.600924451271478608e-07
5.410470451861411731e-07
5.224891551470455755e-07
5.043658936399854184e-07
4.866844830614286002e-07
4.694506683534194675e-07
4.526196058864940771e-07
4.362284000149826385e-07
4.202458176243543790e-07
4.046427321030559705e-07
3.894655480600610976e-07
3.746620763479187909e-07
3.602468214665243289e-07
3.462226468271886088e-07
3.325538183371814521e-07
3.192867439350556447e-07
3.063975258654017692e-07
2.938751685922859653e-07
2.817736217087700858e-07
2.700567153005971361e-07
2.587520691380799216e-07
2.478603459703658989e-07
2.373468198323629384e-07
2.272462682790907534e-07
2.175185625283667413e-07
2.081407099793991704e-07
1.991383005489709428e-07
1.904603952547037631e-07
1.821188403263251535e-07
1.740967673031433797e-07
1.663535967241056220e-07
1.589107086603327630e-07
1.517211408430797824e-07
1.447618186974232758e-07
1.380441259000910831e-07
1.315219130078382908e-07
1.252114224541787925e-07
1.191040423165832086e-07
1.131752627590591956e-07
1.074531859942367241e-07
1.019099446035899204e-07
9.654607680526482038e-08
9.138343245072215000e-08
8.639887075077322124e-08
8.161163912600668974e-08
7.701144693244039478e-08
7.257740095132088493e-08
6.833135813019525704e-08
6.425336567882767576e-08
6.034670695806885179e-08
5.661542475273190622e-08
5.303615616129669500e-08
4.962132873274716261e-08
4.636790490193139376e-08
4.326471650843239952e-08
4.032168639625064966e-08
3.751811902721814684e-08
3.485694477858779588e-08
3.234003057774107618e-08
2.995027505648916177e-08
2.769065617671731010e-08
2.555586694033881213e-08
2.354081892932017021e-08
2.164932031797883549e-08
1.986617430791126290e-08
1.819253510252089766e-08
1.662555101493813269e-08
1.515166502356129812e-08
1.377142266561699751e-08
1.248184315721388116e-08
1.127798849625733011e-08
1.015915481154877962e-08
9.118660928959258962e-09
8.153117137403894211e-09
7.255264871730930035e-09
6.422303108928663009e-09
5.652421854181515020e-09
4.943128977324598538e-09
4.293071453253737677e-09
3.694307751450607141e-09
3.143914490644725350e-09
2.638342210202576048e-09
2.177612979010946272e-09
1.761690006656037781e-09
1.382896413034478147e-09
1.038517512926017331e-09
7.261947415643143157e-10
4.463377931780917201e-10
1.970436549852685034e-10
-2.557180499007149995e-11
-2.273945108456345550e-10
-4.042114275086715857e-10
-5.595305033360178434e-10
-6.941813601034434178e-10
-8.134155328424330992e-10
-9.169625995185982617e-10
-1.002368397650509720e-09
-1.075189214185982937e-09
-1.137717015151674852e-09
-1.186792389855899647e-09
-1.225682606885618150e-09
-1.256309264770453979e-09
-1.278084891709004842e-09
-1.292531798421491069e-09
-1.299548722847039460e-09
-1.301952011396997312e-09
-1.298388812684764164e-09
-1.288839128766212263e-09
-1.277880112261944627e-09
-1.261126955660683371e-09
-1.241376851346445658e-09
-1.219960872878046048e-09
-1.194304793449027934e-09
-1.168612277276910446e-09
-1.140594075294583567e-09
-1.111064135603712189e-09
-1.080701203758529795e-09
-1.048934120192182145e-09
-1.017600944148421957e-09
-9.844860093222919467e-10
-9.522236757425697333e-10
-9.201314584463539041e-10
-8.879092286240169701e-10
-8.560961041373625904e-10
-8.244786879815415659e-10
-7.926932994410884292e-10
-7.612370944590606207e-10
-7.311021987795611460e-10
-7.009458864671095740e-10
-6.716999940005685841e-10
-6.436807293088630317e-10
-6.150077551804406173e-10
-5.885076828202294632e-10
-5.613756638147195647e-10
-5.349788233322756566e-10
-5.108821790103346349e-10
-4.864719962411552180e-10
-4.634238713451377044e-10
-4.412435030928791793e-10
-4.198172673630855111e-10
-3.993773038632031605e-10
-3.790646974676958780e-10
-3.600318047178145957e-10
-3.420473501113777557e-10
-3.253862980139566266e-10
-3.082754204405848414e-10
-2.918033952932977643e-10
-2.773794552692644840e-10
-2.625604732266908413e-10
-2.491270385617331901e-10
-2.360181392922916314e-10
-2.232672868023875980e-10
-2.128763483983141199e-10
-2.013825763053226207e-10
-1.905180074301527093e-10
-1.806434030752406482e-10
-1.697764192989493434e-10
-1.609666351917335290e-10
-1.519658986505275754e-10
-1.428969917766411376e-10
-1.359361196879645257e-10
-1.278747010642457350e-10
-1.202226309331411879e-10
-1.133499457347280205e-10
-1.062543495376305286e-10
-1.004234015175747475e-10
-9.438365097882806240e-11
-8.879809538531724567e-11
-8.444892075022714713e-11
-7.909370094318865946e-11
-7.453784437312544948e-11
-7.018576586483778706e-11
-6.577373709634184376e-11
-6.242197069858499733e-11
-5.865039184854342937e-11
-5.495844064710934606e-11
-5.212696455267217391e-11
-4.885134840718057489e-11
-4.663196073866194599e-11
-4.437443279174004337e-11
-4.164245668050620686e-11
-3.950088166139237987e-11
-3.704643063260826597e-11
-3.463333900467421928e-11
-3.275526427961226778e-11
-3.008070701131360981e-11
-2.803476473836673048e-11
-2.649819006873199554e-11
-2.500814203061448403e-11
-2.416410418233339434e-11
-2.296763396787294825e-11
-2.204196706970601294e-11
-2.136809373439960248e-11
-1.960515409055015769e-11
-1.842767404613837627e-11
-1.719559442227724289e-11
-1.576142476750403924e-11
-1.528953588377219298e-11
-1.443485300448268455e-11
-1.355663947315305996e-11
-1.326125292452429030e-11
-1.244692311459361858e-11
-1.206876927673925676e-11
-1.169151622067007067e-11
-1.106906195378845328e-11
-1.069938313561343588e-11
-9.557733432994865275e-12
-8.619606100766888954e-12
-8.504752023933013390e-12
-8.268264604024258702e-12
-8.524652907374592325e-12
-8.272840038735553520e-12
-7.417388475470217534e-12
-7.132275415066814299e-12
-6.521983781010515062e-12
-6.352863510726576528e-12
-6.453884690075911353e-12
-6.039823375732186448e-12
-6.138196887124471369e-12
-5.896180605473453273e-12
-5.253877217863371067e-12
-5.069598891242111666e-12
-4.917118321895515831e-12
-5.261034912970081591e-12
-5.289544872708708980e-12
-4.537749350511481310e-12
-4.358902958629959197e-12
-4.348571257690732579e-12
-4.275681311886119463e-12
-4.467755031220264006e-12
-4.146733204813218048e-12
-3.795540856935146361e-12
-3.793389576355178734e-12
-3.939461797310639622e-12
-3.861849364970924385e-12
-3.430030666166311716e-12
-3.406706198582963232e-12
-3.676245778783754945e-12
-3.484027369553858748e-12
-3.249076493465593173e-12
-3.160728560963190895e-12
-3.333140697498199985e-12
-3.246974092472489809e-12
-2.974790295360097831e-12
-3.034193599342853549e-12
-3.082674858100408692e-12
-2.809460648667891053e-12
-2.830183821550872274e-12
-2.925153888382259344e-12
-2.618398349784051826e-12
-2.690330186140192637e-12
-2.707053972621952406e-12
-2.518646480846147004e-12
-2.562817008450873425e-12
-2.494782311433523589e-12
-2.383864393661396571e-12
-2.443149902164815358e-12
-2.255311804425108749e-12
-2.274773898246236383e-12
-2.211752382527921449e-12
-2.104570798797406461e-12
-2.115497908075858855e-12
-2.006898865416467598e-12
-2.002524701895121796e-12
-1.903239687331071077e-12
-1.859681122647889160e-12
-1.796788352205135798e-12
-1.720763783188740904e-12
-1.654339622189093646e-12
-1.616622810724951629e-12
-1.533307588367145470e-12
-1.498523061590210289e-12
-1.414596550653548292e-12
-1.340991651278627223e-12
-1.277715356065884739e-12
-1.205272539626633315e-12
-1.146416440632919751e-12
-1.092368413846354801e-12
-1.014640011589294556e-12
-9.454696975371384266e-13
-8.720250469728949266e-13
-8.045947067461287327e-13
-7.555039603612417549e-13
-6.867989364569122768e-13
-6.175329401018992163e-13
-5.551427850194932377e-13
-4.941644123958345241e-13
-4.469678817072682109e-13
-3.862016005887198254e-13
-3.228096517703547416e-13
-2.767327109584156163e-13
-2.315928908070979536e-13
-1.867040373290009671e-13
-1.398966191465741667e-13
-9.878606804058808225e-14
-7.237299053558885996e-14
-4.054570074431841628e-14
-9.529621293649983864e-15
1.006010091025719168e-14
2.753407263656061622e-14
4.405272255210410305e-14
5.597500563742173274e-14
6.007698252202212363e-14
6.116121856463704722e-14
6.508259479156402114e-14
5.775449736973565873e-14
4.816190416082908448e-14
4.393002444048213665e-14
3.051982281381528878e-14
1.784724035756536937e-14
7.265156675882923607e-15
-1.011395498797273326e-14
-2.075059950829907791e-14
-3.447993655841486346e-14
-4.612928783590231271e-14
-5.342462627979978830e-14
-6.151898385249413611e-14
-6.564949840940212884e-14
-6.788818189255623661e-14
-6.678307352057221690e-14
-6.334486912686617466e-14
-5.677461518745948099e-14
-4.908087448193673982e-14
-3.979183324544813667e-14
-2.931586914660868281e-14
-1.867049730142121463e-14
-8.116128201690674795e-15
9.674655816858445926e-16
8.292400351357655202e-15
1.392532020978960173e-14
1.703099263110128197e-14
1.742267920814603042e-14
1.551004716588558647e-14
1.178173335951695999e-14
6.833198084273567410e-15
6.070215914679387605e-16
-5.372310998863979298e-15
-1.038678672176055601e-14
-1.394827410009473884e-14
-1.610307071332847853e-14
-1.560024135290489529e-14
-1.314202304414873305e-14
-9.445532278436658983e-15
-4.632233888935364391e-15
6.385165015023483293e-16
4.781133457203932040e-15
7.726177178451924534e-15
8.872428953066280922e-15
7.940199610278170495e-15
5.401928298061052578e-15
2.017386310550322486e-15
-1.608720401076781493e-15
-4.186904772972497492e-15
-5.302316953333261843e-15
-4.506834931503589207e-15
-2.301629335978812312e-15
8.203279626617493535e-16
3.666927574131501468e-15
5.475349895688017795e-15
5.738756217237088913e-15
4.447317080982413044e-15
2.213273314873252106e-15
-2.546088115375380205e-17
-1.359734643716978145e-15
-1.153977143501761043e-15
3.734891877289182928e-16
2.538563738334521845e-15
4.220242992366830787e-15
4.560484385933410498e-15
3.482319461493185751e-15
1.731434391973687399e-15
3.969181638976154825e-16
3.867582691601728755e-16
1.514250856361265425e-15
3.036452283369416078e-15
3.870009944032984283e-15
3.483780227653554870e-15
2.210831610332536603e-15
1.184289634192678397e-15
1.266315605849344880e-15
2.423477226231740626e-15
3.406634483818200655e-15
3.351451461105600580e-15
2.389093584395667151e-15
1.640794406755703602e-15
1.882362092071190694e-15
2.818144784533044044e-15
3.284647691476399982e-15
2.764019114420093811e-15
1.956101018427309335e-15
2.083651601062125827e-15
2.845732162768375412e-15
3.098678497146684158e-15
2.519418429277089160e-15
2.106369877888624802e-15
2.515483661994894074e-15
3.038729109585815424e-15
2.679634164882275683e-15
2.242960539030302166e-15
2.556522052844716046e-15
2.946842011272836941e-15
2.606207925867494343e-15
2.347857902706217546e-15
2.734626811018006665e-15
2.837406014411557115e-15
2.435234138243106555e-15
2.589553566648133752e-15
2.838768858479911959e-15
2.550115166724537299e-15
2.551025387047189504e-15
2.820278713595657176e-15
2.561372157027095294e-15
2.610288295211572467e-15
2.771295241604662945e-15
2.560618714857315591e-15
2.678513210580885248e-15
2.714749586434776528e-15
2.566466117738400450e-15
2.755826664060943394e-15
2.597455170092941116e-15
2.694427660738538591e-15
2.667230354832208191e-15
2.643213117700626696e-15
2.701650022978248133e-15
2.630589896419943352e-15
2.704607662812084033e-15
2.637989447433936250e-15
2.696817214519857855e-15
2.648929225718750473e-15
2.689090185972428882e-15
2.657562271200745421e-15
2.683950456580042319e-15
2.663377931152218008e-15
2.680986808345494796e-15
2.667188614252971315e-15
2.679380494423279249e-15
2.669753874599374758e-15
2.678541116336141177e-15
2.671561146444768534e-15
2.678122620142591087e-15
2.672893374900361460e-15
2.677934549745003158e-15
2.673913081837554779e-15
2.677872945498627272e-15
2.674716397587845639e-15
2.677880263483758056e-15
2.675362866394362953e-15
2.677924004202583509e-15
2.675891271501786799e-15
2.677985485815566983e-15
2.676328105808179114e-15
2.678053859706002482e-15
2.676692240966338541e-15
2.678122833680400284e-15
2.676997602388914926e-15
2.678188822398467739e-15
2.677254766904262694e-15
2.678249872190230995e-15
2.677471957176476450e-15
2.678305019515041486e-15
2.677655685340099824e-15
2.678353899651302885e-15
2.677811184963967008e-15
2.678396503892929305e-15
2.677942710592811803e-15
2.678433027045330025e-15
2.678053751672883597e-15
2.678463770971622872e-15
2.678147189274989946e-15
2.678489083502258461e-15
2.678225413570133771e-15
2.678509319989601962e-15
2.678290413555780183e-15
2.678524819417465573e-15
2.678343846767810615e-15
2.678535889984537819e-15
2.678387094143002667e-15
2.678542800762016978e-15
2.678421303729820353e-15
2.678545777288918650e-15
2.678447425797240223e-15
2.678544999607868902e-15
2.678466241257109611e-15
2.678540601819129642e-15
2.678478384767366482e-15
2.678532672469331921e-15
2.678484363586474157e-15
2.678521255363505288e-15
2.678484572948833116e-15
2.678506350512397579e-15
2.678479308634132915e-15
2.678487915023718922e-15
2.678468777127098093e-15
2.678465863819619412e-15
2.678453103856786130e-15
2.678440070091876441e-15
2.678432339719046786e-15
2.678410365470438783e-15
2.678406466223663204e-15
2.678376539850300805e-15
2.678375399383791548e-15
2.678338340898104686e-15
2.678338992579544233e-15
2.678295473219954873e-15
2.678297038493455428e-15
2.678247597195405149e-15
2.678249270263894698e-15
2.678194327514491226e-15
2.678195361927477552e-15
2.678135231404589955e-15
2.678134928276919419e-15
2.678069826600880973e-15
2.678067524182001927e-15
