# bin_3_2
2.205683295413741487e-04
2.205622825409646846e-04
2.205567615673942241e-04
2.205503621618862763e-04
2.205440708060984328e-04
2.205372453150408567e-04
2.205301561684716593e-04
2.205228294309001969e-04
2.205149083136132579e-04
2.205070032168686064e-04
2.204982092872046341e-04
2.204896463465418359e-04
2.204799321968793006e-04
2.204706291892755317e-04
2.204599409416879805e-04
2.204498126005944279e-04
2.204380900166365525e-04
2.204270477949114295e-04
2.204142244157430628e-04
2.204021763282729954e-04
2.203881796613602431e-04
2.203750302190983859e-04
2.203597819910524467e-04
2.203454322422115246e-04
2.203288487366505900e-04
2.203131964316850755e-04
2.202951889345492571e-04
2.202781288330138583e-04
2.202586042064978537e-04
2.202400285457349681e-04
2.202188899535018139e-04
2.201986890983259084e-04
2.201758369030606044e-04
2.201539001941209099e-04
2.201292330459887086e-04
2.201054498615849758e-04
2.200788659908647547e-04
2.200531270302288672e-04
2.200245257501928721e-04
2.199967245372435145e-04
2.199660079504200678e-04
2.199360425424195143e-04
2.199031174275075219e-04
2.198708922940551794e-04
2.198356721275591876e-04
2.198011001390404705e-04
2.197635071763674351e-04
2.197265116083239054e-04
2.196864789118488143e-04
2.196469953304720042e-04
2.196044685878257479e-04
2.195624464340929500e-04
2.195173853574815129e-04
2.194727889925546553e-04
2.194251680348131763e-04
2.193779769526417065e-04
2.193277850176385767e-04
2.192779928763542751e-04
2.192252316528030894e-04
2.191728437333746520e-04
2.191175242475696544e-04
2.190625529306291640e-04
2.190046899150698901e-04
2.189471477907954872e-04
2.188867515184748154e-04
2.188266418329222137e-04
2.187637071977871126e-04
2.187010115183868494e-04
2.186355043759434459e-04
2.185701676534243087e-04
2.185020087975946001e-04
2.184339224342441690e-04
2.183629700906111878e-04
2.182919542002140830e-04
2.182179865575098812e-04
2.181437732987180980e-04
2.180664733351436995e-04
2.179886939494418154e-04
2.179076395403099916e-04
2.178258183928870643e-04
2.177404812370416025e-04
2.176540405281886747e-04
2.175637975425995523e-04
2.174720761274583352e-04
2.173762362961586115e-04
2.172785248610627630e-04
2.171763727213494124e-04
2.170719650731634421e-04
2.169628187913823659e-04
2.168510750374237855e-04
2.167343523450272074e-04
2.166147644743029901e-04
2.164900440926563203e-04
2.163622887695540041e-04
2.162293496322994233e-04
2.160933086366943192e-04
2.159521264638854742e-04
2.158078548519377882e-04
2.156585384839873002e-04
2.155061674022007911e-04
2.153488288234782998e-04
2.151884064886136841e-04
2.150229800790887027e-04
2.148542804426813657e-04
2.146803359978366205e-04
2.145026943033401495e-04
2.143193154589609069e-04
2.141315702067386783e-04
2.139373785454459472e-04
2.137379912519371712e-04
2.135313668550989916e-04
2.133187369378831597e-04
2.130982070258880489e-04
2.128710983126168928e-04
2.126357513988885034e-04
2.123936330983654101e-04
2.121433223176893079e-04
2.118863766746850112e-04
2.116214925701303531e-04
2.113501454260810768e-04
2.110709397981102610e-04
2.107850618131896668e-04
2.104908558673442801e-04
2.101891378423086695e-04
2.098780282527795769e-04
2.095581468958020697e-04
2.092276833199284533e-04
2.088874291733402251e-04
2.085360004920484291e-04
2.081746144192258001e-04
2.078023668468704133e-04
2.074207047395201483e-04
2.070287679104346461e-04
2.066276582394764875e-04
2.062160106899206611e-04
2.057942654668068504e-04
2.053606272589120197e-04
2.049153923181406872e-04
2.044571677546480474e-04
2.039869669366924662e-04
2.035043115146568926e-04
2.030108007567315079e-04
2.025060407220071487e-04
2.019909873642925218e-04
2.014642805228480276e-04
2.009259818282904816e-04
2.003746025769141638e-04
1.998109326439052467e-04
1.992348789011983313e-04
1.986483729118053573e-04
1.980515464891793539e-04
1.974452985460013743e-04
1.968282731115501599e-04
1.962005118564918689e-04
1.955614012442845361e-04
1.949128431931982806e-04
1.942558259495473115e-04
1.935920268165511489e-04
1.929205748128844003e-04
1.922413794581144845e-04
1.915539866955252662e-04
1.908606710217625407e-04
1.901628918079111962e-04
1.894619843624493073e-04
1.887566634407034365e-04
1.880471422896456393e-04
1.873344480678700984e-04
1.866214630734395260e-04
1.859083271223964547e-04
1.851944263537469199e-04
1.844792162238077457e-04
1.837653819632515686e-04
1.830540788742485896e-04
1.823446034897977137e-04
1.816354557928560724e-04
1.809288412210749084e-04
1.802258259044045216e-04
1.795249528183380343e-04
1.788246319450504144e-04
1.781271760130726715e-04
1.774321685097282977e-04
1.767370394475288738e-04
1.760418898599774970e-04
1.753482502086659359e-04
1.746527951137600643e-04
1.739550151403130185e-04
1.732563519212554251e-04
1.725540520859603836e-04
1.718472699532566444e-04
1.711379489591157940e-04
1.704227636549530641e-04
1.697029338938777399e-04
1.689791443803204259e-04
1.682490460202007063e-04
1.675158858422931259e-04
1.667777723518185746e-04
1.660363975386827391e-04
1.652926851285187670e-04
1.645460651743972170e-04
1.637992347142168208e-04
1.630505690715265612e-04
1.623028536794490903e-04
1.615542598956493320e-04
1.608067628335079413e-04
1.600585065815093844e-04
1.593104932485230984e-04
1.585608244800978549e-04
1.578097887917262921e-04
1.570555789735445830e-04
1.562982471391588285e-04
1.555363903860613778e-04
1.547703323081626873e-04
1.539993779603941433e-04
1.532244219890383126e-04
1.524455074900938614e-04
1.516639834812020637e-04
1.508802400969494755e-04
1.500955499504267969e-04
1.493099879593317789e-04
1.485241366132046656e-04
1.477372818467082699e-04
1.469491485400157963e-04
1.461584224565507450e-04
1.453645442596940751e-04
1.445664382453059553e-04
1.437641904315727201e-04
1.429577144938438168e-04
1.421480787046281911e-04
1.413359361578094768e-04
1.405225150169565657e-04
1.397080108894564895e-04
1.388926300869977658e-04
1.380753841273937475e-04
1.372555382304915881e-04
1.364318728883694772e-04
1.356042429670761167e-04
1.347726828655845701e-04
1.339383723739071040e-04
1.331021234161859222e-04
1.322648525547821352e-04
1.314261690030325141e-04
1.305854308056065313e-04
1.297412809292589173e-04
1.288933266317575442e-04
1.280416368703954128e-04
1.271874983193249187e-04
1.263317516717150045e-04
1.254748746263982279e-04
1.246158690376203339e-04
1.237537584218195610e-04
1.228877718133060198e-04
1.220187250955623244e-04
1.211476499980799207e-04
1.202753993513139497e-04
1.194011591511661948e-04
1.185238972636608079e-04
1.176429834049193420e-04
1.167595135524043218e-04
1.158744688946731252e-04
1.149879755851387447e-04
1.140986426999688106e-04
1.132060037426489994e-04
1.123107878914864018e-04
1.114143152902274258e-04
1.105160188954283911e-04
1.096148173867950604e-04
1.087106062628402989e-04
1.078048731756341599e-04
1.068976207838284254e-04
1.059877732946878595e-04
1.050750734395728970e-04
1.041610283645352022e-04
1.032454308438245571e-04
1.023272022289365433e-04
1.014067108492395630e-04
1.004852553089917731e-04
9.956168899855066812e-05
9.863571716162281889e-05
9.770858951715784789e-05
9.678006620820865267e-05
9.584905958711786996e-05
9.491711677225455788e-05
9.398384522018852810e-05
9.304856733459726406e-05
9.211241514737363305e-05
9.117498952766905115e-05
9.023592743514122325e-05
8.929646796923379189e-05
8.835534647426551420e-05
8.741367384974378380e-05
8.647107311706229689e-05
8.552771336413133923e-05
8.458375446505279655e-05
8.363918466665827046e-05
8.269438014839468787e-05
8.174902602560519334e-05
8.080382341303827968e-05
7.985815884050465323e-05
7.891292721508209082e-05
7.796768190931805504e-05
7.702282839092494345e-05
7.607847707825984450e-05
7.513470898998411533e-05
7.419171003212473811e-05
7.324972651598355257e-05
7.230867433313990463e-05
7.136902130522277754e-05
7.043070234957217977e-05
6.949394591469151177e-05
6.855903385246886147e-05
6.762599740274450623e-05
6.669512351101975509e-05
6.576658587201449720e-05
6.484045944069093213e-05
6.391713004404712311e-05
6.299664123407032273e-05
6.207924172005380343e-05
6.116520559448708786e-05
6.025460942958785199e-05
5.934776783378738918e-05
5.844486104028490060e-05
5.754601918056190452e-05
5.665157890316079064e-05
5.576166243545794529e-05
5.487649588852207977e-05
5.399632099550764978e-05
5.312128708998815711e-05
5.225168896104427348e-05
5.138768716874382385e-05
5.052944762256991382e-05
4.967724033462271252e-05
4.883121744812847362e-05
4.799160109127005569e-05
4.715860229020527663e-05
4.633236121813074054e-05
4.551312351421684895e-05
4.470103307989795624e-05
4.389625374977484203e-05
4.309900294659950925e-05
4.230940374603297583e-05
4.152763539378947393e-05
4.075386341588062240e-05
3.998819440568091558e-05
3.923082912262656222e-05
3.848188088238926148e-05
3.774149375965300666e-05
3.700982649187951049e-05
3.628697919822435378e-05
3.557307477134737079e-05
3.486823671115172989e-05
3.417255324346668159e-05
3.348616651281464935e-05
3.280914268873410958e-05
3.214158333815841315e-05
3.148357296782473255e-05
3.083516205545621118e-05
3.019642521305249247e-05
2.956743345643935455e-05
2.894821811943934102e-05
2.833884259898847833e-05
2.773932126151347862e-05
2.714968680049962391e-05
2.656995805004295708e-05
2.600014940915748235e-05
2.544026578618514484e-05
2.489031614795702332e-05
2.435026729728305119e-05
2.382011621464483322e-05
2.329982783973494928e-05
2.278938167069707643e-05
2.228873156094459491e-05
2.179783783025130125e-05
2.131665027164204854e-05
2.084511563933372187e-05
2.038314675223086212e-05
1.993068462874756773e-05
1.948765474054061828e-05
1.905398380286853522e-05
1.862956246448118047e-05
1.821428736731463193e-05
1.780804446145511317e-05
1.741073487625791719e-05
1.702224229406637239e-05
1.664244637463983766e-05
1.627120532507931691e-05
1.590841152520119849e-05
1.555392534963908192e-05
1.520761072237953558e-05
1.486933245859328802e-05
1.453897399243469280e-05
1.421638861922196611e-05
1.390144263159672260e-05
1.359399198664774572e-05
1.329391104212104771e-05
1.300104950671398813e-05
1.271527295279046404e-05
1.243642855793675511e-05
1.216437712112795477e-05
1.189896426237776492e-05
1.164002669846816232e-05
1.138740152265201360e-05
1.114093552258576503e-05
1.090046019536832782e-05
1.066583137790533361e-05
1.043689820150797382e-05
1.021353217474502197e-05
9.995602601291929981e-06
9.782979847942992917e-06
9.575536976332953758e-06
9.373140049248709202e-06
9.175644655668730571e-06
8.982915027753099943e-06
8.794794905494577984e-06
8.611138764919472929e-06
8.431799358462774649e-06
8.256648319456900064e-06
8.085563085251853345e-06
7.918451375176391204e-06
7.755212310389623999e-06
7.595749912143078870e-06
7.439941599359223641e-06
7.287664001471262747e-06
7.138781248967742664e-06
6.993173297368334217e-06
6.850728051707560197e-06
6.711356519572162448e-06
6.574983307010854148e-06
6.441543832849594208e-06
6.310951414997156358e-06
6.183099816519196792e-06
6.057868418024920186e-06
5.935162547121883942e-06
5.814908864106766786e-06
5.697053727609053552e-06
5.581537879807119616e-06
5.468296617115727280e-06
5.357237841319597049e-06
5.248271234583954520e-06
5.141330411165160946e-06
5.036380897324925461e-06
4.933376095112500651e-06
4.832255957049809447e-06
4.732940678402318203e-06
4.635369906161062903e-06
4.539511154943803841e-06
4.445328446548009654e-06
4.352765161695295679e-06
4.261782715790715935e-06
4.172337034827863889e-06
4.084391181755866265e-06
3.997885903010718866e-06
3.912788452069527087e-06
3.829106732212135767e-06
3.746787670401202893e-06
3.665765857084387181e-06
3.586043665413545998e-06
3.507612265907448854e-06
3.430432492322119781e-06
3.354428065465887679e-06
3.279622308638391305e-06
3.206032358739110097e-06
3.133560360097520748e-06
3.062217680243847506e-06
2.992028819731652173e-06
2.922895595685604359e-06
2.854856064165532947e-06
2.787904182016607933e-06
2.721966598220763158e-06
2.657084447794102234e-06
2.593236763722844004e-06
2.530393877895273668e-06
2.468560581011504839e-06
2.407696803188627239e-06
2.347843054935797659e-06
2.288952189716518423e-06
2.231003707635759961e-06
2.174031835008995733e-06
2.117996648002790554e-06
2.062908519554357509e-06
2.008752911412331942e-06
1.955491153702642360e-06
1.903181166300737692e-06
1.851776313500638977e-06
1.801244818917843163e-06
1.751651608241296501e-06
1.702921496579872911e-06
1.655098240701925839e-06
1.608156294167166371e-06
1.562050280588788587e-06
1.516859422142752381e-06
1.472519172333428981e-06
1.429014851601368594e-06
1.386401320938565972e-06
1.344601603815149570e-06
1.303666917721990198e-06
1.263569965738677379e-06
1.224257177518487140e-06
1.185819270576261461e-06
1.148179791236177282e-06
1.111337164103103160e-06
1.075333504951086590e-06
1.040092235491090114e-06
1.005670694672838882e-06
9.720360725241920100e-07
9.391332781949783540e-07
9.070546306417676674e-07
8.757164040993206890e-07
8.451288721683472514e-07
8.153198842199060325e-07
7.862158894007703816e-07
7.578792037732615937e-07
7.302705180350199553e-07
7.033396618940572367e-07
6.771722478717905223e-07
6.516840748753498720e-07
6.268929204626603294e-07
6.028127320219010890e-07
5.793740987017245198e-07
5.566391860894069204e-07
5.345606693050051113e-07
5.130939834990449123e-07
4.923104810042016444e-07
4.721282574278595921e-07
4.525721416002092599e-07
4.336489433366311683e-07
4.153063426867507520e-07
3.976161295217202260e-07
3.805423578408537544e-07
3.640640833171573854e-07
3.482477234439832351e-07
3.330203442008842171e-07
3.183998459787373186e-07
3.043629510012437269e-07
2.908363814536710353e-07
2.778496767466841656e-07
2.653296243285201075e-07
2.532306189633818861e-07
2.415755634714059381e-07
2.302843341338012351e-07
2.193696815825161971e-07
2.088100984943084564e-07
1.985576366250299529e-07
1.886543893869767938e-07
1.790557080853915205e-07
1.697513031298591338e-07
1.607728224199649398e-07
1.520721921113918687e-07
1.436785987840320626e-07
1.355869392347808029e-07
1.277719563924402775e-07
1.202742015384963755e-07
1.130608730453845795e-07
1.061323702106190098e-07
9.951086348518513368e-08
9.316341808829722184e-08
8.711191069536900859e-08
8.134612601461843847e-08
7.584340791264803055e-08
7.062731625881443342e-08
6.566743227091981588e-08
6.096144825264468553e-08
5.651090898867044103e-08
5.228955562786826838e-08
4.830625679048077743e-08
4.454891570077067293e-08
4.099941299559988025e-08
3.766746496502495915e-08
3.452961250424195032e-08
3.158208301696873791e-08
2.881955949871378992e-08
2.622576385517856196e-08
2.380294386074248635e-08
2.154248489770365330e-08
1.943563073002225153e-08
1.748322747051686083e-08
1.566631362467031121e-08
1.397913928326857014e-08
1.241375431501847545e-08
1.095895023095685697e-08
9.613879691380796839e-09
8.375685598071922123e-09
7.240087855467137456e-09
6.201140932026514082e-09
5.247534904381371271e-09
4.375129232798560927e-09
3.578752660433286855e-09
2.854477717948937458e-09
2.196350723849785912e-09
1.598432065087855295e-09
1.057442046363245690e-09
5.691928711799067014e-10
1.379921134507433350e-10
-2.439702260956799813e-10
-5.855286679944719776e-10
-8.910407164903197669e-10
-1.165182731742346012e-09
-1.402274481504217872e-09
-1.601010031520766557e-09
-1.774375106261307786e-09
-1.922447438414570925e-09
-2.046593825870595643e-09
-2.151616363254564845e-09
-2.236684591181010582e-09
-2.305451011585445796e-09
-2.350080662493059354e-09
-2.382268935293792423e-09
-2.409250495311775913e-09
-2.419957906932923871e-09
-2.418082882729156282e-09
-2.408398111648299370e-09
-2.388492890013543574e-09
-2.364965295672769341e-09
-2.336622706377566012e-09
-2.296570510653415669e-09
-2.255092333337337682e-09
-2.209878723173345563e-09
-2.161023492794410998e-09
-2.109902140103983989e-09
-2.053862445178326298e-09
-1.998867610522436572e-09
-1.942269562382712220e-09
-1.882971787083519228e-09
-1.823510178657690612e-09
-1.763409558483669285e-09
-1.704159534189775487e-09
-1.644503287157206708e-09
-1.585164605237416422e-09
-1.526943761234425101e-09
-1.468246702840509018e-09
-1.410994022166634410e-09
-1.355011611977620300e-09
-1.300236064137938004e-09
-1.245905783891718840e-09
-1.194897477746538143e-09
-1.143208371785700965e-09
-1.094556469327951098e-09
-1.046298106639018815e-09
-9.976494235523185217e-10
-9.542437779142989205e-10
-9.094811314611159262e-10
-8.671145222081145881e-10
-8.266956639750837982e-10
-7.865148822188140040e-10
-7.492696134267444336e-10
-7.115076727568572396e-10
-6.760578747592215634e-10
-6.419101344133050804e-10
-6.101210164413794137e-10
-5.785098409684489077e-10
-5.484389634115313220e-10
-5.211805854727411375e-10
-4.929706989707507654e-10
-4.669641326983732784e-10
-4.425152144064871808e-10
-4.180144735551887668e-10
-3.974682177491676806e-10
-3.749052708470753637e-10
-3.538897896999051814e-10
-3.360533543162107299e-10
-3.165413132734160229e-10
-2.999621227736514684e-10
-2.834301203807603240e-10
-2.671515100257624971e-10
-2.543477711047503708e-10
-2.397301287597970114e-10
-2.264331077244697548e-10
-2.142858341534347172e-10
-2.010401003000462132e-10
-1.902005759285305315e-10
-1.791044037224166332e-10
-1.681797380637219345e-10
-1.596877754714757673e-10
-1.499005457928547289e-10
-1.407982709138542426e-10
-1.325398265898790691e-10
-1.241992147542854957e-10
-1.171263222836798043e-10
-1.098667451963542655e-10
-1.032054002319653468e-10
-9.810133077658088354e-11
-9.171303295092032276e-11
-8.627372650909483041e-11
-8.119516718326573883e-11
-7.594063339568114346e-11
-7.202192829148729578e-11
-6.750145103483659870e-11
-6.306673423255213256e-11
-6.001964784405558790e-11
-5.605381590799219849e-11
-5.337145772248678575e-11
-5.077322896806165097e-11
-4.740183028228577123e-11
-4.510895642618391602e-11
-4.214177269694196661e-11
-3.920851430227009841e-11
-3.738225450358614819e-11
-3.415914192473887234e-11
-3.192905771487839625e-11
-3.023349146035703745e-11
-2.827231681838244385e-11
-2.748846704201095940e-11
-2.591257435500132039e-11
-2.467191878509194340e-11
-2.414948534802746875e-11
-2.196024107124869589e-11
-2.075589595788035797e-11
-1.940765075765937262e-11
-1.762634232159360150e-11
-1.728874018658515542e-11
-1.617343236355937384e-11
-1.512097103654870729e-11
-1.495449357517964771e-11
-1.382408413075820797e-11
-1.346543248397662593e-11
-1.301174236660274415e-11
-1.220068055257059864e-11
-1.196204649185538451e-11
-1.062048578021486616e-11
-9.581316617105492320e-12
-9.549823910376120105e-12
-9.120857690645777008e-12
-9.415713629672379517e-12
-9.095241372438066459e-12
-8.118185865410282514e-12
-7.938691990833853220e-12
-7.203240896720846859e-12
-6.987431776622020058e-12
-7.134302942084955591e-12
-6.609116334439683281e-12
-6.733282952321950757e-12
-6.440233611007338427e-12
-5.731604193456819939e-12
-5.608783342231354929e-12
-5.372463586224547233e-12
-5.712469157239434746e-12
-5.758773853320371953e-12
-4.930996310953861892e-12
-4.774199286119248539e-12
-4.742757820328950092e-12
-4.626071656116504686e-12
-4.855948495872619630e-12
-4.487444345598666673e-12
-4.129412107567618013e-12
-4.131891555233939446e-12
-4.240998142359611316e-12
-4.176767031768596893e-12
-3.730355936444286053e-12
-3.683373627377349754e-12
-3.967857178205412926e-12
-3.747113271932009774e-12
-3.516922028800315202e-12
-3.425239721201706884e-12
-3.580766272049142387e-12
-3.493847239934981143e-12
-3.213042884915064483e-12
-3.263238000894180822e-12
-3.318001177100481045e-12
-3.026791350543986204e-12
-3.048363083082372785e-12
-3.139576552090793778e-12
-2.823410474223403677e-12
-2.894126381088241397e-12
-2.903503026886535260e-12
-2.708963455284113534e-12
-2.753773136383155198e-12
-2.675681728014538120e-12
-2.563633994960760313e-12
-2.618613827377122476e-12
-2.422431554329618720e-12
-2.439509854270275369e-12
-2.371804527913434159e-12
-2.259188441271950557e-12
-2.267399160053903067e-12
-2.152635148863333509e-12
-2.143699931899347691e-12
-2.039159515589588339e-12
-1.991997149889325783e-12
-1.924439035435967557e-12
-1.843335746749233173e-12
-1.771888802486965313e-12
-1.730371857217544123e-12
-1.642002128728537700e-12
-1.602937410306117646e-12
-1.514393756128293297e-12
-1.435533834693388942e-12
-1.368616535868149052e-12
-1.291305104986318723e-12
-1.227454437202452392e-12
-1.168840154723831964e-12
-1.086454369149122499e-12
-1.012369939198843813e-12
-9.339808135069747499e-13
-8.620147930233501248e-13
-8.079833790541049631e-13
-7.340521059933449921e-13
-6.603910706211276681e-13
-5.934694529359097451e-13
-5.278573789023340298e-13
-4.764589081165090669e-13
-4.120648211144028019e-13
-3.447559223108171054e-13
-2.952759280959104975e-13
-2.470386509869877808e-13
-1.991222308953951226e-13
-1.496033349656186905e-13
-1.058507726108360123e-13
-7.687349437457938677e-14
-4.279358686154602324e-14
-9.665293879322746948e-15
1.193387672309007266e-14
3.088877711988165263e-14
4.851883257229723070e-14
6.133180830502912877e-14
6.554152921610301767e-14
6.677192589591941763e-14
7.025097878490137042e-14
6.245078700174470020e-14
5.248196219452629706e-14
4.764862339892317268e-14
3.375446857062454736e-14
2.058496965534745039e-14
9.177124408767212660e-15
-8.989004295123674402e-15
-2.079478733691819665e-14
-3.568859837382849545e-14
-4.826016408782111698e-14
-5.633312310024777887e-14
-6.472210299269846216e-14
-6.882604807320388145e-14
-7.098807856450164526e-14
-6.966786893848117452e-14
-6.623005536265042284e-14
-5.956605573444076369e-14
-5.144952713913399261e-14
-4.146685749268227375e-14
-2.995110200740175401e-14
-1.829626881256496508e-14
-7.074164015161719468e-15
2.452898558091437759e-15
9.991237245719623296e-15
1.599962750984598957e-14
1.962432006619004730e-14
2.027413632090373325e-14
1.820364340241631674e-14
1.392520414517003738e-14
8.420142590637902823e-15
2.014939914181188783e-15
-4.134764397734170753e-15
-9.523300184355746685e-15
-1.360900648811259395e-14
-1.601859880255312685e-14
-1.524487540902583662e-14
-1.243865310164624515e-14
-8.664511577410349278e-15
-3.685849596082305134e-15
2.055897395516364894e-15
6.719400354517241800e-15
9.725754425324974317e-15
1.074457766244975506e-14
9.931837000575648200e-15
7.348732111788078883e-15
3.506795984657907748e-15
-3.687012204273504396e-16
-2.939928381843720505e-15
-4.208040365540176028e-15
-3.489736251776263967e-15
-9.639504271716395440e-16
2.345569897139229048e-15
5.268154761415121163e-15
7.344100797239155861e-15
7.597180276190953637e-15
6.131918069131451529e-15
3.868809089917198806e-15
1.377650993392097387e-15
-2.295268117920054408e-17
2.369832855635240768e-16
1.805273707303794091e-15
4.183650558325236415e-15
5.935474700839059408e-15
6.321660114541614460e-15
5.166426785837554533e-15
3.289775235363253934e-15
1.874634053919381564e-15
1.844362895727841063e-15
3.066772365837821856e-15
4.681522716192170676e-15
5.592176945082300914e-15
5.160311436312118031e-15
3.808760587389376734e-15
2.704796267511461334e-15
2.801381116448427480e-15
4.032214682890245984e-15
5.087216926625135921e-15
5.023349993962155532e-15
4.001557864730519469e-15
3.194553931591726749e-15
3.457992818631264694e-15
4.455804953188282562e-15
4.956208317521087074e-15
4.397468875667551698e-15
3.537723901878521093e-15
3.669122743207786367e-15
4.487680767606541033e-15
4.756497721276552365e-15
4.138729619267922262e-15
3.694275863583293875e-15
4.135143160871381082e-15
4.691943968322557049e-15
4.310120397645000761e-15
3.840953047001351622e-15
4.178884262887459483e-15
4.593823174375157860e-15
4.231382959512595978e-15
3.954091969197075248e-15
4.368380973565135397e-15
4.477514118765415038e-15
4.048692807973966378e-15
4.212014926989800939e-15
4.480563972882809006e-15
4.169835708261105144e-15
4.172671680421669536e-15
4.459092590649801268e-15
4.183465852395527673e-15
4.234726221678628140e-15
4.407925742503961065e-15
4.181599011361484119e-15
4.308767977110697114e-15
4.346416495892622119e-15
4.188948556900453309e-15
4.390394863411269484e-15
4.222048694010448426e-15
4.324797166293769065e-15
4.296630753369740475e-15
4.270073881217284632e-15
4.333417922151551556e-15
4.256605945556762544e-15
4.336566316670043831e-15
4.264544523494468867e-15
4.328221254436724641e-15
4.276267304039234528e-15
4.319942667352890513e-15
4.285522397448811832e-15
4.314429703956752981e-15
4.291763481269479452e-15
4.311243125346591215e-15
4.295859023153927167e-15
4.309507771350398620e-15
4.298621099943030263e-15
4.308592510789993323e-15
4.300570898849291183e-15
4.308127395736944914e-15
4.302010992463220233e-15
4.307908802085402360e-15
4.303115203544309917e-15
4.307825561521278458e-15
4.303986366594141767e-15
4.307816115359184705e-15
4.304688191222622062e-15
4.307845668933191024e-15
4.305262180103444584e-15
4.307894190531044506e-15
4.305736684582464832e-15
4.307950014286626888e-15
4.306131896308850479e-15
4.308006337464544482e-15
4.306462706945056937e-15
4.308059243246505951e-15
4.306740416124932385e-15
4.308106551220398918e-15
4.306973794397989437e-15
4.308147131263265413e-15
4.307169771120837414e-15
4.308180484813460070e-15
4.307333895869748149e-15
4.308206484720251473e-15
4.307470658272327209e-15
4.308225211563151028e-15
4.307583716106961766e-15
4.308236849703066194e-15
4.307676062200924821e-15
4.308241621067153357e-15
4.307750149175235480e-15
4.308239742976251518e-15
4.307807984458568916e-15
4.308231401413684438e-15
4.307851203700799493e-15
4.308216734303342162e-15
4.307881128225652927e-15
4.308195821123182560e-15
4.307898810364564836e-15
4.308168676572573895e-15
4.307905069458631112e-15
4.308135246731219053e-15
4.307900520535407345e-15
4.308095406625138633e-15
4.307885597136669875e-15
4.308048958546639401e-15
4.307860569384365503e-15
4.307995630639933224e-15
4.307825558180768858e-15
4.307935075420717314e-15
4.307780546143804787e-15
4.307866868055239451e-15
4.307725385826056812e-15
4.307790504227156561e-15
4.307659805584916996e-15
4.307705397509018633e-15
4.307583413455242174e-15
4.307610876206233443e-15
4.307495699251594907e-15
4.307506179605478389e-15
4.307396035163630720e-15
4.307390453642563538e-15
4.307283674956803732e-15
4.307262745997131230e-15
4.307157751990960257e-15
4.307122000583693270e-15
4.307017276163016863e-15
4.306967051553476555e-15
4.306861129908439015e-15
4.306796616746598302e-15
4.306688063382110308e-15
4.306609290746062156e-15
4.306496688958642735e-15
