# bin_1_1
6.149999712262752374e-05
6.150115856201798694e-05
6.149951423828574468e-05
6.150065685583844277e-05
6.149896634168282035e-05
6.150007845257095469e-05
6.149834908422182873e-05
6.149942018331277399e-05
6.149765749671481268e-05
6.149867805523865163e-05
6.149688597348664128e-05
6.149784725911143198e-05
6.149602825260504408e-05
6.149692217019770216e-05
6.149507739301984235e-05
6.149589634298107321e-05
6.149402574908197539e-05
6.149476250119464873e-05
6.149286494312443418e-05
6.149351252403733226e-05
6.149158583694976359e-05
6.149213742988470606e-05
6.149017850277192624e-05
6.149062735812994580e-05
6.148863219473776735e-05
6.148897155071500573e-05
6.148693532160795245e-05
6.148715833402040377e-05
6.148507542170525647e-05
6.148517510244897756e-05
6.148303914086880335e-05
6.148300830455645863e-05
6.148081221434158780e-05
6.148064343248794148e-05
6.147837945294758882e-05
6.147806501545033603e-05
6.147572473409614426e-05
6.147525661724671569e-05
6.147283099733897162e-05
6.147220083751194191e-05
6.146968024354323350e-05
6.146887931542170625e-05
6.146625353592558190e-05
6.146527273329109229e-05
6.146253099966709024e-05
6.146136081641705455e-05
6.145849181529925418e-05
6.145712232302926034e-05
6.145411419879082983e-05
6.145253501615661541e-05
6.144937535863562671e-05
6.144757560640735591e-05
6.144425141723371499e-05
6.144221965120248534e-05
6.143871728045985771e-05
6.143644139253349816e-05
6.143274643575793407e-05
6.143021351215883987e-05
6.142631065591610282e-05
6.142350677973583612e-05
6.141937958309773098e-05
6.141628956815911979e-05
6.141192016717879321e-05
6.140852721045333225e-05
6.140389593417760409e-05
6.140018117657290503e-05
6.139526606676650995e-05
6.139120805733059617e-05
6.138598429073617937e-05
6.138155835754162664e-05
6.137599758007781690e-05
6.137117512389329789e-05
6.136524472070755830e-05
6.135999246418243069e-05
6.135365480834354096e-05
6.134793405395148804e-05
6.134114579823067407e-05
6.133491177040545231e-05
6.132762326809212982e-05
6.132082463484642663e-05
6.131297959238027405e-05
6.130555827317653121e-05
6.129709374131282762e-05
6.128898510222906488e-05
6.127983189414866754e-05
6.127096539766270478e-05
6.126104897084642953e-05
6.125134927595458087e-05
6.124059102146819217e-05
6.122997941458370225e-05
6.121829816126478428e-05
6.120669404487637634e-05
6.119400742111257691e-05
6.118132942001094563e-05
6.116755455890036637e-05
6.115372067362147594e-05
6.113877366366204827e-05
6.112369988611683928e-05
6.110749344785708836e-05
6.109109044868836285e-05
6.107352964810253311e-05
6.105569762341153022e-05
6.103667405847338820e-05
6.101729657932026125e-05
6.099668232215242950e-05
6.097562089991500391e-05
6.095326427563751742e-05
6.093035596270080412e-05
6.090608151834714249e-05
6.088114165270380355e-05
6.085475584002381983e-05
6.082758650013473913e-05
6.079888832268652414e-05
6.076929014776190970e-05
6.073808271134021171e-05
6.070586443133271662e-05
6.067196058458974465e-05
6.063693908483999446e-05
6.060015475212721906e-05
6.056214143797132083e-05
6.052227601134316291e-05
6.048105363632483219e-05
6.043786696918356839e-05
6.039317143446066487e-05
6.034637520243497943e-05
6.029790026646643890e-05
6.024717760886973752e-05
6.019460778563472098e-05
6.013965399913069046e-05
6.008270421643933815e-05
6.002325474922195922e-05
5.996167696827064313e-05
5.989748722073277940e-05
5.983102531483015790e-05
5.976181133765018680e-05
5.969014594457391676e-05
5.961555471997561967e-05
5.953831572562714558e-05
5.945798398734831119e-05
5.937484179471613169e-05
5.928848882717686913e-05
5.919921019009999195e-05
5.910662703751619519e-05
5.901099423712041401e-05
5.891192480811702800e-05
5.880963834412899246e-05
5.870376461006514659e-05
5.859453717532887851e-05
5.848164785781625384e-05
5.836535925401062862e-05
5.824539337183336641e-05
5.812198227114545921e-05
5.799483026473195975e-05
5.786414646307581894e-05
5.772968307828863025e-05
5.759170748202125479e-05
5.745004662609995416e-05
5.730496933633944586e-05
5.715627922150737884e-05
5.700420412895492144e-05
5.684859041914323147e-05
5.668974572129704904e-05
5.652760324109515404e-05
5.636245697771497334e-05
5.619419258102732176e-05
5.602308468107298762e-05
5.584911512626159884e-05
5.567264756360027470e-05
5.549366601736560584e-05
5.531244328817479830e-05
5.512896664852044281e-05
5.494360920508862981e-05
5.475642507445065019e-05
5.456769025621160534e-05
5.437739297530990405e-05
5.418588579245476352e-05
5.399323350647301052e-05
5.379966904556756832e-05
5.360517449254211198e-05
5.341006832525515408e-05
5.321435207900087781e-05
5.301817399297716402e-05
5.282152841490781923e-05
5.262464601153762222e-05
5.242739631527208136e-05
5.222991301014589789e-05
5.203217471089417501e-05
5.183421393335679362e-05
5.163591833806798707e-05
5.143742399412475129e-05
5.123852945027475953e-05
5.103932777340207898e-05
5.083972511586925760e-05
5.063970172681211610e-05
5.043924121022919527e-05
5.023833839228151067e-05
5.003694610778749156e-05
4.983514989497760128e-05
4.963285695770177616e-05
4.943021606307446792e-05
4.922712196329557063e-05
4.902373344210652240e-05
4.881994870732993426e-05
4.861589997405743049e-05
4.841148134638983128e-05
4.820678147004726162e-05
4.800167884432042048e-05
4.779621853282228495e-05
4.759026421140593775e-05
4.738383401646447556e-05
4.717679438580807345e-05
4.696916525818771264e-05
4.676084200105351535e-05
4.655187368430966131e-05
4.634220172896718059e-05
4.613191198433196137e-05
4.592098312453273185e-05
4.570951534704952506e-05
4.549748859092648092e-05
4.528497605322996813e-05
4.507191906041978495e-05
4.485833673615001449e-05
4.464412478907448136e-05
4.442926732502038039e-05
4.421365722404853131e-05
4.399730255009111265e-05
4.378015280377025166e-05
4.356228267021732545e-05
4.334370742345689220e-05
4.312453674752210242e-05
4.290478359558737786e-05
4.268450769266340185e-05
4.246364632443905382e-05
4.224217765452786144e-05
4.201999076844959449e-05
4.179706482839406334e-05
4.157334827632962703e-05
4.134890808097496233e-05
4.112377438204362269e-05
4.089804283883392106e-05
4.067170748314987474e-05
4.044477518342274284e-05
4.021715276758151478e-05
3.998880882961399348e-05
3.975969015569327255e-05
3.952985340445609833e-05
3.929932535205717602e-05
3.906817351676670271e-05
3.883636466387040847e-05
3.860388352050991655e-05
3.837066736169104903e-05
3.813674656465978552e-05
3.790213482461273446e-05
3.766688478113393952e-05
3.743095416286242180e-05
3.719432171556060781e-05
3.695694950646105610e-05
3.671890244411000337e-05
3.648020972639354258e-05
3.624088563128208804e-05
3.600084568943157700e-05
3.576007906932496358e-05
3.551861550473981490e-05
3.527654112308531095e-05
3.503381927049352261e-05
3.479040110456528312e-05
3.454626485094242419e-05
3.430150147119807874e-05
3.405611170701453608e-05
3.381005440531040598e-05
3.356330138571838771e-05
3.331593896644438049e-05
3.306795471852880296e-05
3.281930753360916606e-05
3.257000394471348782e-05
3.232011799600537739e-05
3.206958943239724677e-05
3.181842401311117468e-05
3.156668151946594527e-05
3.131435249258287092e-05
3.106137524206504049e-05
3.080785243125210260e-05
3.055376189847747848e-05
3.029907571329615621e-05
3.004384799730044149e-05
2.978807344039176172e-05
2.953173996311896568e-05
2.927492417372461994e-05
2.901754853537622322e-05
2.875969457622519972e-05
2.850135018376218969e-05
2.824253250397827823e-05
2.798324073098698328e-05
2.772350713578413729e-05
2.746334547392917928e-05
2.720275891801924299e-05
2.694179028559145551e-05
2.668040402686749256e-05
2.641869411514818835e-05
2.615661920800342605e-05
2.589420171619886222e-05
2.563150592031247853e-05
2.536851387726287384e-05
2.510527337861334057e-05
2.484180555530033654e-05
2.457809013845228913e-05
2.431423314573145819e-05
2.405020497189562222e-05
2.378603099193176426e-05
2.352178664407187338e-05
2.325743841060260515e-05
2.299306062548823649e-05
2.272867251139356167e-05
2.246427363456476184e-05
2.219996960938471753e-05
2.193573900401781345e-05
2.167162498002845664e-05
2.140770437085254163e-05
2.114395814726005037e-05
2.088047362736805823e-05
2.061727744801127092e-05
2.035437568821783506e-05
2.009187293810565185e-05
1.982976485935463318e-05
1.956810434701417308e-05
1.930696625838747540e-05
1.904635557956977640e-05
1.878636308825935828e-05
1.852701652729614744e-05
1.826834092215939135e-05
1.801043713239305631e-05
1.775331559104711138e-05
1.749704001389829424e-05
1.724167604105664473e-05
1.698724859938149302e-05
1.673384932191877437e-05
1.648150928256852013e-05
1.623026572720986442e-05
1.598020605580047701e-05
1.573135831396390034e-05
1.548379417925279788e-05
1.523757500260576596e-05
1.499272905092445490e-05
1.474933618397741423e-05
1.450743773002669474e-05
1.426708444194106541e-05
1.402835273642448451e-05
1.379126717123127898e-05
1.355589068430535260e-05
1.332228021453361458e-05
1.309047497545821415e-05
1.286054583362109503e-05
1.263252867257554576e-05
1.240646923215247177e-05
1.218243021977384090e-05
1.196044238211281513e-05
1.174055773320239320e-05
1.152282314862521591e-05
1.130727518365361341e-05
1.109396761409414564e-05
1.088292813061278577e-05
1.067420268110389971e-05
1.046783822837690863e-05
1.026386027207846912e-05
1.006230873194222908e-05
9.863218506659982522e-06
9.666613331514040672e-06
9.472530073364100156e-06
9.280995357639828939e-06
9.092037796282415857e-06
8.905682896358441394e-06
8.721947484056180483e-06
8.540855436475076597e-06
8.362431644935789917e-06
8.186683979099704584e-06
8.013630384373894659e-06
7.843286442702335673e-06
7.675665859888555325e-06
7.510776435163752973e-06
7.348619905638725451e-06
7.189204921428179481e-06
7.032537913422423589e-06
6.878615777216540203e-06
6.727436622934552867e-06
6.578996480351551674e-06
6.433293106095964672e-06
6.290315128127851547e-06
6.150055331566330946e-06
6.012504817229346488e-06
5.877653017169118385e-06
5.745483922912235215e-06
5.615980028793380261e-06
5.489120336904317536e-06
5.364886883830311711e-06
5.243252694209249300e-06
5.124195939191609637e-06
5.007693425737869571e-06
4.893719942884307443e-06
4.782250597414667712e-06
4.673253996350768405e-06
4.566697219778488513e-06
4.462549522219987069e-06
4.360775188008074789e-06
4.261341866231834830e-06
4.164216353263565532e-06
4.069364798727910415e-06
3.976749073432789794e-06
3.886329734502149964e-06
3.798067882845157049e-06
3.711925785202089173e-06
3.627863889193130084e-06
3.545843987957655030e-06
3.465823868908953276e-06
3.387762278802836622e-06
3.311619759205934438e-06
3.237354418576299777e-06
3.164922264106565057e-06
3.094283903571639998e-06
3.025399438728891067e-06
2.958228477428966464e-06
2.892730070842384727e-06
2.828862636939135625e-06
2.766584107126744038e-06
2.705855752896660403e-06
2.646638913056155123e-06
2.588889925896056338e-06
2.532567956626561623e-06
2.477638494406042064e-06
2.424063894052651892e-06
2.371803334709562802e-06
2.320820783869192580e-06
2.271081429818481611e-06
2.222547905261351517e-06
2.175183500885257655e-06
2.128953035849166054e-06
2.083823104498349523e-06
2.039762273466151224e-06
1.996739072888994688e-06
1.954721049364577079e-06
1.913677889845598642e-06
1.873576868549972874e-06
1.834388087928998048e-06
1.796086125125178986e-06
1.758641959963428234e-06
1.722029250874619117e-06
1.686221857823449466e-06
1.651191891471674831e-06
1.616916261609770275e-06
1.583371161181685443e-06
1.550534337766992103e-06
1.518382459068622104e-06
1.486892659099373117e-06
1.456045820542293041e-06
1.425823678456422744e-06
1.396205140763665721e-06
1.367170788110352437e-06
1.338701322583896572e-06
1.310782374143201108e-06
1.283395740220402707e-06
1.256526331816622421e-06
1.230160566060706415e-06
1.204283150295766885e-06
1.178880143133753617e-06
1.153937485756661312e-06
1.129439598560387686e-06
1.105378561877216209e-06
1.081740030310501632e-06
1.058511472559152084e-06
1.035687199870824126e-06
1.013254873869677307e-06
9.912041477198224060e-07
9.695258834080773606e-07
9.482105346900260434e-07
9.272567401728170478e-07
9.066497523524600271e-07
8.863806220469478664e-07
8.664502857781981344e-07
8.468449620117986709e-07
8.275619827126879863e-07
8.085940995796188847e-07
7.899305649369683259e-07
7.715777695406402568e-07
7.535221911502297574e-07
7.357563648935409962e-07
7.182855280211047645e-07
7.010982622009739125e-07
6.841952440976869912e-07
6.675698590913907319e-07
6.512108691221654924e-07
6.351312935515243034e-07
6.193175979365749520e-07
6.037647446798823818e-07
5.884801523349380643e-07
5.734494174387360601e-07
5.586791712405084220e-07
5.441625444526240070e-07
5.298872026709802762e-07
5.158715007251291977e-07
5.020992078815369516e-07
4.885678019572636484e-07
4.752853799848168146e-07
4.622361864917014848e-07
4.494315016885542082e-07
4.368626699734192654e-07
4.245173659351546712e-07
4.124174557837054976e-07
4.005436674466083648e-07
3.888976765430899264e-07
3.774860544770561624e-07
3.662911977775263045e-07
3.553282534081215523e-07
3.445865300315603975e-07
3.340531148904209628e-07
3.237510784129429250e-07
3.136592522852004972e-07
3.037817153968796815e-07
2.941227223932749259e-07
2.846642511862886156e-07
2.754250343044280986e-07
2.663921734132201922e-07
2.575543073149581171e-07
2.489341591148051965e-07
2.405096199126112657e-07
2.322869130075936730e-07
2.242674211612986553e-07
2.164334898650723306e-07
2.088057675473188346e-07
2.013687965452214060e-07
1.941123586491909982e-07
1.870575844530092671e-07
1.801817506797885266e-07
1.734938662736975958e-07
1.669923113788210404e-07
1.606605102090689149e-07
1.545198967355412064e-07
1.485538145524360875e-07
1.427547121033277999e-07
1.371410567263913300e-07
1.316910176025449801e-07
1.264152653285491968e-07
1.213101728719742899e-07
1.163598030695604279e-07
1.115834023544249786e-07
1.069613593497443039e-07
1.024866591669519842e-07
9.817053620890751805e-08
9.398925623870812292e-08
8.995171625872897903e-08
8.605156370312986956e-08
8.227255752789719670e-08
7.863033338919009313e-08
7.510563520613049411e-08
7.169524194997642995e-08
6.840898394455935981e-08
6.522922631387844192e-08
6.216567189280000346e-08
5.921144565739668268e-08
5.635351239972795649e-08
5.360574220419721130e-08
5.095239590561256344e-08
4.839316834211131600e-08
4.593154745762427537e-08
4.355357184681044196e-08
4.126802512554480878e-08
3.907118863191220799e-08
3.695441160833634615e-08
3.492718490530013667e-08
3.297605607392946074e-08
3.110307395690690871e-08
2.931058902225679147e-08
2.758898523482300180e-08
2.594456704751911347e-08
2.437301687060628883e-08
2.286760841507898072e-08
2.143439881595771026e-08
2.006414677599119258e-08
1.875907209974862072e-08
1.751887120239858046e-08
1.633591537007715261e-08
1.521357072870854417e-08
1.414826425896468840e-08
1.313666124301985211e-08
1.218136104044306139e-08
1.127474106556544410e-08
1.041845358581853604e-08
9.611624477062326005e-09
8.849709441632377271e-09
8.133071150999093014e-09
7.458392195962156517e-09
6.825184495944677550e-09
6.233084043626083478e-09
5.676936174338775045e-09
5.157253971144392647e-09
4.673432108297425882e-09
4.221637751451496027e-09
3.801095967737991145e-09
3.410718807557625431e-09
3.048471271032800333e-09
2.713102015351909568e-09
2.402687722455506617e-09
2.116383011533530873e-09
1.852590155216794399e-09
1.610434750388020556e-09
1.387618978553348808e-09
1.183594228011532117e-09
9.978137082408582292e-10
8.277115236165177802e-10
6.734100789455739500e-10
5.333612857028014373e-10
4.066637071486073095e-10
2.932699936643552286e-10
1.907984733057213729e-10
9.942584365827676522e-11
1.825584071426378928e-11
-5.443284503172740479e-11
-1.181767897011323238e-10
-1.745269083968116091e-10
-2.238227039113232068e-10
-2.657164120021662417e-10
-3.025600561817674273e-10
-3.336341527517893892e-10
-3.596983571030522392e-10
-3.819104621377131105e-10
-3.995465781842222810e-10
-4.139225361657273619e-10
-4.255755599329048099e-10
-4.335296444155119785e-10
-4.400383241181422278e-10
-4.437962096484417560e-10
-4.453707207941669405e-10
-4.454257926189530225e-10
-4.434035410732531348e-10
-4.405428054305282205e-10
-4.362078222843804374e-10
-4.298714131666220337e-10
-4.227047219223633838e-10
-4.139063761081398520e-10
-4.041918508647026599e-10
-3.937335757897722443e-10
-3.822701705724021563e-10
-3.708338150906153993e-10
-3.591407945638099692e-10
-3.467175778935279516e-10
-3.347200365245846612e-10
-3.226067546390358602e-10
-3.110181012216234366e-10
-3.001941594749628195e-10
-2.896202139635395440e-10
-2.798613344145215158e-10
-2.701567072469199460e-10
-2.600175000213725136e-10
-2.499039924695607215e-10
-2.389031236673160136e-10
-2.279856220214273371e-10
-2.174988565922622077e-10
-2.066512403158527618e-10
-1.959593274815959202e-10
-1.860578579352831655e-10
-1.775829686340373288e-10
-1.705110722572374407e-10
-1.638584961013535627e-10
-1.575509164648649321e-10
-1.513773256055655869e-10
-1.449839744992459247e-10
-1.376727810352877292e-10
-1.298085083476201000e-10
-1.220279398230733476e-10
-1.145964279438731749e-10
-1.089354302345217941e-10
-1.042479378429214396e-10
-9.993774397620721851e-11
-9.639058710681123365e-11
-9.168610372488614734e-11
-8.570285998983504423e-11
-7.951362844043083645e-11
-7.358398335453719548e-11
-6.937138479223287739e-11
-6.645780680190551041e-11
-6.438165310491724239e-11
-6.225555526229680057e-11
-5.811126769215076535e-11
-5.339174986025374671e-11
-4.921369857885191899e-11
-4.638781757574338854e-11
-4.549965194940529492e-11
-4.414828488122982370e-11
-4.145157217690178202e-11
-3.803175568866794776e-11
-3.464685133071170989e-11
-3.362758361381694590e-11
-3.364127842981330917e-11
-3.247495309266600832e-11
-2.982029646367316147e-11
-2.672974756807795381e-11
-2.532375031924804976e-11
-2.524344500214468847e-11
-2.358285005750757187e-11
-2.071968810314501970e-11
-1.884919160649502873e-11
-1.890836948034598008e-11
-1.923076217731807268e-11
-1.761290686388011382e-11
-1.612390072882373003e-11
-1.647066298573203970e-11
-1.603573107607178271e-11
-1.401519712407771730e-11
-1.256515600680126344e-11
-1.263846208469578729e-11
-1.212628724274373746e-11
-1.057227708769380118e-11
-1.059426856689670955e-11
-1.078584007431917791e-11
-9.353245779973438720e-12
-9.389962558219199746e-12
-9.692418816365252771e-12
-8.535181615119610429e-12
-8.475746678801368895e-12
-7.843747580557018529e-12
-6.438774235647623187e-12
-6.843315457462717024e-12
-6.567543003888042733e-12
-6.731471918640705419e-12
-6.876979711850126724e-12
-5.864579093619644050e-12
-5.809990904053291711e-12
-5.165797817057193671e-12
-5.170356933470542766e-12
-5.185201508924948640e-12
-4.926122504453221587e-12
-5.033881047655137393e-12
-4.813528566819537125e-12
-4.345596129957559747e-12
-4.044176936047378846e-12
-4.041728998797821634e-12
-4.367687161211544138e-12
-4.403444503284618939e-12
-3.761811999759239597e-12
-3.567158594796226475e-12
-3.577678745486362006e-12
-3.577131797770641979e-12
-3.714941981997254744e-12
-3.492154194194952908e-12
-3.147605938854407109e-12
-3.135738775605526728e-12
-3.325057415702605125e-12
-3.245120207701867702e-12
-2.856576664206265217e-12
-2.863026707772140853e-12
-3.088030930532651900e-12
-2.953190927892801649e-12
-2.731984888953173605e-12
-2.648213105734695617e-12
-2.838040513308455740e-12
-2.751242513314161135e-12
-2.508123315565066378e-12
-2.579025757005883886e-12
-2.610722547164746225e-12
-2.380289482843391846e-12
-2.400419554166736268e-12
-2.497220121087633418e-12
-2.219799295384861582e-12
-2.282414228372666360e-12
-2.308239714169912971e-12
-2.144637895089517052e-12
-2.184095650624471144e-12
-2.131975464093749823e-12
-2.028175385928904632e-12
-2.091274443222141008e-12
-1.922077194260746083e-12
-1.943004634428443269e-12
-1.889973045862823468e-12
-1.797040346107970204e-12
-1.808532078166037587e-12
-1.715945372875088652e-12
-1.714430012082303884e-12
-1.625512137038733343e-12
-1.594882516679330249e-12
-1.537111774417450294e-12
-1.472650365296821039e-12
-1.415222104928245864e-12
-1.384294871125096592e-12
-1.313958031579514406e-12
-1.285642617559470670e-12
-1.212193454249448223e-12
-1.148964591097567626e-12
-1.094293271947245973e-12
-1.033126174268902267e-12
-9.827762706055485194e-13
-9.373434137501842114e-13
-8.712503168509668182e-13
-8.102894315585945591e-13
-7.470600985603367811e-13
-6.894474658095732637e-13
-6.488198260570501425e-13
-5.894749434863380355e-13
-5.295123815785028793e-13
-4.761791526054666712e-13
-4.234070798967917308e-13
-3.843942685922222465e-13
-3.319428296609824747e-13
-2.763010668662574663e-13
-2.373784917038838185e-13
-1.992184368416305876e-13
-1.605205604712484722e-13
-1.200109808679395897e-13
-8.446186331039179999e-14
-6.259078864610103586e-14
-3.515821104971761031e-14
-8.128657772176794853e-15
8.154703022240779131e-15
2.330315088406244419e-14
3.751259386148582831e-14
4.790851737987039942e-14
5.108232830063462502e-14
5.184954483029285311e-14
5.569836229571997529e-14
4.907938557821662310e-14
4.035213217257073284e-14
3.736569054690688650e-14
2.552936888043539081e-14
1.451555848183446983e-14
5.768175974158314325e-15
-9.672645354992203640e-15
-1.855350154853662787e-14
-3.042418200715770351e-14
-4.065265147018051637e-14
-4.666605668682412158e-14
-5.379320824563521232e-14
-5.734635890029440197e-14
-5.929685854200099102e-14
-5.839533241023703238e-14
-5.543198100477632571e-14
-4.967740399506969808e-14
-4.320956835317278915e-14
-3.519592521930513586e-14
-2.621400923334211522e-14
-1.703976318292685780e-14
-7.892814875718236228e-15
-1.952328233177544434e-16
6.091058648788802948e-15
1.099819618007819842e-14
1.363120006505313954e-14
1.399441201292681416e-14
1.225469613285916169e-14
9.060082785489599996e-15
4.882021433275731633e-15
-5.420705158928418017e-16
-5.678043423934116820e-15
-9.984435409053338737e-15
-1.305286212146368021e-14
-1.488507682248655886e-14
-1.448454177799348945e-14
-1.235496430978331087e-14
-9.174563225386844708e-15
-5.082972151523195199e-15
-5.155100368177373385e-16
3.026271710929590392e-15
5.549874773523687365e-15
6.571295630355546024e-15
5.739684115406815829e-15
3.573596242739882952e-15
6.703794804344340368e-16
-2.487036375753436851e-15
-4.681326416988113029e-15
-5.657649875307913675e-15
-4.965923365230206401e-15
-3.058992750351802315e-15
-3.866154688238377617e-16
2.069288789124915381e-15
3.614041305599716133e-15
3.832188998601792796e-15
2.732761549254132777e-15
8.123165098770139139e-16
-1.113525130784220294e-15
-2.258321981083610914e-15
-2.093352847292678544e-15
-7.808903745161105372e-16
1.087144173577102386e-15
2.531843755227001285e-15
2.830557590324535038e-15
1.897627048588269287e-15
3.851167059612171877e-16
-7.565776449597072426e-16
-7.657310204506723245e-16
2.056006217935514324e-16
1.510891690003496108e-15
2.223616728462542663e-15
1.900251127495829547e-15
8.040563356793456760e-16
-8.437979584033006340e-17
-1.434451178871629585e-17
9.842042233135720988e-16
1.832289882967789450e-15
1.780943108876482936e-15
9.498544948182833481e-16
3.122775129119183868e-16
5.177185961856166397e-16
1.320330563573572636e-15
1.725039166408094702e-15
1.275814861801132771e-15
5.778722520674742210e-16
6.914955988662433863e-16
1.346610182287667212e-15
1.561528347702480928e-15
1.064315400713559346e-15
7.103259073679696269e-16
1.060635575431125523e-15
1.511476275783118924e-15
1.201601895683586722e-15
8.268704820135900182e-16
1.096659609848674417e-15
1.431315179107778234e-15
1.139081584973624113e-15
9.166794682813192323e-16
1.249525785742078281e-15
1.337120144008829696e-15
9.920468972130967953e-16
1.124637112055807803e-15
1.338105191306401033e-15
1.091071329454655087e-15
1.090941296664860270e-15
1.322674724705099330e-15
1.100350005474156504e-15
1.141910415308504543e-15
1.280640415546803042e-15
1.099509136673957073e-15
1.200538881814141041e-15
1.232168137075743508e-15
1.104162130336940824e-15
1.267383011508709643e-15
1.130905608664624219e-15
1.214462199720068976e-15
1.190963973330901476e-15
1.170362089544133423e-15
1.220566916129623568e-15
1.159489463195574288e-15
1.223093362623770015e-15
1.165848355772955204e-15
1.216375611082655443e-15
1.175252595350944538e-15
1.209716672722955827e-15
1.182671661176391432e-15
1.205286973702966989e-15
1.187666910594537242e-15
1.202731751431015969e-15
1.190937760673547969e-15
1.201345967917123045e-15
1.193137900878679307e-15
1.200621288330152190e-15
1.194686759692377068e-15
1.200259739748707915e-15
1.195827766530315368e-15
1.200097297599972352e-15
1.196700717122599249e-15
1.200044402661104790e-15
1.197388278594633284e-15
1.200051461048489602e-15
1.197941641466823150e-15
1.200090448309808772e-15
1.198394138907018798e-15
1.200145245152507969e-15
1.198768536291088826e-15
1.200206485422951791e-15
1.199081048974233673e-15
1.200268734755415163e-15
1.199343643972079939e-15
1.200328897779760767e-15
1.199565414475047504e-15
1.200385292059543878e-15
1.199753435322830078e-15
1.200437095394956197e-15
1.199913316632737169e-15
1.200484008640496840e-15
1.200049575402796838e-15
1.200526046473339269e-15
1.200165893196276921e-15
1.200563405997731656e-15
1.200265300252819601e-15
1.200596383696189515e-15
1.200350310447649981e-15
1.200625322926380109e-15
1.200423022571734019e-15
1.200650580983261071e-15
1.200485197792313183e-15
1.200672508808235275e-15
1.200538319982998160e-15
1.200691438906813645e-15
1.200583643355341380e-15
1.200707678616417414e-15
1.200622230566253987e-15
1.200721506821715936e-15
1.200654983520607715e-15
1.200733172882562740e-15
1.200682668482656351e-15
1.200742896934111945e-15
1.200705936715505324e-15
1.200750871010824353e-15
1.200725341540536623e-15
1.200757260626927593e-15
1.200741352509972401e-15
1.200762206561689996e-15
1.200754367233528742e-15
1.200765826707660166e-15
1.200764721263806199e-15
1.200768217853976000e-15
1.200772696400960064e-15
1.200769457365030124e-15
1.200778527649622092e-15
1.200769604705515914e-15
1.200782409072334995e-15
1.200768702793617403e-15
1.200784498696660714e-15
1.200766779178108279e-15
1.200784922629095175e-15
1.200763847035252960e-15
1.200783778489454892e-15
1.200759905991422467e-15
1.200781138267366370e-15
1.200754942781232792e-15
1.200777050676835851e-15
1.200748931746004806e-15
1.200771543087705815e-15
1.200741835189435212e-15
1.200764623079982732e-15
