# bin_3_1
1.206996510449489943e-04
1.207006781239615043e-04
1.206975183226300963e-04
1.206984428118476708e-04
1.206951575271712480e-04
1.206959588171969803e-04
1.206925494324352741e-04
1.206932077032693020e-04
1.206896729231646015e-04
1.206901688772458716e-04
1.206865049087617624e-04
1.206868195322015444e-04
1.206830202353483867e-04
1.206831345840855986e-04
1.206791915983443961e-04
1.206790866073190416e-04
1.206749894584273184e-04
1.206746457723149797e-04
1.206703819639949604e-04
1.206697797892343976e-04
1.206653348843642959e-04
1.206644538617170439e-04
1.206598115569725417e-04
1.206586306559804639e-04
1.206537728545746611e-04
1.206522702897406450e-04
1.206471771761196673e-04
1.206453303472117787e-04
1.206399804679434692e-04
1.206377659250199176e-04
1.206321362796057979e-04
1.206295297149341208e-04
1.206235958602772709e-04
1.206205721283644942e-04
1.206143082995674151e-04
1.206108414663748359e-04
1.206042207162344053e-04
1.206002841373110822e-04
1.205932784950691712e-04
1.205888449217171638e-04
1.205814255697944005e-04
1.205764672791934399e-04
1.205686047440500993e-04
1.205630936872670956e-04
1.205547580369525966e-04
1.205486659940738936e-04
1.205398270303324613e-04
1.205331257574396514e-04
1.205237531845422663e-04
1.205164145304756423e-04
1.205064780761953998e-04
1.204984740404133384e-04
1.204879434962189511e-04
1.204792461897937400e-04
1.204680913292091685e-04
1.204586727933083606e-04
1.204468631181392622e-04
1.204366949449614641e-04
1.204241992016883859e-04
1.204132518970948854e-04
1.204000373004938967e-04
1.203882793240582951e-04
1.203743104251300827e-04
1.203617068472814664e-04
1.203469439902677660e-04
1.203334547190085827e-04
1.203178520520078136e-04
1.203034296090944367e-04
1.202869326478210669e-04
1.202715195181821775e-04
1.202540623171067608e-04
1.202375879612480150e-04
1.202190900224856906e-04
1.202014677279724248e-04
1.201818308754215857e-04
1.201629547296973106e-04
1.201420602872497502e-04
1.201218026670074153e-04
1.200995093904732463e-04
1.200777194649401889e-04
1.200538627612620881e-04
1.200303665627810794e-04
1.200047595481760078e-04
1.199793621304809138e-04
1.199517989800049229e-04
1.199242890055811573e-04
1.198945507755015016e-04
1.198647074987314377e-04
1.198325701161633315e-04
1.198001721282100532e-04
1.197654155358360354e-04
1.197302498424234634e-04
1.196926664336087022e-04
1.196545355747541183e-04
1.196139352495168777e-04
1.195726595074042949e-04
1.195288682611340768e-04
1.194842799449596390e-04
1.194371293297093650e-04
1.193890571593431138e-04
1.193383636953078127e-04
1.192866078083331738e-04
1.192321446873448684e-04
1.191764467251355875e-04
1.191179145345498198e-04
1.190579317573520961e-04
1.189949390603336636e-04
1.189302345285372985e-04
1.188623004663229526e-04
1.187923601257902695e-04
1.187189467810451354e-04
1.186432261574976997e-04
1.185637964957654030e-04
1.184817844945007661e-04
1.183958644595645669e-04
1.183071345945710206e-04
1.182143437474781581e-04
1.181185554353896678e-04
1.180185729769870311e-04
1.179154011673935737e-04
1.178078645180021677e-04
1.176968799051385575e-04
1.175812660982902781e-04
1.174618419047782390e-04
1.173374244887785239e-04
1.172087630240095153e-04
1.170747162269709853e-04
1.169360215192522207e-04
1.167916324682171763e-04
1.166423156739208129e-04
1.164871274103341121e-04
1.163268368706302729e-04
1.161605374257198924e-04
1.159889172278136954e-04
1.158110243592918524e-04
1.156274213839483469e-04
1.154371230396126910e-04
1.152406478984436232e-04
1.150371042086653818e-04
1.148271005050380657e-04
1.146099177815685982e-04
1.143862393879666289e-04
1.141553963549752694e-04
1.139179662694777347e-04
1.136731743329016378e-04
1.134214592828122861e-04
1.131620696129907716e-04
1.128955550490762358e-04
1.126214206953702821e-04
1.123403953263706230e-04
1.120520679250548804e-04
1.117570238377282399e-04
1.114546807670485889e-04
1.111455116022205423e-04
1.108291016663215801e-04
1.105062255085217975e-04
1.101767682218612030e-04
1.098414952998898550e-04
1.095000706938215702e-04
1.091530193903505753e-04
1.088001260854123086e-04
1.084422979682061284e-04
1.080796635707199850e-04
1.077130116441253784e-04
1.073421063282959975e-04
1.069675837353193802e-04
1.065895967239989409e-04
1.062091913802075247e-04
1.058264151220310420e-04
1.054417816100559565e-04
1.050552470645096687e-04
1.046678009790758776e-04
1.042796500107620215e-04
1.038912333675942904e-04
1.035023310031778421e-04
1.031137615766951132e-04
1.027256460926155416e-04
1.023381746362691180e-04
1.019510042845274178e-04
1.015648027073088580e-04
1.011793293170882489e-04
1.007944186021887846e-04
1.004098300084677519e-04
1.000259225557363727e-04
9.964187029935338009e-05
9.925764662438538600e-05
9.887309642980710554e-05
9.848780549911515642e-05
9.810125913370150452e-05
9.771373994667452109e-05
9.732438559681812554e-05
9.693340075091470040e-05
9.654059405129075081e-05
9.614570068637824445e-05
9.574901154078573659e-05
9.535042003273195763e-05
9.495008651057725675e-05
9.454841216821469594e-05
9.414529857149996257e-05
9.374146110870399046e-05
9.333667358627432519e-05
9.293165046979749992e-05
9.252609826735307781e-05
9.212052804897559065e-05
9.171454555547286396e-05
9.130838959444259075e-05
9.090154039554172629e-05
9.049400974323129154e-05
9.008520907930160366e-05
8.967506219107851092e-05
8.926305004115274249e-05
8.884919073934639843e-05
8.843318555590482769e-05
8.801528015152174902e-05
8.759545363909520502e-05
8.717416632829150160e-05
8.675156432035510397e-05
8.632813726639715986e-05
8.590395297755477303e-05
8.547927847421936420e-05
8.505389100674916293e-05
8.462772341543741827e-05
8.420028674681846932e-05
8.377135729237661485e-05
8.334048115195424205e-05
8.290764063482380594e-05
8.247274189533975071e-05
8.203616072037626949e-05
8.159813335502624082e-05
8.115916450814935821e-05
8.071937878204087308e-05
8.027892750425446352e-05
7.983747413151444665e-05
7.939475495119067961e-05
7.895025831000124521e-05
7.850386131048399830e-05
7.805548623978987067e-05
7.760553673074048649e-05
7.715431646121849083e-05
7.670224335278178548e-05
7.624925237335480703e-05
7.579518185007457854e-05
7.533952226867037319e-05
7.488207391932789913e-05
7.442275495233816615e-05
7.396197904112911136e-05
7.350004558996500118e-05
7.303721001365968697e-05
7.257318469509783660e-05
7.210766375808279154e-05
7.164031941184985971e-05
7.117137653367152479e-05
7.070113984022524157e-05
7.022993640627408975e-05
6.975752006769903263e-05
6.928357559974990482e-05
6.880786131501615650e-05
6.833074332023158387e-05
6.785254393327202680e-05
6.737333280766575109e-05
6.689261866905912076e-05
6.641022995435224110e-05
6.592639350850809199e-05
6.544159473968788989e-05
6.495564862209024612e-05
6.446817839572777597e-05
6.397910882668144989e-05
6.348897435280721725e-05
6.299780390371134719e-05
6.250523595650089165e-05
6.201113346281673922e-05
6.151601973641852557e-05
6.101984225581019407e-05
6.052223447892943106e-05
6.002329034759295770e-05
5.952348369591364368e-05
5.902243385883157700e-05
5.852003733946200273e-05
5.801671833311560053e-05
5.751240140731740680e-05
5.700666769216914163e-05
5.650007960674709536e-05
5.599254003364256886e-05
5.548378697839062085e-05
5.497420620091655663e-05
5.446370219163747446e-05
5.395209204960645691e-05
5.343983466244832278e-05
5.292650712220811252e-05
5.241246058404558584e-05
5.189763332533801589e-05
5.138204580540471357e-05
5.086571774310692730e-05
5.034873350352660090e-05
4.983116516130458630e-05
4.931296128763254830e-05
4.879433417199118618e-05
4.827505380152049083e-05
4.775551175775192447e-05
4.723551687622718707e-05
4.671519658538801243e-05
4.619464846172636482e-05
4.567385146430377567e-05
4.515293389311982313e-05
4.463198024617223090e-05
4.411090725691946257e-05
4.358998835732068777e-05
4.306916625430827749e-05
4.254852230548292148e-05
4.202820687667284757e-05
4.150819074150791175e-05
4.098864064550394648e-05
4.046960979160186525e-05
3.995111484767659339e-05
3.943338505945030833e-05
3.891639463206003326e-05
3.840026633922367065e-05
3.788515121830654726e-05
3.737103875889261892e-05
3.685811772467021384e-05
3.634646468269253292e-05
3.583612258900255499e-05
3.532730612477408510e-05
3.482003036363038781e-05
3.431442292770067021e-05
3.381062228735725347e-05
3.330868000315452727e-05
3.280877851780924164e-05
3.231099119190928502e-05
3.181540434815258921e-05
3.132218990066635482e-05
3.083140733086333095e-05
3.034319134819378402e-05
2.985767600590221176e-05
2.937492968804817148e-05
2.889511633582228961e-05
2.841831733547913708e-05
2.794462917486411699e-05
2.747420376207740630e-05
2.700711114785077772e-05
2.654346530804502064e-05
2.608337771076338658e-05
2.562692332847147563e-05
2.517424356235492940e-05
2.472541172100305620e-05
2.428052113417735058e-05
2.383969437025850293e-05
2.340299854666135976e-05
2.297053119253206056e-05
2.254238639831067172e-05
2.211863389060348407e-05
2.169938692827959133e-05
2.128470687182723752e-05
2.087467694393136452e-05
2.046938548552348311e-05
2.006888270139085072e-05
1.967325197276153007e-05
1.928257214001722356e-05
1.889688709162020615e-05
1.851626768759612258e-05
1.814075127739739842e-05
1.777038970961984429e-05
1.740523779545668270e-05
1.704533435476326392e-05
1.669072443129311864e-05
1.634145418768006506e-05
1.599753856666768226e-05
1.565901159507818976e-05
1.532588690330974863e-05
1.499819523856721362e-05
1.467595224562178746e-05
1.435916084963450418e-05
1.404782445155315938e-05
1.374194989763935798e-05
1.344152992516835796e-05
1.314656849396176568e-05
1.285705541057604248e-05
1.257298132110732167e-05
1.229432356050212461e-05
1.202106105354884437e-05
1.175316036120235370e-05
1.149059040597710710e-05
1.123331360796641928e-05
1.098129841871480706e-05
1.073450363390008457e-05
1.049289145040207305e-05
1.025641205422656656e-05
1.002501682796019813e-05
9.798644483477107596e-06
9.577241899507218597e-06
9.360752584333056919e-06
9.149119265126579861e-06
8.942268708047176678e-06
8.740137896995196594e-06
8.542653828961302963e-06
8.349741626234605135e-06
8.161331073614373814e-06
7.977361190052921865e-06
7.797753882522577302e-06
7.622429347831885361e-06
7.451304435568707469e-06
7.284300157306095167e-06
7.121340552281891339e-06
6.962344419282290362e-06
6.807226448720944505e-06
6.655906896437290617e-06
6.508308131485464195e-06
6.364350259520782627e-06
6.223945018998784263e-06
6.087004423518199479e-06
5.953445661385482126e-06
5.823197685202608975e-06
5.696173922797754097e-06
5.572293959325075785e-06
5.451478695753723513e-06
5.333649120255582394e-06
5.218717739695940671e-06
5.106612967583967041e-06
4.997262071391946441e-06
4.890586664054939545e-06
4.786504587566297908e-06
4.684947219826284138e-06
4.585838279682147653e-06
4.489111649580266850e-06
4.394699345459873766e-06
4.302526817026527453e-06
4.212524898883031223e-06
4.124634744080852795e-06
4.038788518792546964e-06
3.954925387923431832e-06
3.872977753467744402e-06
3.792891741480302555e-06
3.714610750361250455e-06
3.638074006541054040e-06
3.563224845503903559e-06
3.490012106199430643e-06
3.418385535356536393e-06
3.348290862042354484e-06
3.279681699485401461e-06
3.212513942785890421e-06
3.146738832534396604e-06
3.082311630681073524e-06
3.019189482756340705e-06
2.957328501838238615e-06
2.896691881547254250e-06
2.837245553073338747e-06
2.778949031411050549e-06
2.721768698759104668e-06
2.665669990859183142e-06
2.610619020696719756e-06
2.556583998675663343e-06
2.503532508306925370e-06
2.451442064085506768e-06
2.400284197337129570e-06
2.350030460463186740e-06
2.300659382810024904e-06
2.252142629255279163e-06
2.204463347976778013e-06
2.157591183922626604e-06
2.111505176791460132e-06
2.066196238853431353e-06
2.021641340535542808e-06
1.977821503173435195e-06
1.934720995134557443e-06
1.892315964688450344e-06
1.850606209280448676e-06
1.809567886661467700e-06
1.769180893572573071e-06
1.729448112300329665e-06
1.690348280933808878e-06
1.651873084442650946e-06
1.614011400688643273e-06
1.576742938479290403e-06
1.540080330910598419e-06
1.503997989698687758e-06
1.468480161326275112e-06
1.433540801031176111e-06
1.399156861706736960e-06
1.365330034083001157e-06
1.332049954318124040e-06
1.299294991143068665e-06
1.267091119998370400e-06
1.235410232415809444e-06
1.204240280451587409e-06
1.173602709279149297e-06
1.143467523971130020e-06
1.113847355296683003e-06
1.084731121640669135e-06
1.056094575681791697e-06
1.027975111431290089e-06
1.000339860252777016e-06
9.731819431235116879e-07
9.465245816311783292e-07
9.203329302649148720e-07
8.946284599607552529e-07
8.693974725831797798e-07
8.446133462568130361e-07
8.203211417581803947e-07
7.964832990393160916e-07
7.730984188782001990e-07
7.501871237238965009e-07
7.277124922064192125e-07
7.057025045187562795e-07
6.841401867678883295e-07
6.629973919334186676e-07
6.423235347274016190e-07
6.220757149256317147e-07
6.022591261202580324e-07
5.828887316926368961e-07
5.639266312909943071e-07
5.454064787025994240e-07
5.273070043566668462e-07
5.096013561798188537e-07
4.923389057734073861e-07
4.754748445874983506e-07
4.590193562628474890e-07
4.429814523039496070e-07
4.273230534205835704e-07
4.120807818375816963e-07
3.972270249735721208e-07
3.827351927137842098e-07
3.686472860817907296e-07
3.549135261496974285e-07
3.415445909529421887e-07
3.285399713427990544e-07
3.158627365199972282e-07
3.035517156342515103e-07
2.915800475450147004e-07
2.799332394151729239e-07
2.686578717446392416e-07
2.577178236213858038e-07
2.471371992200064107e-07
2.369166600731071099e-07
2.270255394327779379e-07
2.174999637196492838e-07
2.083068291682171985e-07
1.994291174231034983e-07
1.908944829432047671e-07
1.826579518483493434e-07
1.747327097937870105e-07
1.671050181360786742e-07
1.597384858748723889e-07
1.526549574797420333e-07
1.458119528460534531e-07
1.391902322323712986e-07
1.328026426111855167e-07
1.266055843246256305e-07
1.206126414488219179e-07
1.148143581961856683e-07
1.091872863634372096e-07
1.037584001839331418e-07
9.850088132302207089e-08
9.341459590024725580e-08
8.851870665500625592e-08
8.378889840044820362e-08
7.924322799963955785e-08
7.487322929801638794e-08
7.065915043347310683e-08
6.662132759719341258e-08
6.273933643709391355e-08
5.901568625190080539e-08
5.545573390503508474e-08
5.203843331594949804e-08
4.877466497409265102e-08
4.566024767167105036e-08
4.268486189411299732e-08
3.986020138380187355e-08
3.716640468124386991e-08
3.460448708034457875e-08
3.217702496670121800e-08
2.986952060849349533e-08
2.768471173535024027e-08
2.561626424707110391e-08
2.366005172069926810e-08
2.182147659078488078e-08
2.008425096566694255e-08
1.845058037542799722e-08
1.691876492235587325e-08
1.547457050295995498e-08
1.411952857071542270e-08
1.285163291170069838e-08
1.166472523990685284e-08
1.055948865639157650e-08
9.529486045277595198e-09
8.570898111292089103e-09
7.677960348734938854e-09
6.847590196950537863e-09
6.078160657340875380e-09
5.367530576604522921e-09
4.713813542140021639e-09
4.110902116548436976e-09
3.554587510890842188e-09
3.042151808927556079e-09
2.573931755450197271e-09
2.148755472593287130e-09
1.760617596705261168e-09
1.406524818736748364e-09
1.083756365024881001e-09
7.928870681071799912e-10
5.324585044101432942e-10
2.985277911159147062e-10
8.545294695119655186e-11
-1.028673298052718474e-10
-2.694839575084386217e-10
-4.158685478455715281e-10
-5.459249885457347072e-10
-6.606112721020419484e-10
-7.569156447025534467e-10
-8.403683512202065426e-10
-9.132392658151484179e-10
-9.724087501292630697e-10
-1.021082915449691583e-09
-1.061140450116323366e-09
-1.092506333246708278e-09
-1.115415661213040684e-09
-1.131240795246500070e-09
-1.142088511457407984e-09
-1.146124345694272735e-09
-1.144537016867337795e-09
-1.140679613349254046e-09
-1.130941774540568143e-09
-1.117913479000044014e-09
-1.102948144976833679e-09
-1.083501504259525302e-09
-1.063536517316412305e-09
-1.041361464299579876e-09
-1.016904385579339585e-09
-9.918392758119358145e-10
-9.649945105318626836e-10
-9.379147046335237209e-10
-9.096357890235971796e-10
-8.812876122077738686e-10
-8.532132158865178396e-10
-8.248588301523628870e-10
-7.964440981865464619e-10
-7.683073144390209350e-10
-7.396710941129566453e-10
-7.113578903100050856e-10
-6.840106466456590549e-10
-6.566451960287421946e-10
-6.300609143194027567e-10
-6.043662287006063882e-10
-5.781242912562546520e-10
-5.536069989374704654e-10
-5.286162814583952658e-10
-5.043133525287067679e-10
-4.818970674242024176e-10
-4.592999644948273120e-10
-4.378825189400140554e-10
-4.172700156633645357e-10
-3.972841406628569275e-10
-3.781874563242156059e-10
-3.591940302093963672e-10
-3.413762578004684359e-10
-3.246331405718663253e-10
-3.089548013256559172e-10
-2.929139101953953327e-10
-2.774388397172506185e-10
-2.637560851668202646e-10
-2.499393537215985552e-10
-2.372266966971717279e-10
-2.248580937818361390e-10
-2.129370550104486900e-10
-2.030156546791562274e-10
-1.922141556665453967e-10
-1.819584436875648525e-10
-1.725447749539565451e-10
-1.623089005322092643e-10
-1.538885686588304605e-10
-1.453590030111136908e-10
-1.367838980946774447e-10
-1.301158442233028773e-10
-1.224854801510198734e-10
-1.151607285805152632e-10
-1.085997049902072247e-10
-1.018562139969832171e-10
-9.625645101510065913e-11
-9.051033292675648914e-11
-8.520832552716381172e-11
-8.104230282307485924e-11
-7.592748249715272209e-11
-7.157299012607241828e-11
-6.742506299918416080e-11
-6.319242499524107596e-11
-5.998654007461552724e-11
-5.639196831335977540e-11
-5.285509189172430293e-11
-5.012483833540324149e-11
-4.700397102352887209e-11
-4.488779668764218413e-11
-4.273922078517985912e-11
-4.012427110662817852e-11
-3.805355576215441707e-11
-3.570833985758078882e-11
-3.338849538387206330e-11
-3.155314555283851405e-11
-2.899163351195581425e-11
-2.701484234978325704e-11
-2.554169213075745818e-11
-2.412963543932168592e-11
-2.330658706027566799e-11
-2.217385515567212631e-11
-2.130710957908712347e-11
-2.064266928353543088e-11
-1.896303432040942982e-11
-1.781570352791370829e-11
-1.661753042671297959e-11
-1.523971955174152716e-11
-1.476456696712519193e-11
-1.395779086003563845e-11
-1.312101201342775535e-11
-1.281903920954112307e-11
-1.205234899863277734e-11
-1.168225257109070817e-11
-1.132701307947283697e-11
-1.074403678709765831e-11
-1.036472346306912880e-11
-9.261923654174224251e-12
-8.352054852345668650e-12
-8.229997379675978867e-12
-8.021210988108270245e-12
-8.266386700054539791e-12
-8.029046822636992365e-12
-7.208566714797096283e-12
-6.916746254353170697e-12
-6.333167208308400954e-12
-6.174635255954626162e-12
-6.268374921933682962e-12
-5.874545291437930177e-12
-5.964430698036006514e-12
-5.732213407355067673e-12
-5.109320187373003936e-12
-4.921117929412636933e-12
-4.786555626895858435e-12
-5.126543549846234994e-12
-5.150084639926277100e-12
-4.417977596794545829e-12
-4.235780602656026353e-12
-4.232023523862724795e-12
-4.170565975860237715e-12
-4.356009438502463550e-12
-4.046543174247561757e-12
-3.696572167083343864e-12
-3.692798137564851194e-12
-3.843427374576511811e-12
-3.767344920317305506e-12
-3.344376107184346856e-12
-3.321926688745769817e-12
-3.584170885999821294e-12
-3.400349329276736378e-12
-3.171352556444267359e-12
-3.084991663400474464e-12
-3.255976473737707452e-12
-3.168499514966565547e-12
-2.902491181362243886e-12
-2.963842254837842257e-12
-3.010035125808678887e-12
-2.741878017511688300e-12
-2.763566156627977222e-12
-2.859055760398151951e-12
-2.557542950519044234e-12
-2.627065860889681364e-12
-2.644970408946508448e-12
-2.460246874712758661e-12
-2.503619946586018171e-12
-2.438161994672741302e-12
-2.329230324690913491e-12
-2.388219901840695006e-12
-2.203473645057767685e-12
-2.222414207857391890e-12
-2.161782207100106970e-12
-2.057163392433286218e-12
-2.067836353740300012e-12
-1.961737584977332483e-12
-1.957399478994261126e-12
-1.859710090071032449e-12
-1.818698874911104814e-12
-1.756442722385169693e-12
-1.682108747642917819e-12
-1.616883839120808779e-12
-1.580168361276042683e-12
-1.499597737053247848e-12
-1.465205351053899303e-12
-1.382919008031737508e-12
-1.310774055109870463e-12
-1.249536236521956057e-12
-1.178584774411364607e-12
-1.120665050438336537e-12
-1.068035316918719750e-12
-9.924816323530002724e-13
-9.247353285702133896e-13
-8.524853522570238726e-13
-7.867100750852076104e-13
-7.389466407006425733e-13
-6.715637438377524916e-13
-6.039259520034884103e-13
-5.430336403899543275e-13
-4.830699179600173058e-13
-4.371336545128175853e-13
-3.778439300110205462e-13
-3.156625752960837690e-13
-2.708074661473651983e-13
-2.266025046891865172e-13
-1.826465543947430800e-13
-1.370603030595346139e-13
-9.657259864030441007e-14
-7.093254700230545172e-14
-3.979697530330351924e-14
-9.359171896384560382e-15
9.629121208916325547e-15
2.677326871616667629e-14
4.286973732421279610e-14
5.460698140630453953e-14
5.857031525570957487e-14
5.962807435591180115e-14
6.348740309080750484e-14
5.628373838421952869e-14
4.683966774122438049e-14
4.275980349991621007e-14
2.961540709728843371e-14
1.726802474415063666e-14
6.920752972244585922e-15
-1.011743337377288839e-14
-2.052097366697476297e-14
-3.395895384059474455e-14
-4.535967453384327561e-14
-5.246433383623987279e-14
-6.038109547104996497e-14
-6.443320403252094892e-14
-6.662386554700610014e-14
-6.556777681219543740e-14
-6.220413239855060700e-14
-5.576192701935777632e-14
-4.825741406388769845e-14
-3.915866666213315952e-14
-2.892731785458928159e-14
-1.850528070816703819e-14
-8.174890432320825352e-15
6.880695270378255678e-16
7.854800255532016187e-15
1.338073934369771439e-14
1.641595361999590481e-14
1.678834942887184612e-14
1.490459881524215926e-14
1.126434901003726608e-14
6.431853243641127124e-15
3.337077140336050807e-16
-5.508576125693909637e-15
-1.041783820388856758e-14
-1.389936513336598919e-14
-1.599847716984498815e-14
-1.551313092453723716e-14
-1.311266676787578684e-14
-9.497720779444360197e-15
-4.793359018792565191e-15
3.697975857540174168e-16
4.414760649480661958e-15
7.293778763665657744e-15
8.424573068076265440e-15
7.505574357923697000e-15
5.018592851175263560e-15
1.715231157188254058e-15
-1.836392434894011610e-15
-4.354802207572516511e-15
-5.446940558362426536e-15
-4.665253219323777427e-15
-2.513697524969519455e-15
5.398623216741638393e-16
3.324578324213225615e-15
5.093146255513398785e-15
5.351396417512140174e-15
4.090238087075703991e-15
1.901261695439451676e-15
-2.867992825391462138e-16
-1.592847656965720154e-15
-1.389807317706672373e-15
1.037032329037907790e-16
2.220846530752128801e-15
3.864476594995698988e-15
4.198134362482114793e-15
3.143816446710610285e-15
1.430713965473081469e-15
1.259459796363797076e-16
1.159402176420374893e-16
1.218634351612178712e-15
2.707202207884182251e-15
3.521731588733687585e-15
3.145373067182803674e-15
1.899763074442228963e-15
8.953935210797357115e-16
9.755622411805907034e-16
2.107971702433172343e-15
3.069101250182747011e-15
3.015058716992406231e-15
2.073468375457269971e-15
1.342562767178437381e-15
1.578133506817559022e-15
2.493219590427622947e-15
2.949721776788421245e-15
2.440881010876462479e-15
1.649815854083412468e-15
1.775312502788693107e-15
2.520404750568088740e-15
2.767660081449701200e-15
2.201179919343797514e-15
1.797414996061438027e-15
2.197153522727705463e-15
2.709234547676436252e-15
2.357779918026898185e-15
1.930915513203918184e-15
2.237311572731978921e-15
2.619385359097039237e-15
2.285851896800527598e-15
2.033561988900439415e-15
2.411466737090471057e-15
2.512304366869860100e-15
2.118670090483536783e-15
2.269894488652391155e-15
2.513318145609957037e-15
2.231311973802067386e-15
2.231925348569923379e-15
2.495485656569910748e-15
2.242080710457234242e-15
2.290086133656226733e-15
2.447385670090237115e-15
2.241515465621781954e-15
2.356629098549842876e-15
2.392259102378386550e-15
2.247046183265015214e-15
2.432421130221583914e-15
2.277363247936021368e-15
2.372358616278542378e-15
2.345611790369075221e-15
2.322261106514103127e-15
2.379278457784461035e-15
2.309909914399742833e-15
2.382173118681548808e-15
2.317142683278802860e-15
2.374555802607291434e-15
2.327838249352229131e-15
2.367000804295675262e-15
2.336277969305903517e-15
2.361976527198641338e-15
2.341962443760188977e-15
2.359080702073176886e-15
2.345686278783049071e-15
2.357512505047688087e-15
2.348192366455337505e-15
2.356694471030062252e-15
2.349957440813326338e-15
2.356288130063607251e-15
2.351258230689711535e-15
2.356107203169145791e-15
2.352253683953907370e-15
2.356050014629566393e-15
2.353037815107183784e-15
2.356060289508680286e-15
2.353668857323848595e-15
2.356106250563764006e-15
2.354184740654190378e-15
2.356169637466049646e-15
2.354611376927344534e-15
2.356239853484234763e-15
2.354967226492118364e-15
2.356310760498084887e-15
2.355265914574158739e-15
2.356378869982555178e-15
2.355517793961166889e-15
2.356442291478665009e-15
2.355730917638684857e-15
2.356500105186530414e-15
2.355911668441607009e-15
2.356551979364375367e-15
2.356065181632765491e-15
2.356597932989343881e-15
2.356195638032734241e-15
2.356638186788026509e-15
2.356306473403308123e-15
2.356673069088994961e-15
2.356400531967757217e-15
2.356702956341200087e-15
2.356480181513205168e-15
2.356728235746598728e-15
2.356547401443810776e-15
2.356749282231367241e-15
2.356603851229728218e-15
2.356766444649213360e-15
2.356650924434295988e-15
2.356780038025408581e-15
2.356689791818472377e-15
2.356790339635915174e-15
2.356721436102169539e-15
2.356797587564321349e-15
2.356746680214090630e-15
2.356801980729555521e-15
2.356766210393264641e-15
2.356803679823660484e-15
2.356780595163916520e-15
2.356802808683247817e-15
2.356790300989356342e-15
2.356799455859831621e-15
2.356795705182383400e-15
2.356793676168428343e-15
2.356797106574037520e-15
2.356785492132168563e-15
2.356794734303050973e-15
2.356774895230489518e-15
2.356788755029757421e-15
2.356761846909853673e-15
2.356779278816729291e-15
2.356746279332411239e-15
2.356766363885509243e-15
2.356728095862588916e-15
2.356750020395013700e-15
2.356707171275356658e-15
2.356730213382447319e-15
2.356683351707746258e-15
2.356706864984682453e-15
2.356656454347337672e-15
2.356679856026253107e-15
2.356626266883066673e-15
2.356649027057601206e-15
2.356592546728845704e-15
2.356614178912761021e-15
