# bin_4_2
2.548949989747119013e-04
2.548487234807232573e-04
2.548778820987493833e-04
2.548332687563080521e-04
2.548592820372782642e-04
2.548161095198167667e-04
2.548390555232196795e-04
2.547971070197403666e-04
2.548170482782959761e-04
2.547761105223833068e-04
2.547930945171447193e-04
2.547529569015152362e-04
2.547670165089529321e-04
2.547274702923777974e-04
2.547386242218859453e-04
2.546994618357936160e-04
2.547077150788150217e-04
2.546687295466276940e-04
2.546740738591295682e-04
2.546350583415942686e-04
2.546374727846795649e-04
2.545982202710097425e-04
2.545976718359694137e-04
2.545579750000910081e-04
2.545544193468385471e-04
2.545140705936724105e-04
2.545074529333381957e-04
2.544662446604852978e-04
2.544565008136175912e-04
2.544142259162881798e-04
2.544012835789867012e-04
2.543577362249715350e-04
2.543415164735658425e-04
2.542964931742011225e-04
2.542769122351775908e-04
2.542302132317778669e-04
2.542071845373816328e-04
2.541586155160639954e-04
2.541320520537446279e-04
2.540814261861796858e-04
2.540512431344336313e-04
2.539983834233679964e-04
2.539645010419237401e-04
2.539092429225992703e-04
2.538715896337803007e-04
2.538137837460828212e-04
2.537722993013347833e-04
2.537118143002373171e-04
2.536664528751819019e-04
2.536031780904636859e-04
2.535539110871178623e-04
2.534877587742753930e-04
2.534345770374621647e-04
2.533654838862311304e-04
2.533083989610103817e-04
2.532363264462992453e-04
2.531753704238598403e-04
2.531003035079924736e-04
2.530355269364898091e-04
2.529574705711096910e-04
2.528889378625745433e-04
2.528079107134188698e-04
2.527356924788318974e-04
2.526517173303735445e-04
2.525758791502385569e-04
2.524889695734373646e-04
2.524095568955998271e-04
2.523197000135089991e-04
2.522367192000359265e-04
2.521438548041610227e-04
2.520572508601373802e-04
2.519612477396157503e-04
2.518708799692033658e-04
2.517715111287143577e-04
2.516771288691385146e-04
2.515740482944632777e-04
2.514752699168345705e-04
2.513679946052134635e-04
2.512642940011471158e-04
2.511521959151520318e-04
2.510429014661153370e-04
2.509252145913711896e-04
2.508095257746706039e-04
2.506853731357008884e-04
2.505623989843351715e-04
2.504308427929476263e-04
2.502996638780518126e-04
2.501597784675820783e-04
2.500195295094268986e-04
2.498704910886770662e-04
2.497204546890997271e-04
2.495616345105325807e-04
2.494013285308852284e-04
2.492323680178287239e-04
2.490616016134572053e-04
2.488824418094691838e-04
2.487013112421120964e-04
2.485121484387218670e-04
2.483209478193943213e-04
2.481220969050619172e-04
2.479211352936166557e-04
2.477128057838310737e-04
2.475021525885156919e-04
2.472841790234770452e-04
2.470634006004938607e-04
2.468350109225317499e-04
2.466029995358490624e-04
2.463627337276557512e-04
2.461177422186761835e-04
2.458636219865872083e-04
2.456035758025065319e-04
2.453335497273535131e-04
2.450565961950840850e-04
2.447691423482228229e-04
2.444742357584428287e-04
2.441688432536653105e-04
2.438560319007972480e-04
2.435332113842060520e-04
2.432033162145354817e-04
2.428639362129493236e-04
2.425175951003830164e-04
2.421617529224367061e-04
2.417983012295608989e-04
2.414244394467739575e-04
2.410414934770959902e-04
2.406466323932290234e-04
2.402410443822135949e-04
2.398223727973099444e-04
2.393921861135500553e-04
2.389489457410011138e-04
2.384946878871092640e-04
2.380284016948431246e-04
2.375519864579888783e-04
2.370641336237487768e-04
2.365658406603600320e-04
2.360550412613663556e-04
2.355319457186598833e-04
2.349944487218407244e-04
2.344431578681079682e-04
2.338771327707956976e-04
2.332981089935086101e-04
2.327061136390170106e-04
2.321028441743381611e-04
2.314875472635984533e-04
2.308604041747040628e-04
2.302195153678715739e-04
2.295647343818723164e-04
2.288952963611979620e-04
2.282128844160097097e-04
2.275184416476788631e-04
2.268138313189522332e-04
2.260986233250241535e-04
2.253724461256668954e-04
2.246337352846801091e-04
2.238830389930894353e-04
2.231214888060247708e-04
2.223517709665834611e-04
2.215747613484699626e-04
2.207904012256947635e-04
2.199971264387254712e-04
2.191953554259702219e-04
2.183869186907637274e-04
2.175748339024700538e-04
2.167596586233625432e-04
2.159404409942172135e-04
2.151162101241136705e-04
2.142892006273390364e-04
2.134622731900018538e-04
2.126363441801239510e-04
2.118094057192749125e-04
2.109813602237687875e-04
2.101549399011855214e-04
2.093324191524639658e-04
2.085118352283865987e-04
2.076917018800576828e-04
2.068742683106004204e-04
2.060616797636182558e-04
2.052511241948611184e-04
2.044410153542722730e-04
2.036339824021633283e-04
2.028301234594533076e-04
2.020252841398395777e-04
2.012203185818875700e-04
2.004169648896799013e-04
1.996112494125649929e-04
1.988021064416306408e-04
1.979922843167280090e-04
1.971775920887970310e-04
1.963575038363163405e-04
1.955344681543687616e-04
1.947043773445036776e-04
1.938686248585740979e-04
1.930286575551846821e-04
1.921807660604428838e-04
1.913298909560752850e-04
1.904728990671274028e-04
1.896124172354713246e-04
1.887492378403117271e-04
1.878827126598672640e-04
1.870161354131966061e-04
1.861473497241195420e-04
1.852798363098734575e-04
1.844112024155677803e-04
1.835439081242994336e-04
1.826756257795249141e-04
1.818075940459899190e-04
1.809375342002878114e-04
1.800658020488171229e-04
1.791902997772285640e-04
1.783110872279094464e-04
1.774265851571503602e-04
1.765371606236819922e-04
1.756420788565399196e-04
1.747423589458287096e-04
1.738381202435240931e-04
1.729308895081793120e-04
1.720211693415937652e-04
1.711103757451150689e-04
1.701986247222368992e-04
1.692865209260992047e-04
1.683732588358610922e-04
1.674584589329039628e-04
1.665406326292423282e-04
1.656190974429194707e-04
1.646926606541457034e-04
1.637614103758581931e-04
1.628253044510027253e-04
1.618855688281745444e-04
1.609429971826533638e-04
1.599989809882753483e-04
1.590537560798424620e-04
1.581075189914596130e-04
1.571591288857088588e-04
1.562077102389430199e-04
1.552518750777157693e-04
1.542914592430599796e-04
1.533265378754165311e-04
1.523584820378275214e-04
1.513882448698417374e-04
1.504168695236332489e-04
1.494438933703660184e-04
1.484685556995049820e-04
1.474892894912707957e-04
1.465056523073863907e-04
1.455177449628995375e-04
1.445270705351802158e-04
1.435345985108719242e-04
1.425408702256459389e-04
1.415447127239029116e-04
1.405450015380785332e-04
1.395408562444351184e-04
1.385332510152988887e-04
1.375233825596509950e-04
1.365122384240072186e-04
1.354988520334886944e-04
1.344820374309024845e-04
1.334610714337488646e-04
1.324372553752728823e-04
1.314117163948351431e-04
1.303846008983446905e-04
1.293542782440734067e-04
1.283202377266046146e-04
1.272833310270605610e-04
1.262451052175034196e-04
1.252048737380896269e-04
1.241613985039869902e-04
1.231145635070876045e-04
1.220661278298105861e-04
1.210160743678482864e-04
1.199631711130038963e-04
1.189071177436971894e-04
1.178496915197851084e-04
1.167906269771000239e-04
1.157286938761036970e-04
1.146643220354100695e-04
1.135990474232246840e-04
1.125315190652638719e-04
1.114614225081963665e-04
1.103901920115757255e-04
1.093175695753613463e-04
1.082422987531748255e-04
1.071662084705544960e-04
1.060888108651040568e-04
1.050093577456195969e-04
1.039291572073568198e-04
1.028477609304164414e-04
1.017647583466576563e-04
1.006816057764609425e-04
9.959680516197073311e-05
9.851170121698803184e-05
9.742582176959816657e-05
9.633940942810384738e-05
9.525264115473262004e-05
9.416550930104379297e-05
9.307846520975241291e-05
9.199115001557446017e-05
9.090437447961327577e-05
8.981745547241207607e-05
8.873140545156822201e-05
8.764573744729958803e-05
8.656092125187308433e-05
8.547709760586339584e-05
8.439436089515763592e-05
8.331293941254851491e-05
8.223311149631507997e-05
8.115480212092625529e-05
8.007852511227369285e-05
7.900424135697959997e-05
7.793219953824687249e-05
7.686273720039924688e-05
7.579588941587980116e-05
7.473199295424846021e-05
7.367123438741615302e-05
7.261372453803538029e-05
7.155988490760624042e-05
7.050979342617001906e-05
6.946372076984855910e-05
6.842198263489454233e-05
6.738466015919548804e-05
6.635212200974677905e-05
6.532456267291952856e-05
6.430215392907576621e-05
6.328524667742631673e-05
6.227400394511282543e-05
6.126867149073334819e-05
6.026953646226142219e-05
5.927674805832699957e-05
5.829064012091954023e-05
5.731138540659717396e-05
5.633919084339715342e-05
5.537433467726748254e-05
5.441700142365917529e-05
5.346742482000845057e-05
5.252584962927522199e-05
5.159240918200922219e-05
5.066737906011801909e-05
4.975090847028914529e-05
4.884318994342622171e-05
4.794444268802888748e-05
4.705481647892503826e-05
4.617448037477214843e-05
4.530361631482448907e-05
4.444233427636679908e-05
4.359085842764030583e-05
4.274929548424429119e-05
4.191781067760833404e-05
4.109654835846030457e-05
4.028562716698778169e-05
3.948516676411473685e-05
3.869530632685839143e-05
3.791612312821791560e-05
3.714776903182767518e-05
3.639030312771100408e-05
3.564383646360487365e-05
3.490843856375476186e-05
3.418416779316445057e-05
3.347108412860934411e-05
3.276926253760039450e-05
3.207871213734184672e-05
3.139950185133127275e-05
3.073162813282417048e-05
3.007511636591542770e-05
2.942996260096096241e-05
2.879618421815685253e-05
2.817375807926864625e-05
2.756268167592413761e-05
2.696290178385613265e-05
2.637440604107846114e-05
2.579712355946634278e-05
2.523102797876803101e-05
2.467604233398214728e-05
2.413210788769904112e-05
2.359914681516589566e-05
2.307708922466578862e-05
2.256581417599429500e-05
2.206524745030127697e-05
2.157528384345375541e-05
2.109583333521209198e-05
2.062675666123084934e-05
2.016793701424870525e-05
1.971922989632930444e-05
1.928052556770146905e-05
1.885167867222058093e-05
1.843255813247440673e-05
1.802299383757401946e-05
1.762286594393753597e-05
1.723200618598471162e-05
1.685026230687719379e-05
1.647746805276733894e-05
1.611348642070817232e-05
1.575813572339340788e-05
1.541125768201077824e-05
1.507267083554947779e-05
1.474222360129004994e-05
1.441972941218345013e-05
1.410503125273499328e-05
1.379794628958025754e-05
1.349832043469434447e-05
1.320597848036602002e-05
1.292075027866523032e-05
1.264245843697173407e-05
1.237094550664668097e-05
1.210602703573171675e-05
1.184754827479013526e-05
1.159533243561488218e-05
1.134922793157515856e-05
1.110906748595305074e-05
1.087469205720301064e-05
1.064593922859785068e-05
1.042265390340942135e-05
1.020467190670277079e-05
9.991856288437840476e-06
9.784049488896045445e-06
9.581114456084684211e-06
9.382900955826568374e-06
9.189275152477014986e-06
9.000089273218769945e-06
8.815222972444452382e-06
8.634538353273028133e-06
8.457917495838037869e-06
8.285225669474592284e-06
8.116349407208832460e-06
7.951167329005496992e-06
7.789578651776767843e-06
7.631467969728196628e-06
7.476729374341491458e-06
7.325251497477753379e-06
7.176941503563498139e-06
7.031700889701649161e-06
6.889435868240766298e-06
6.750043837704036263e-06
6.613444359299895981e-06
6.479545364242751371e-06
6.348260348350554334e-06
6.219492712293526721e-06
6.093168734360231929e-06
5.969210622255284877e-06
5.847542407982490998e-06
5.728088318632218221e-06
5.610789471199381554e-06
5.495574154064814540e-06
5.382388387812371336e-06
5.271167328940558612e-06
5.161859843441236184e-06
5.054431240266751085e-06
4.948841319457468535e-06
4.845039969172354078e-06
4.742996583552690844e-06
4.642657661303370861e-06
4.543992060863633551e-06
4.446941967067587323e-06
4.351454102812826708e-06
4.257509349819627441e-06
4.165052847627232868e-06
4.074040449049509882e-06
3.984450299185239276e-06
3.896233523703510643e-06
3.809400765942598620e-06
3.723912658717819770e-06
3.639750917303322931e-06
3.556947616383483710e-06
3.475466112232115307e-06
3.395289603887531287e-06
3.316398514735433425e-06
3.238730779587950938e-06
3.162304980162960298e-06
3.087059301820772506e-06
3.012956042292059280e-06
2.940040244638103899e-06
2.868275195671382500e-06
2.797677567298144120e-06
2.728244849813342573e-06
2.659926674852514655e-06
2.592768792549014418e-06
2.526694775579626008e-06
2.461661607997423052e-06
2.397721365505683574e-06
2.334824254701413761e-06
2.273007349136780536e-06
2.212268225444400722e-06
2.152557044603894228e-06
2.093949580871675933e-06
2.036370244813091650e-06
1.979796767020368500e-06
1.924297004325135374e-06
1.869799270047635624e-06
1.816342098891988067e-06
1.763897373579954842e-06
1.712400342787841733e-06
1.661952223886673818e-06
1.612474554797321260e-06
1.563946732164742696e-06
1.516415282892849549e-06
1.469795427221754206e-06
1.424167344700654828e-06
1.379524926430629733e-06
1.335795665871597784e-06
1.293056750033172539e-06
1.251211503709261653e-06
1.210289062515900880e-06
1.170351560818090773e-06
1.131279206862030547e-06
1.093103260236508468e-06
1.055813060364631443e-06
1.019387717038257674e-06
9.839203048558615482e-07
9.492795271250611512e-07
9.154950215497045865e-07
8.826243749180978828e-07
8.505565340563106854e-07
8.193356488977744219e-07
7.889391106834011868e-07
7.593201490363956396e-07
7.305639476706804984e-07
7.025747728588740673e-07
6.753646310624580367e-07
6.489391471830632641e-07
6.232077862057144407e-07
5.982210375266425453e-07
5.739520851026234089e-07
5.503600182470281315e-07
5.275071939171693650e-07
5.053378379598730745e-07
4.838574983900153903e-07
4.630799150540589108e-07
4.429810090121548906e-07
4.236297474450650689e-07
4.050123785692563226e-07
3.870985936269031101e-07
3.699574809983606006e-07
3.535097275049760650e-07
3.377589914349178226e-07
3.226652584911828328e-07
3.081405551559118789e-07
2.942121092084581032e-07
2.808000680411532628e-07
2.678231982587681740e-07
2.552961376036133923e-07
2.431397767415721838e-07
2.313973039780281589e-07
2.200280879912692524e-07
2.089583928906300010e-07
1.982433769482769934e-07
1.878719609712435165e-07
1.778225124507999278e-07
1.681068469223330993e-07
1.586874818291769580e-07
1.496240703758666677e-07
1.408985722472981569e-07
1.324713614524500419e-07
1.243948400572380911e-07
1.166505643479412924e-07
1.092280178626510164e-07
1.021353974898760442e-07
9.535435180021216624e-08
8.891236696319738810e-08
8.276876099700486316e-08
7.692357027686775005e-08
7.140315305626121876e-08
6.615009203481475775e-08
6.118595048551419659e-08
5.650692002750629514e-08
5.207318627642104854e-08
4.790934905579793588e-08
4.398792662743997939e-08
4.029357034736359792e-08
3.683862599868569248e-08
3.358957002306511108e-08
3.055191858604579897e-08
2.771442753525315872e-08
2.506123027991028515e-08
2.259184893127011835e-08
2.029401934261003292e-08
1.815836822146022603e-08
1.618026360731505390e-08
1.434626725351821243e-08
1.264975443679648955e-08
1.108685523964981288e-08
9.646039884316958629e-09
8.322113656685438159e-09
7.106168946121565334e-09
5.993651098556752035e-09
4.976569241448920824e-09
4.048625716715263997e-09
3.205648598651075999e-09
2.441583456316679572e-09
1.749429375905537812e-09
1.123123306880709567e-09
5.606374077582667980e-10
5.828320545950561569e-11
-3.938904435689270189e-10
-7.940201060754739349e-10
-1.150173790085305790e-09
-1.464662342547099487e-09
-1.736163980590234185e-09
-1.974914805102524031e-09
-2.182599686110471395e-09
-2.353955964745717775e-09
-2.499491228594223008e-09
-2.617627135238614251e-09
-2.712103246219659670e-09
-2.784216290502786788e-09
-2.833764675173960824e-09
-2.870220010850237324e-09
-2.886811559532581539e-09
-2.892128152304852181e-09
-2.888702149391757165e-09
-2.872788781452070387e-09
-2.849894073146430549e-09
-2.820466222596819792e-09
-2.779746220703495766e-09
-2.734794831491706945e-09
-2.683133273805799171e-09
-2.620472613061900848e-09
-2.561004855815654640e-09
-2.494822532709726820e-09
-2.430845614530606171e-09
-2.370147611356844245e-09
-2.305591055474413250e-09
-2.243267509823655559e-09
-2.175779800379181294e-09
-2.105547898338167044e-09
-2.030750482682240577e-09
-1.955162343506925450e-09
-1.882156583257516359e-09
-1.809038258719589649e-09
-1.739552415665935566e-09
-1.669904626538377908e-09
-1.601246922085850435e-09
-1.535468331366795068e-09
-1.472874539759526872e-09
-1.413209943332681804e-09
-1.355284761815779737e-09
-1.299676638747409009e-09
-1.243702706893047200e-09
-1.191153387632545985e-09
-1.137408514490296276e-09
-1.081196583352373200e-09
-1.027739676029679916e-09
-9.736097686706164486e-10
-9.261151840271238874e-10
-8.842604158363843335e-10
-8.436444409980855604e-10
-8.044294373304099925e-10
-7.658205777091569465e-10
-7.294455076636751520e-10
-6.917093346344895853e-10
-6.524341841070209130e-10
-6.141736888006905348e-10
-5.806316516781514550e-10
-5.524918718798034884e-10
-5.233732072130631347e-10
-4.998354114966523422e-10
-4.764818140942939038e-10
-4.475788134548483436e-10
-4.212056644298617921e-10
-3.946994595781406435e-10
-3.716137432967167352e-10
-3.550816883788732987e-10
-3.378320217942602281e-10
-3.216614055582697860e-10
-3.019934042642903412e-10
-2.804640208540737025e-10
-2.645484745022826971e-10
-2.524694588030618278e-10
-2.414073973810164117e-10
-2.290305752842993516e-10
-2.128425376238373837e-10
-1.975022891511141489e-10
-1.862932611185855941e-10
-1.787599405167059202e-10
-1.710188184890726283e-10
-1.579184978325682862e-10
-1.454644895359075012e-10
-1.382927856750617296e-10
-1.326863863503905059e-10
-1.248861452701594229e-10
-1.136436757814162925e-10
-1.067210677916304413e-10
-1.045440355092429048e-10
-9.778597575078084324e-11
-8.901796130523972634e-11
-8.404218633320449034e-11
-8.133903301141235678e-11
-7.595565792897186474e-11
-6.909416942857529058e-11
-6.645380133847299199e-11
-6.415549041309148618e-11
-5.752158496797363080e-11
-5.560151414367834063e-11
-5.431283723514709874e-11
-4.866573596270921074e-11
-4.700021660716065204e-11
-4.491661951771862415e-11
-4.011825210983315662e-11
-3.929928737903959060e-11
-3.608619455704553383e-11
-3.264433348661979188e-11
-3.227451824907055059e-11
-2.908052451839362465e-11
-2.882771263718625668e-11
-2.714149760728940439e-11
-2.542405126823576409e-11
-2.549822490818979122e-11
-2.257437876155271652e-11
-2.188052140566598701e-11
-2.003106751481599703e-11
-1.849572767080299287e-11
-1.790881774508610483e-11
-1.694220905862816488e-11
-1.564342247345659994e-11
-1.566145410550120669e-11
-1.430253915463827844e-11
-1.405331022582706727e-11
-1.348273386787814180e-11
-1.267951054159389039e-11
-1.240596298270354504e-11
-1.105091845684316852e-11
-9.914477508848384282e-12
-9.953980646733149461e-12
-9.433422593963607366e-12
-9.792911868640314750e-12
-9.418689708593473922e-12
-8.419964516822002727e-12
-8.231048128391964243e-12
-7.478294663094901492e-12
-7.225363285432041704e-12
-7.405205918481898540e-12
-6.818013031782309585e-12
-6.980961163319153606e-12
-6.659333210907863412e-12
-5.936584980761446836e-12
-5.809364370114768539e-12
-5.560458084738242272e-12
-5.885688247446326978e-12
-5.947841068657767584e-12
-5.081782275023290993e-12
-4.944508000335547712e-12
-4.895190118308177847e-12
-4.778330389428207807e-12
-5.009306397420325916e-12
-4.631217218394097000e-12
-4.258834527969055076e-12
-4.270445151466641583e-12
-4.365043111743675331e-12
-4.309556783688988106e-12
-3.842558475447147732e-12
-3.799516235375906613e-12
-4.087030142137429658e-12
-3.861316288168374281e-12
-3.622713420878198567e-12
-3.534385221225384951e-12
-3.683756613167071596e-12
-3.600851067184025892e-12
-3.306934087270335265e-12
-3.358788851952398491e-12
-3.411563045331545497e-12
-3.117872297313141712e-12
-3.136033179455993821e-12
-3.232592368791546051e-12
-2.904656363044603301e-12
-2.980037091272947506e-12
-2.983442747811505100e-12
-2.787618742986170267e-12
-2.831276923442863870e-12
-2.753860723652764065e-12
-2.636652020147017009e-12
-2.693888877706001116e-12
-2.489880047614632769e-12
-2.508615951605945262e-12
-2.436297943131860059e-12
-2.324866466409261175e-12
-2.330982835562154378e-12
-2.213875111911720558e-12
-2.201533916992312538e-12
-2.097365158231049715e-12
-2.046743640255197156e-12
-1.979987239826432496e-12
-1.893970160813229238e-12
-1.821145604751209575e-12
-1.777137802792209935e-12
-1.688917590791246097e-12
-1.646703161364310553e-12
-1.556506046413142048e-12
-1.474608090276325522e-12
-1.407660245233837034e-12
-1.326852071233199560e-12
-1.261431596157314009e-12
-1.199963071490258955e-12
-1.117136847423324539e-12
-1.039683799390923692e-12
-9.599312977639753781e-13
-8.856451105443908175e-13
-8.308470963774129752e-13
-7.533371596107595760e-13
-6.785899241420780929e-13
-6.093155767198745385e-13
-5.423519801058244694e-13
-4.889336710208552553e-13
-4.238061467786119872e-13
-3.534180706162052582e-13
-3.033073144356478301e-13
-2.530840980245304943e-13
-2.043826508411680868e-13
-1.533263758331760731e-13
-1.087104968030034367e-13
-7.826428352224191541e-14
-4.383856977051570950e-14
-9.305645758733359206e-15
1.222989834398957538e-14
3.240753124177669189e-14
4.991224813016430670e-14
6.372819901013939904e-14
6.743490864229272890e-14
6.936573106548779034e-14
7.239440922601058313e-14
6.491226318020002753e-14
5.426002791860119366e-14
4.966521832605104352e-14
3.496872825417084809e-14
2.183207620241501745e-14
9.641546565948446360e-15
-8.569770100019243867e-15
-2.111024373062135711e-14
-3.603203151058102526e-14
-4.922413561401885109e-14
-5.720764423367587062e-14
-6.610082343266491305e-14
-7.000949640057380996e-14
-7.254901766119227263e-14
-7.088647917989484270e-14
-6.768117946815781329e-14
-6.057519177082505245e-14
-5.247805308551485508e-14
-4.198617259584165618e-14
-3.035150542862228920e-14
-1.814008613703810103e-14
-6.820609982888465691e-15
3.191634309599008364e-15
1.070273858919539688e-14
1.705169170172637051e-14
2.056557278591900610e-14
2.143884058827001245e-14
1.915097273199096735e-14
1.497635897727662067e-14
9.122099810092811552e-15
2.712486760996012048e-15
-3.815858936657070015e-15
-9.188646801262984169e-15
-1.352004415658361098e-14
-1.581707216887930403e-14
-1.516593785714527259e-14
-1.216212469211151208e-14
-8.446307016039263820e-15
-3.187545157611968532e-15
2.594069346509589950e-15
7.532181004972650064e-15
1.049592368676790246e-14
1.163165703683081275e-14
1.067849980316154497e-14
8.154573963766181679e-15
4.116128831823448338e-15
2.294167534917206596e-16
-2.539548576337384567e-15
-3.733630898359608440e-15
-3.065041090141152465e-15
-3.887058721286120394e-16
2.903845928692510761e-15
5.998838678835823246e-15
8.066135448027008968e-15
8.400756866748358174e-15
6.800529438747152596e-15
4.562251561554664240e-15
1.942048542284589242e-15
5.562360795709214530e-16
7.551870224713890940e-16
2.448754824774003303e-15
4.815465467004695299e-15
6.674247931199793846e-15
7.023590146595685139e-15
5.887286041682889773e-15
3.900035059419280307e-15
2.510095570654954047e-15
2.417346349988481439e-15
3.727277968044681697e-15
5.341074045955483212e-15
6.317324862429769471e-15
5.833577403843306760e-15
4.485533945846498453e-15
3.310064454465223675e-15
3.452448096549412225e-15
4.672728731320061631e-15
5.800168376946018124e-15
5.692519935499172707e-15
4.684128082308550362e-15
3.814372391112282889e-15
4.123793466511608234e-15
5.112821855559222492e-15
5.661298984182343401e-15
5.053588730115062044e-15
4.203446608977603053e-15
4.306488239121163013e-15
5.177937713689078343e-15
5.424930323499515875e-15
4.818661115367605125e-15
4.334234559014222248e-15
4.814250405119765266e-15
5.360224001055976532e-15
4.993018644681790347e-15
4.486826468927853843e-15
4.857475192339617355e-15
5.260986898933999723e-15
4.910779949128821957e-15
4.604403935477282656e-15
5.050879353990378601e-15
5.142820597231089650e-15
4.721840540242568543e-15
4.870613732375106944e-15
5.165021301661577157e-15
4.827823573218164939e-15
4.848143621669704635e-15
5.125578443650450132e-15
4.858692159323771547e-15
4.895579041543007928e-15
5.088841079104047950e-15
4.841436901833579973e-15
4.986549948004546907e-15
5.011191166183243900e-15
4.863035780838405515e-15
5.056789381869672121e-15
4.896642888193383985e-15
4.989787899087465185e-15
4.972894050412302386e-15
4.933930080800032036e-15
5.010341707319948976e-15
4.920431936875007012e-15
5.013251714604288880e-15
4.928905033969866739e-15
5.004372709260546251e-15
4.941246897763544764e-15
4.995579461367880778e-15
4.951035813775143608e-15
4.989643953207802329e-15
4.957711503384910220e-15
4.986114019595697885e-15
4.962167124040407165e-15
4.984089675040667512e-15
4.965237865462573625e-15
4.982921663834025536e-15
4.967460030175021075e-15
4.982229091677819453e-15
4.969145279447705028e-15
4.981801976111603084e-15
4.970472954059169721e-15
4.981525359113022507e-15
4.971549416156225739e-15
4.981335288240763526e-15
4.972440785736182206e-15
4.981195344413166978e-15
4.973190323391765640e-15
4.981084310458705348e-15
4.973827735864907312e-15
4.980989596822174600e-15
4.974374306291577923e-15
4.980903640683739938e-15
4.974845834247687740e-15
4.980821872423644974e-15
4.975254392299105659e-15
4.980741532441251036e-15
4.975609419748885568e-15
4.980660964126587980e-15
4.975918430886364204e-15
4.980579181537839681e-15
4.976187490466892618e-15
4.980495600137057064e-15
4.976421543480272316e-15
4.980409866581211761e-15
4.976624650601523744e-15
4.980321750014551445e-15
4.976800160514489464e-15
4.980231072069880173e-15
4.976950838893458094e-15
4.980137661670806737e-15
4.977078966577497180e-15
4.980041325657918001e-15
4.977186415482627250e-15
4.979941829712572105e-15
4.977274707907010475e-15
4.979838885802315205e-15
4.977345063290919055e-15
4.979732143761313814e-15
4.977398435197829224e-15
4.979621185391055735e-15
4.977435540660341158e-15
4.979505520019623259e-15
4.977456883290360920e-15
4.979384580726666352e-15
4.977462771453367869e-15
4.979257720842351978e-15
4.977453332217775785e-15
4.979124210295440606e-15
4.977428521837882195e-15
4.978983231640611093e-15
4.977388133271753814e-15
4.978833875587879440e-15
4.977331801141482946e-15
4.978675135950453503e-15
4.977259004441713005e-15
4.978505903929914582e-15
4.977169067317994945e-15
4.978324961739290680e-15
4.977061158065292842e-15
4.978130975490153317e-15
4.976934286616312308e-15
4.977922487413098475e-15
4.976787300586415384e-15
4.977697907378141884e-15
4.976618880112959558e-15
4.977455503797391260e-15
4.976427531591985933e-15
4.977193393919549386e-15
4.976211580447991907e-15
4.976909533643490498e-15
4.975969163116729118e-15
