# bin_4_3
5.694134626615037853e-04
5.693560653733974793e-04
5.693412224932293620e-04
5.692818519624867103e-04
5.692621218365707383e-04
5.692003813372710714e-04
5.691755375193590987e-04
5.691110130368854476e-04
5.690807982370015830e-04
5.690130569337019427e-04
5.689771826144755405e-04
5.689057714966739209e-04
5.688639175959378904e-04
5.687883624344213180e-04
5.687401772839080190e-04
5.686599818499022763e-04
5.686050823674006823e-04
5.685197280602417294e-04
5.684577003066650569e-04
5.683666462614610660e-04
5.682970464646682103e-04
5.681997302415756762e-04
5.681220864032985847e-04
5.680179253743245643e-04
5.679317395860399064e-04
5.678201331459069735e-04
5.677248847530351862e-04
5.676052174931255035e-04
5.675003672506160647e-04
5.673720132367458075e-04
5.672570086064815690e-04
5.671193369044156499e-04
5.669936186336833536e-04
5.668460002147300081e-04
5.667090103235611093e-04
5.665508264584741141e-04
5.664020177293153328e-04
5.662326699399093839e-04
5.660715169514005454e-04
5.658904385237420497e-04
5.657164501925566981e-04
5.655231191618379080e-04
5.653358526449311482e-04
5.651298060329281630e-04
5.649288816918185364e-04
5.647097306048968297e-04
5.644948475370554228e-04
5.642622925107611091e-04
5.640332439063256093e-04
5.637870896108801867e-04
5.635437768945657233e-04
5.632839449926597877e-04
5.630263893660471079e-04
5.627529279515953607e-04
5.624812775755175676e-04
5.621943652407571448e-04
5.619088959186165988e-04
5.616088381329876079e-04
5.613099450227940299e-04
5.609971602230685731e-04
5.606853378908473575e-04
5.603603305614837660e-04
5.600361386943913423e-04
5.596994568818052657e-04
5.593634693382228042e-04
5.590156446379030081e-04
5.586683803876601843e-04
5.583098496436981681e-04
5.579516857206606988e-04
5.575826956561268219e-04
5.572137646706441664e-04
5.568342635660577340e-04
5.564543417074323782e-04
5.560638661022082683e-04
5.556722618594387569e-04
5.552698309196404383e-04
5.548652896741516167e-04
5.544493248885384255e-04
5.540299694211856234e-04
5.535982617560001023e-04
5.531615923964948531e-04
5.527113415066154138e-04
5.522543203949248532e-04
5.517822689358356340e-04
5.513015084060756202e-04
5.508041865034940792e-04
5.502962494937612943e-04
5.497703277024413443e-04
5.492321264201201160e-04
5.486748488113884440e-04
5.481040964761969272e-04
5.475137301671683873e-04
5.469093628144274183e-04
5.462855620270729712e-04
5.456480116802069633e-04
5.449919650690879984e-04
5.443231471232654875e-04
5.436373747061267218e-04
5.429402715089058553e-04
5.422279835263497157e-04
5.415057834024960453e-04
5.407698246053827549e-04
5.400247204459885167e-04
5.392662976501253012e-04
5.384982435942637854e-04
5.377158333275350397e-04
5.369217396220597694e-04
5.361107086834240257e-04
5.352846125318306159e-04
5.344380295231495855e-04
5.335725815554921920e-04
5.326833346986313816e-04
5.317724098798718140e-04
5.308360700628213464e-04
5.298775458201070978e-04
5.288946516289866860e-04
5.278917673338549355e-04
5.268678696642353559e-04
5.258276934626216143e-04
5.247701951681519629e-04
5.236990746166111498e-04
5.226118559648804378e-04
5.215100870176229107e-04
5.203892926034083075e-04
5.192491209512486387e-04
5.180842396279907716e-04
5.168943673848448240e-04
5.156757533221938486e-04
5.144305851292878696e-04
5.131583620012109036e-04
5.118640945560462650e-04
5.105491833903614976e-04
5.092185297849226126e-04
5.078715404911388412e-04
5.065093145462869510e-04
5.051270993573638794e-04
5.037226753945958950e-04
5.022905569918133121e-04
5.008307684568809879e-04
4.993428142372955932e-04
4.978323674505740100e-04
4.963029846290429106e-04
4.947603846220589331e-04
4.932038710325815662e-04
4.916321247516679651e-04
4.900384524932567716e-04
4.884200774907150600e-04
4.867751303853184823e-04
4.851095575231683722e-04
4.834290221207458911e-04
4.817402999035893542e-04
4.800419439849336312e-04
4.783300395231283235e-04
4.765971604887290136e-04
4.748436400389068231e-04
4.730742653540683396e-04
4.712993716119185392e-04
4.695219566699798132e-04
4.677391579542158439e-04
4.659418479102564285e-04
4.641292823528926680e-04
4.623079747249251399e-04
4.604894144814716209e-04
4.586736740358793481e-04
4.568533553556764827e-04
4.550209969553208056e-04
4.531844044866673894e-04
4.513541842830936699e-04
4.495320900556083071e-04
4.477056594223461109e-04
4.458722103488424460e-04
4.440420438271847352e-04
4.422243030960560793e-04
4.404074519388798473e-04
4.385835214067458892e-04
4.367616317073993635e-04
4.349519607971589997e-04
4.331403950128993332e-04
4.313203939039819798e-04
4.295045607353716413e-04
4.276953596678206089e-04
4.258740180950239284e-04
4.240474811601780943e-04
4.222256241094287732e-04
4.203930922462409446e-04
4.185467918967454982e-04
4.167035184443806180e-04
4.148452343798270190e-04
4.129729123894658482e-04
4.110994311026374228e-04
4.092079558325106077e-04
4.073052604410151668e-04
4.053996677051040155e-04
4.034723114762372607e-04
4.015467021227558985e-04
3.996052970589944616e-04
3.976593938363792756e-04
3.957090740576464649e-04
3.937494476203313586e-04
3.917922387348990562e-04
3.898256761340444798e-04
3.878631347682294636e-04
3.858929858730919147e-04
3.839254015161924945e-04
3.819509860468320089e-04
3.799760996044580590e-04
3.779934371570948365e-04
3.760066397729557139e-04
3.740101463441092809e-04
3.720063078262607673e-04
3.699912911395144763e-04
3.679673471953703499e-04
3.659324259070184399e-04
3.638892746153006585e-04
3.618373106601632827e-04
3.597795758019762071e-04
3.577160706130367955e-04
3.556492859457091506e-04
3.535786619565536534e-04
3.515052866925002010e-04
3.494273885960302731e-04
3.473446299266850601e-04
3.452545224665722013e-04
3.431564341781607693e-04
3.410485868215178021e-04
3.389315466247622708e-04
3.368052930075441428e-04
3.346719033602060106e-04
3.325324241572425528e-04
3.303888979116214480e-04
3.282413944846929079e-04
3.260900875448333246e-04
3.239331187960692716e-04
3.217692485431997628e-04
3.195965212180654604e-04
3.174149141144159102e-04
3.152247050045559442e-04
3.130280102675114763e-04
3.108262038173738350e-04
3.086206877233382481e-04
3.064106656650610657e-04
3.041949448786681275e-04
3.019713236048814434e-04
2.997392825891016799e-04
2.974991708521575683e-04
2.952532201609204599e-04
2.930028483846558733e-04
2.907486950868257321e-04
2.884890497181167852e-04
2.862222904454663820e-04
2.839473577704678168e-04
2.816657556419678425e-04
2.793793146460810096e-04
2.770893309496541318e-04
2.747944097899837103e-04
2.724928354076517939e-04
2.701838068183023923e-04
2.678692847481739395e-04
2.655509794232662076e-04
2.632289638749739304e-04
2.609009729830956219e-04
2.585663579705643278e-04
2.562265978168546906e-04
2.538839014569603970e-04
2.515373356769450355e-04
2.491851210933411585e-04
2.468273537680510136e-04
2.444666179840065652e-04
2.421029714299767770e-04
2.397346134445053629e-04
2.373613599226041240e-04
2.349858379169019883e-04
2.326077871502700047e-04
2.302254688235753650e-04
2.278397791662684503e-04
2.254529780017900493e-04
2.230632700531492377e-04
2.206703208770065109e-04
2.182764724067237064e-04
2.158813703133055347e-04
2.134834094134257848e-04
2.110853388354138444e-04
2.086866667492328113e-04
2.062864213451368913e-04
2.038867691020042165e-04
2.014871596150354127e-04
1.990872757642103761e-04
1.966893729093000106e-04
1.942915645584560556e-04
1.918959104528665050e-04
1.895019957880712098e-04
1.871103158271664646e-04
1.847213850372375762e-04
1.823354093193165274e-04
1.799533552045813275e-04
1.775748802569137783e-04
1.752014501625623560e-04
1.728322198565385615e-04
1.704689689956027053e-04
1.681111715365535741e-04
1.657598922957215194e-04
1.634155450353091282e-04
1.610785378385136261e-04
1.587493620817239726e-04
1.564287377208582383e-04
1.541167500057517175e-04
1.518145001296977812e-04
1.495221499839750239e-04
1.472403537174541235e-04
1.449697249661415898e-04
1.427106357248287844e-04
1.404637846670945514e-04
1.382297393620029579e-04
1.360087774840245517e-04
1.338017383773646102e-04
1.316089749868124947e-04
1.294311254558190203e-04
1.272686914824115202e-04
1.251220321697800496e-04
1.229918377341868727e-04
1.208786326385420613e-04
1.187827187776525662e-04
1.167047092911940561e-04
1.146449532427204037e-04
1.126039743688059009e-04
1.105821982356958226e-04
1.085800151179443793e-04
1.065978932468326164e-04
1.046361543958724221e-04
1.026951539765524744e-04
1.007753574546323643e-04
9.887701330474384445e-05
9.700054469406823741e-05
9.514625685682686436e-05
9.331439242444631286e-05
9.150531337676422086e-05
8.971924984660285156e-05
8.795648581359265185e-05
8.621730591179226750e-05
8.450183297599367838e-05
8.281035344776134901e-05
8.114304933603557445e-05
7.950006250821599135e-05
7.788155726091198453e-05
7.628766994364961126e-05
7.471851581467386341e-05
7.317421415410925553e-05
7.165481535896555450e-05
7.016039174603557317e-05
6.869098392230786772e-05
6.724659130643397865e-05
6.582721798495130242e-05
6.443285290883110877e-05
6.306344645971100039e-05
6.171893997606343744e-05
6.039923297100892817e-05
5.910422971294902256e-05
5.783382710249004030e-05
5.658790909827396062e-05
5.536635395519567032e-05
5.416898060353757298e-05
5.299561235348932992e-05
5.184604898552289777e-05
5.072009265878598750e-05
4.961750026332873722e-05
4.853801967948531096e-05
4.748140187759937648e-05
4.644740585421134704e-05
4.543576363015265651e-05
4.444619566496818336e-05
4.347841630147585555e-05
4.253210838368320511e-05
4.160695509590122630e-05
4.070262539347550211e-05
3.981878420170563817e-05
3.895512093881840353e-05
3.811130098631666883e-05
3.728698197959022075e-05
3.648179587901039927e-05
3.569536135001303862e-05
3.492731825497613060e-05
3.417732752627847292e-05
3.344501908040195412e-05
3.273002223177885685e-05
3.203195470373337871e-05
3.135046379965485347e-05
3.068519178316218827e-05
3.003574909804423149e-05
2.940176148892564557e-05
2.878287474420793899e-05
2.817872436200584299e-05
2.758894726390688880e-05
2.701315880902365759e-05
2.645100663512042619e-05
2.590214888920271483e-05
2.536625378283405638e-05
2.484294916908414737e-05
2.433188557526928597e-05
2.383274705269907123e-05
2.334520372086275775e-05
2.286890908692656155e-05
2.240354050670669914e-05
2.194879273333693830e-05
2.150436274888201145e-05
2.106993486373776782e-05
2.064521771850622440e-05
2.022992221920128582e-05
1.982376000319686370e-05
1.942645540540135403e-05
1.903773064242868067e-05
1.865733734352180418e-05
1.828502032608195181e-05
1.792051454028139240e-05
1.756359495012098634e-05
1.721400704543189691e-05
1.687153406902979267e-05
1.653596830656519265e-05
1.620708400762578235e-05
1.588466996891283898e-05
1.556852185030252074e-05
1.525844568195996224e-05
1.495426289955680082e-05
1.465578976290170073e-05
1.436285357661867572e-05
1.407528962814390138e-05
1.379292591172218472e-05
1.351560782077586166e-05
1.324319171790390192e-05
1.297554760363879720e-05
1.271252536252982772e-05
1.245400293706342208e-05
1.219986960373979924e-05
1.195000395976655847e-05
1.170428907965716436e-05
1.146259662466135887e-05
1.122480723108817629e-05
1.099087033113957508e-05
1.076068430875730716e-05
1.053414441162471044e-05
1.031118080834681034e-05
1.009169208503917725e-05
9.875629479862796064e-06
9.662898032806068645e-06
9.453412577169076434e-06
9.247186705909196384e-06
9.044109337450429923e-06
8.844118983894219978e-06
8.647187964597170029e-06
8.453215640910608487e-06
8.262216574953922202e-06
8.074102791506125880e-06
7.888791686950699916e-06
7.706366188558675173e-06
7.526716340571136376e-06
7.349813904242970509e-06
7.175653866758666986e-06
7.004119995991570857e-06
6.835291471660597283e-06
6.669076136828932765e-06
6.505398999999883299e-06
6.344394602838335917e-06
6.185927436559046332e-06
6.030005299629042800e-06
5.876617330963889360e-06
5.725648855451724951e-06
5.577242507649378524e-06
5.431289079408970243e-06
5.287710453375852991e-06
5.146655662688303728e-06
5.007966556089412345e-06
4.871692104527962021e-06
4.737828932225388802e-06
4.606259559041349392e-06
4.477159370165250081e-06
4.350374737339518799e-06
4.225833865542892824e-06
4.103724551542577967e-06
3.983871780157691068e-06
3.866349036957931734e-06
3.751112829597338456e-06
3.638037510025856585e-06
3.527351792243652765e-06
3.418873205878100521e-06
3.312537908021704713e-06
3.208521700328211516e-06
3.106632563735462719e-06
3.006972994097068117e-06
2.909487184618613934e-06
2.814038475469586587e-06
2.720862935063373714e-06
2.629749835351786796e-06
2.540678228088435628e-06
2.453799144243989092e-06
2.368881083586405547e-06
2.286064444899268408e-06
2.205293513275457610e-06
2.126401860018894400e-06
2.049624455071109388e-06
1.974758899296165717e-06
1.901792376251734196e-06
1.830831939173421773e-06
1.761674927580646807e-06
1.694455905899153282e-06
1.629102711400495796e-06
1.565468773295583579e-06
1.503767728221175697e-06
1.443789329671010383e-06
1.385558982541513232e-06
1.329132363101872533e-06
1.274335325767833405e-06
1.221305149907273296e-06
1.169956597915383867e-06
1.120184082347361594e-06
1.072170273810276517e-06
1.025739043518078221e-06
9.809418472823623217e-07
9.378164152580279226e-07
8.962263921333299874e-07
8.563000508085448628e-07
8.179392299335147330e-07
7.810391862942654627e-07
7.457025882371250519e-07
7.117176182027098717e-07
6.790712352964587111e-07
6.476979768932835134e-07
6.174103915723666421e-07
5.882475795948457708e-07
5.600575519910357585e-07
5.327290219213171300e-07
5.063211826079281424e-07
4.806725130986277082e-07
4.558179953785147190e-07
4.317454119850727564e-07
4.083758141108637654e-07
3.858139737520721341e-07
3.640016268596555373e-07
3.429267145730932862e-07
3.226738359883479587e-07
3.031523283065361802e-07
2.844129050459970587e-07
2.664445863768937238e-07
2.491874279257357616e-07
2.327096026863134312e-07
2.169534544411728255e-07
2.019153998335587541e-07
1.876379106066256410e-07
1.740443922832808642e-07
1.611621774751322040e-07
1.489650519790502953e-07
1.373922076877811448e-07
1.264724731825579318e-07
1.161558467315787519e-07
1.064374149423793252e-07
9.732888769825369912e-08
8.877344695709640854e-08
8.076471483159560345e-08
7.326504200797094540e-08
6.623546664221529196e-08
5.968981269318936407e-08
5.359526781025606731e-08
4.794198186134212364e-08
4.270244173812254851e-08
3.783013194138633019e-08
3.331596693025963965e-08
2.915445648785309338e-08
2.533242272088248777e-08
2.182719403840658791e-08
1.859237298961261504e-08
1.561571180095965503e-08
1.289921655571074636e-08
1.043805245230424881e-08
8.198266474010538312e-09
6.150841849412077244e-09
4.295600264139314205e-09
2.631666302874610963e-09
1.140890740433287301e-09
-2.053627523029052826e-10
-1.409476492099361290e-09
-2.457886175592825972e-09
-3.387918629283479939e-09
-4.216683389452889473e-09
-4.927993587524269236e-09
-5.536606128431628231e-09
-6.062736884267857656e-09
-6.514811717494231671e-09
-6.887338072586960015e-09
-7.193924087677337773e-09
-7.453841823730330431e-09
-7.649152722002946630e-09
-7.794468064837793431e-09
-7.906358753792010165e-09
-7.961364984220135024e-09
-7.986443504512234113e-09
-7.974173017453745538e-09
-7.923775334354640420e-09
-7.861739608364317242e-09
-7.764458155166560714e-09
-7.654959429759691983e-09
-7.537622986493712237e-09
-7.399891404872560549e-09
-7.251834661333399686e-09
-7.096829820881086951e-09
-6.920927768939152649e-09
-6.737778681683484377e-09
-6.550181684184936940e-09
-6.347826371645838524e-09
-6.155511467033435132e-09
-5.958641044152136991e-09
-5.768271051286587109e-09
-5.577106175350188161e-09
-5.380975174318044463e-09
-5.184876058515708570e-09
-4.985660805518782963e-09
-4.795610554555742218e-09
-4.610323101443866935e-09
-4.435984327718365666e-09
-4.267031852014459900e-09
-4.095477677168559120e-09
-3.924290763846666928e-09
-3.755876543107865165e-09
-3.595338947823010131e-09
-3.443083401209531940e-09
-3.299088712675265336e-09
-3.147898414701931182e-09
-2.994882729576034226e-09
-2.852258933402248270e-09
-2.717239139688446054e-09
-2.594484307128516420e-09
-2.468756038951191440e-09
-2.341617380678674331e-09
-2.228931917995169325e-09
-2.125437528471201082e-09
-2.027285815079044558e-09
-1.926260532208307960e-09
-1.828389966168445637e-09
-1.738386012183829445e-09
-1.652224374644457772e-09
-1.562782102742705610e-09
-1.471389160882540713e-09
-1.397039245862224340e-09
-1.323622682527157304e-09
-1.248016002096706154e-09
-1.186818194614248422e-09
-1.126820573024187104e-09
-1.068476241773244467e-09
-1.009162970361264157e-09
-9.516205770555455232e-10
-8.999439582994438988e-10
-8.411221382525888210e-10
-7.937380709810193280e-10
-7.536670813227031210e-10
-7.086223407017575539e-10
-6.757275664396894633e-10
-6.375246572486925032e-10
-5.980330197618786514e-10
-5.649844794263868978e-10
-5.254429334703599737e-10
-4.950922442025580459e-10
-4.701419071860350785e-10
-4.451335729406582241e-10
-4.219498165626643031e-10
-3.943386287802412292e-10
-3.674812410802524357e-10
-3.465044276497557433e-10
-3.276831649352458567e-10
-3.115323413145314309e-10
-2.956371732144287016e-10
-2.740171435491747854e-10
-2.554458096833413857e-10
-2.396028315346009017e-10
-2.280074093555225051e-10
-2.181266379827437830e-10
-2.013758894097595347e-10
-1.853381989567842888e-10
-1.759712514905742409e-10
-1.672953650514601335e-10
-1.578486967991250241e-10
-1.440036399621854138e-10
-1.342734455318892414e-10
-1.318628426495279080e-10
-1.227427616770338300e-10
-1.118508215625175023e-10
-1.059895948953571089e-10
-1.008421432819121358e-10
-9.508667125475809868e-11
-8.615310482751751053e-11
-8.201832404883179979e-11
-8.008831389370248405e-11
-7.136310551721265825e-11
-6.880503608153290201e-11
-6.721390695790808068e-11
-5.952637568138521655e-11
-5.817047349453383201e-11
-5.483732882282237583e-11
-4.883721287434750042e-11
-4.868156025129524949e-11
-4.397113065107484632e-11
-4.035273176857225014e-11
-3.972114539181415119e-11
-3.521880146157486773e-11
-3.536268227145204083e-11
-3.284882204560164657e-11
-3.058337406375784918e-11
-3.111987883865957132e-11
-2.715209227710748957e-11
-2.635503968424738828e-11
-2.427301113110244058e-11
-2.209489757101675589e-11
-2.197179127841412694e-11
-2.040371874047525588e-11
-1.865440421755359106e-11
-1.890489817103177399e-11
-1.698857538823035328e-11
-1.688187083263231868e-11
-1.612451035619017635e-11
-1.482975039401199766e-11
-1.481674950143300434e-11
-1.313864530648656868e-11
-1.186286744507774793e-11
-1.198399098530467303e-11
-1.104838410547282501e-11
-1.156966228081453677e-11
-1.110016744271913736e-11
-9.775269591195092509e-12
-9.783511665710535073e-12
-8.841664759971625153e-12
-8.473593869800215301e-12
-8.697504640971273839e-12
-7.945593335796297311e-12
-8.155930566506669305e-12
-7.725852043379703805e-12
-6.901953881256408336e-12
-6.878771992909394182e-12
-6.438217583640165868e-12
-6.790676296645707678e-12
-6.858600248858084455e-12
-5.854413017978163160e-12
-5.780766243199601641e-12
-5.661860210225416884e-12
-5.485823383183351593e-12
-5.772093500479756573e-12
-5.291845106778070524e-12
-4.930038201127815160e-12
-4.924924758163085489e-12
-4.976548510515954172e-12
-4.922445712993661472e-12
-4.436019591397959873e-12
-4.346384122821152814e-12
-4.664904116162457672e-12
-4.385117606911892549e-12
-4.148204056782817561e-12
-4.049109047358884356e-12
-4.171285811531101393e-12
-4.090098685318436908e-12
-3.780071351923300381e-12
-3.808696532375961980e-12
-3.871976618197048434e-12
-3.547032802304575354e-12
-3.566025093784361214e-12
-3.651375438716405774e-12
-3.306236722591575581e-12
-3.379712245772974219e-12
-3.371346594865026158e-12
-3.160397067099169103e-12
-3.205759152096409875e-12
-3.108417548983690676e-12
-2.988240780825815122e-12
-3.035850581176086855e-12
-2.820105756142742342e-12
-2.833897261176271010e-12
-2.751241215887861371e-12
-2.628540678146915756e-12
-2.630462344447738178e-12
-2.499287046880073305e-12
-2.481947208221119443e-12
-2.367032647600650125e-12
-2.307230475300890105e-12
-2.231788135468303718e-12
-2.136917907943208774e-12
-2.053970553126150094e-12
-2.002550835205382263e-12
-1.902809476945966370e-12
-1.853019996061184951e-12
-1.752169419122764079e-12
-1.660929356236211877e-12
-1.583904619179495748e-12
-1.494276259148094757e-12
-1.418804972490073323e-12
-1.348586929915804582e-12
-1.255320371240784367e-12
-1.168888212488600072e-12
-1.078810993056499825e-12
-9.958716279051403079e-13
-9.311966493059270007e-13
-8.453326975615111738e-13
-7.613180690166082553e-13
-6.835548282902438784e-13
-6.076244313047159207e-13
-5.462610579894177888e-13
-4.727344306720786121e-13
-3.954917491902782445e-13
-3.374997818805058514e-13
-2.811505231139877821e-13
-2.255892947618537303e-13
-1.686754101063378695e-13
-1.185971095186838492e-13
-8.353162920289907823e-14
-4.452785220719344821e-14
-6.533848290039337113e-15
1.897898875570543552e-14
4.112139483845946877e-14
6.101413827954527828e-14
7.614399799129867876e-14
8.082889827840224501e-14
8.311027542923930583e-14
8.621655951614009588e-14
7.781462188888929443e-14
6.681257813260409555e-14
6.052021829641147079e-14
4.458792888243937539e-14
2.960295954863515724e-14
1.570365181614975684e-14
-4.351139992532499037e-15
-1.853543313372641419e-14
-3.543145085752365926e-14
-4.976571327671071591e-14
-5.939335523458626382e-14
-6.902009618321285752e-14
-7.366199703163371240e-14
-7.638204492510036094e-14
-7.456628462904674008e-14
-7.076218701099534242e-14
-6.298661461037523955e-14
-5.345950226628224670e-14
-4.189532182356795143e-14
-2.867858012717130164e-14
-1.515188687951352362e-14
-2.388919134096761297e-15
8.930263383351820551e-15
1.755524524500956721e-14
2.456144154561567746e-14
2.873560646917934779e-14
2.948768247076007527e-14
2.708129097624436037e-14
2.222375124534627014e-14
1.572829647252270327e-14
8.514968739689357447e-15
1.241664161399604695e-15
-4.928941075634566598e-15
-9.659226158208768721e-15
-1.240072324124442205e-14
-1.157973409392732526e-14
-8.300307152999706596e-15
-3.962325601951569935e-15
1.954200352163571747e-15
8.428488058033468540e-15
1.387519927440560165e-14
1.736812452369195371e-14
1.857683108216399453e-14
1.758324951119469157e-14
1.461313131873886526e-14
1.012975162738658022e-14
5.776332425100520686e-15
2.685300051786948293e-15
1.275738026459237130e-15
2.090507886183678402e-15
5.022028195402581366e-15
8.816210630679352437e-15
1.224659782128222738e-14
1.460071584714737275e-14
1.496071348964794977e-14
1.321028354710192138e-14
1.061329852576609772e-14
7.723519872650198471e-15
6.115741802410849574e-15
6.397019857916612816e-15
8.258573239266981590e-15
1.095272144680307250e-14
1.302345356463507451e-14
1.343354534927613018e-14
1.212734612819189850e-14
9.943042835735000863e-15
8.321277205795118847e-15
8.260895687413836842e-15
9.699269888207052825e-15
1.154610957762688104e-14
1.263092322340507704e-14
1.209661091361362487e-14
1.055614738523734758e-14
9.265607257786980104e-15
9.396058526659548921e-15
1.079893644216100178e-14
1.203482026756221799e-14
1.194754557605210207e-14
1.078597553521577259e-14
9.827840377428041980e-15
1.015307471076549629e-14
1.129509030609058229e-14
1.188410265238097183e-14
1.122337206487161250e-14
1.024774223131544128e-14
1.038188904435435259e-14
1.134317552318208964e-14
1.164229241152764853e-14
1.093972316040897668e-14
1.041238592818900207e-14
1.093680109201196799e-14
1.156680677371400022e-14
1.113801894981425213e-14
1.058386782015464370e-14
1.098559384404341109e-14
1.145526839227492256e-14
1.104592299972892657e-14
1.071586037838763584e-14
1.120417206652826458e-14
1.132145306701051973e-14
1.083454311091022298e-14
1.101424579282260055e-14
1.133427787514300750e-14
1.096556907057956091e-14
1.097785743512313106e-14
1.130072488885343668e-14
1.098984128604285369e-14
1.104163356424442554e-14
1.124930185934776236e-14
1.098028923725614389e-14
1.113457938993855374e-14
1.117106160337239717e-14
1.099582666420264784e-14
1.122218445240411637e-14
1.103387098433853006e-14
1.114657291096925315e-14
1.111992075667263293e-14
1.108348618759804995e-14
1.116229907113315859e-14
1.106807373480076936e-14
1.116579309499500077e-14
1.107739840021347207e-14
1.115600130115109676e-14
1.109108804421398894e-14
1.114628879221468690e-14
1.110191424939137390e-14
1.113977676600708225e-14
1.110924517033501473e-14
1.113595757025228645e-14
1.111408495690450274e-14
1.113381924325237183e-14
1.111737269645692487e-14
1.113263178552465806e-14
1.111971118959112469e-14
1.113196707198360480e-14
1.112145046055038353e-14
1.113158921520305521e-14
1.112279163274920386e-14
1.113136917787832568e-14
1.112385370045154203e-14
1.113123524220816591e-14
1.112471036265321218e-14
1.113114659876321841e-14
1.112540958002248603e-14
1.113107947084521428e-14
1.112598404215092339e-14
1.113101971657668606e-14
1.112645693629451001e-14
1.113095877616397605e-14
1.112684525110181683e-14
1.113089138218611763e-14
1.112716174818846339e-14
1.113081422598811449e-14
1.112741618750553856e-14
1.113072515928150964e-14
1.112761611840279556e-14
1.113062270408475856e-14
1.112776740826815394e-14
1.113050574548161878e-14
1.112787460669290405e-14
1.113037333505837299e-14
1.112794120285783846e-14
1.113022456279476972e-14
1.112796981131554398e-14
1.113005847168107633e-14
1.112796230819412528e-14
1.112987399939594516e-14
1.112791993211117598e-14
1.112966993686882181e-14
1.112784335905747607e-14
1.112944489747951640e-14
1.112773275789554331e-14
1.112919729255027368e-14
1.112758783058723381e-14
1.112892531046247131e-14
1.112740784057532444e-14
1.112862689737976706e-14
1.112719163131006108e-14
1.112829973840318366e-14
1.112693763670077361e-14
1.112794123825943571e-14
1.112664388465120020e-14
1.112754850082442454e-14
1.112630799460523695e-14
1.112711830709413497e-14
1.112592716970567939e-14
1.112664709128423399e-14
1.112549818417579908e-14
1.112613091479096827e-14
1.112501736624990036e-14
1.112556543789221167e-14
1.112448057705004554e-14
1.112494588903311075e-14
1.112388318557653252e-14
1.112426703169932566e-14
1.112322004016220885e-14
1.112352312879989721e-14
1.112248543652011351e-14
1.112270790465489547e-14
1.112167308269990107e-14
1.112181450466026595e-14
1.112077606117141737e-14
1.112083545284248229e-14
1.111978678841741700e-14
1.111976260750299273e-14
1.111869697235014321e-14
1.111858711540483909e-14
1.111749756815935257e-14
