# bin_2_1
8.701584327128912067e-05
8.701680995691815342e-05
8.701472179013332233e-05
8.701564928333101808e-05
8.701347285839598203e-05
8.701434520189123246e-05
8.701208637640869728e-05
8.701288869653083435e-05
8.701055112970730988e-05
8.701126940365775915e-05
8.700885474486209220e-05
8.700947559375961241e-05
8.700698364212692485e-05
8.700749414618358228e-05
8.700492298576531383e-05
8.700531051953194685e-05
8.700265663387686142e-05
8.700290871924638077e-05
8.700016708909937945e-05
8.700027126476882666e-05
8.699743545196561741e-05
8.699737915851767339e-05
8.699444137904087479e-05
8.699421185869057166e-05
8.699116304808670447e-05
8.699074725896203009e-05
8.698757713247665514e-05
8.698696167742784625e-05
8.698365878761349498e-05
8.698282985755246904e-05
8.697938165152681029e-05
8.697832498365341142e-05
8.697471786230423886e-05
8.697341871341915701e-05
8.696963809406668038e-05
8.696808122891149396e-05
8.696411161301957008e-05
8.696228130717714938e-05
8.695810635313166764e-05
8.695598640963436319e-05
8.695158901054017239e-05
8.694916278769385793e-05
8.694452515208288441e-05
8.694177559924753951e-05
8.693687933106386447e-05
8.693378902658225975e-05
8.692861519849921759e-05
8.692516638196479074e-05
8.691969559310012711e-05
8.691587018068692397e-05
8.691008258653806502e-05
8.690586215480560514e-05
8.689973745300057109e-05
8.689510317216726201e-05
8.688862052347731343e-05
8.688355301707607664e-05
8.687669087685794683e-05
8.687116998035658826e-05
8.686390581141758410e-05
8.685791019922152034e-05
8.685022003486939069e-05
8.684372668355907934e-05
8.683558450926233928e-05
8.682856796659610703e-05
8.681994489252470738e-05
8.681237632820559911e-05
8.680323953448143125e-05
8.679508556186690241e-05
8.678539701556436188e-05
8.677661829518335999e-05
8.676633326481574362e-05
8.675688293288695335e-05
8.674594836378345640e-05
8.673577037139229052e-05
8.672412323289646738e-05
8.671315073379402567e-05
8.670071650417429015e-05
8.668887048485117354e-05
8.667556199443709087e-05
8.666275039048083645e-05
8.664846728517691676e-05
8.663458485594996308e-05
8.661921395245580078e-05
8.660414317028851752e-05
8.658755992614848628e-05
8.657117304883063112e-05
8.655324423771309865e-05
8.653540654924294414e-05
8.651599399284976119e-05
8.649656790257658824e-05
8.647553276346626560e-05
8.645438206291497908e-05
8.643158878306047373e-05
8.640858193536059371e-05
8.638390050873119813e-05
8.635891151833366116e-05
8.633221657810832503e-05
8.630512195800914288e-05
8.627628736680735056e-05
8.624695822540118088e-05
8.621584670825819434e-05
8.618413620553229957e-05
8.615058516764408374e-05
8.611631352161899918e-05
8.608012034964423402e-05
8.604306178540894513e-05
8.600397395473889010e-05
8.596385151359253697e-05
8.592156748825977291e-05
8.587806103825430532e-05
8.583224578985595770e-05
8.578501459821023366e-05
8.573532772645494704e-05
8.568404149218649215e-05
8.563016746285989557e-05
8.557453126690624484e-05
8.551619429922694825e-05
8.545594912656370723e-05
8.539289642959484573e-05
8.532778455644321350e-05
8.525973647217437417e-05
8.518944257653408294e-05
8.511603424378332190e-05
8.504013950609276616e-05
8.496089954742221389e-05
8.487889454267609458e-05
8.479329610395113165e-05
8.470466555355116232e-05
8.461223064245147643e-05
8.451655460748527793e-05
8.441692487705006740e-05
8.431389430220086027e-05
8.420677755523700732e-05
8.409607680219337821e-05
8.398109330073869777e-05
8.386225736310331310e-05
8.373886247185340645e-05
8.361130783593821432e-05
8.347894132638233693e-05
8.334219766717352554e-05
8.320051818088718587e-05
8.305436678501844903e-05
8.290321841607075444e-05
8.274747872825468254e-05
8.258658012743328629e-05
8.242085479798749302e-05
8.224975628098781790e-05
8.207366700729287539e-05
8.189217676614030746e-05
8.170575315231313020e-05
8.151403843745805636e-05
8.131742876074634296e-05
8.111549449848055957e-05
8.090857680345721619e-05
8.069634109534641348e-05
8.047927816367975249e-05
8.025721445258249688e-05
8.003063977483986749e-05
7.979928713006101924e-05
7.956353304439217860e-05
7.932318523817705083e-05
7.907881345761567015e-05
7.883041038076194081e-05
7.857849470560354112e-05
7.832289704090053116e-05
7.806406844182602186e-05
7.780204628179970697e-05
7.753748997047727669e-05
7.727040091929156414e-05
7.700118412466686502e-05
7.672981014746356313e-05
7.645692223006259503e-05
7.618262557685512564e-05
7.590729651874795407e-05
7.563083953654053959e-05
7.535381636535339153e-05
7.507630344328631038e-05
7.479855011698269946e-05
7.452040538723381658e-05
7.424234381202993746e-05
7.396425997354330183e-05
7.368620672011492881e-05
7.340806906008959601e-05
7.313013955963584703e-05
7.285200299021120070e-05
7.257374224185559523e-05
7.229525490661580585e-05
7.201641206821796342e-05
7.173691836033125485e-05
7.145696531446359189e-05
7.117607243959717849e-05
7.089437516669206741e-05
7.061171137730453491e-05
7.032797416476505600e-05
7.004323340433490171e-05
6.975745459881700801e-05
6.947064636346468819e-05
6.918302502968590260e-05
6.889448144288753148e-05
6.860539329715113798e-05
6.831560162899929037e-05
6.802549309996785368e-05
6.773488831528554598e-05
6.744408140892391363e-05
6.715285162974362395e-05
6.686136076930824905e-05
6.656932720721655487e-05
6.627679498111884457e-05
6.598344220332470658e-05
6.568925777202601519e-05
6.539394404198872203e-05
6.509752407307367844e-05
6.479980153597058559e-05
6.450090546323800718e-05
6.420077789449067261e-05
6.389965773993195653e-05
6.359758076267045220e-05
6.329481251922328404e-05
6.299136585760009555e-05
6.268740816535992759e-05
6.238281862540260008e-05
6.207760078182524412e-05
6.177149857035735075e-05
6.146442583100074364e-05
6.115612957544486498e-05
6.084660887383674553e-05
6.053577811842739365e-05
6.022382591539712484e-05
5.991083617493338546e-05
5.959707416402341848e-05
5.928258808882820395e-05
5.896748518730020766e-05
5.865159707266463682e-05
5.833482435672593511e-05
5.801690092213003129e-05
5.769777703879567311e-05
5.737738314200456274e-05
5.705591869368934789e-05
5.673350631263193050e-05
5.641036674623669552e-05
5.608646070997437295e-05
5.576173570447377943e-05
5.543593369998652248e-05
5.510896884830418399e-05
5.478077534609411217e-05
5.445155699102890594e-05
5.412144035410406431e-05
5.379056871247468789e-05
5.345880009933933001e-05
5.312600823444445014e-05
5.279202120230718837e-05
5.245695343979162300e-05
5.212093258958287864e-05
5.178412870858928909e-05
5.144641635670302266e-05
5.110765991999840477e-05
5.076772911290139878e-05
5.042680536848962542e-05
5.008502911623319330e-05
4.974244812226239371e-05
4.939882090992666838e-05
4.905407768017361515e-05
4.870831573963975766e-05
4.836177961505337523e-05
4.801437537455545244e-05
4.766593490314255112e-05
4.731640887492077695e-05
4.696605834476232083e-05
4.661488925537059084e-05
4.626274349215614532e-05
4.590954971316441675e-05
4.555556781127041434e-05
4.520076750507173214e-05
4.484498803620618845e-05
4.448826636765123476e-05
4.413083175326660244e-05
4.377249369083453112e-05
4.341321932402971464e-05
4.305320967960214111e-05
4.269243768015937182e-05
4.233070096376176941e-05
4.196827966232400818e-05
4.160511760367429539e-05
4.124110076964232572e-05
4.087640977215860772e-05
4.051100974920597835e-05
4.014482364663384087e-05
3.977807842057999777e-05
3.941055526270245267e-05
3.904244039840977352e-05
3.867370277757981755e-05
3.830436720442552184e-05
3.793444127108523695e-05
3.756398051959712180e-05
3.719301071750444045e-05
3.682151900800208124e-05
3.644961886736936132e-05
3.607719671325823851e-05
3.570446397385532345e-05
3.533131966354158596e-05
3.495782733919978487e-05
3.458407086830018719e-05
3.421002540140697686e-05
3.383577413577289086e-05
3.346135802008696244e-05
3.308673915709890549e-05
3.271208495266717588e-05
3.233735505668458663e-05
3.196259478585790505e-05
3.158791427310362346e-05
3.121327946860950994e-05
3.083880968401294374e-05
3.046453662080068726e-05
3.009046469484015523e-05
2.971675055988503056e-05
2.934337846695231380e-05
2.897041800440782958e-05
2.859797744104396381e-05
2.822604364682853605e-05
2.785474819428394112e-05
2.748413405461169339e-05
2.711422925411356168e-05
2.674518476076428710e-05
2.637701089144522831e-05
2.600979261647639408e-05
2.564363479119140837e-05
2.527855868778087402e-05
2.491469474581473682e-05
2.455209052128970790e-05
2.419079968748502456e-05
2.383095750270104553e-05
2.347259070806950680e-05
2.311578998556238014e-05
2.276064696863250528e-05
2.240720329496277051e-05
2.205558409284237226e-05
2.170583887460289261e-05
2.135802549467266513e-05
2.101225734544835501e-05
2.066858500522518658e-05
2.032710264050613437e-05
1.998789407510802326e-05
1.965100646171013974e-05
1.931654998184569589e-05
1.898458499484530657e-05
1.865518591145404095e-05
1.832844732641491451e-05
1.800441455309169270e-05
1.768316752284052951e-05
1.736477874709722524e-05
1.704929534133594376e-05
1.673680788639696836e-05
1.642736261690690670e-05
1.612101661681129369e-05
1.581784177549821124e-05
1.551788545530799005e-05
1.522121566228236808e-05
1.492789280297428248e-05
1.463796240354249195e-05
1.435149325189253039e-05
1.406851815186862503e-05
1.378908828004360407e-05
1.351324857032894129e-05
1.324102427640770270e-05
1.297245233292815856e-05
1.270756632572919015e-05
1.244639348138477099e-05
1.218897719986796618e-05
1.193534231085525960e-05
1.168552480503305997e-05
1.143954447760590193e-05
1.119741055068160581e-05
1.095913892783260977e-05
1.072474620674422358e-05
1.049422713805064348e-05
1.026760012983598986e-05
1.004487948835804536e-05
9.826072576491603816e-06
9.611169129795119694e-06
9.400154892216245467e-06
9.193017144171693840e-06
8.989744728512087454e-06
8.790323449597399816e-06
8.594747601183886873e-06
8.403003765297878462e-06
8.215072206267735782e-06
8.030913301066732983e-06
7.850503347867534551e-06
7.673819192061566023e-06
7.500839097375527065e-06
7.331527135008605738e-06
7.165836972941284775e-06
7.003715522248365881e-06
6.845135154887474694e-06
6.690061710748250193e-06
6.538454431910408515e-06
6.390259574470456219e-06
6.245427348152299968e-06
6.103920504521860349e-06
5.965693905974219738e-06
5.830681271765471577e-06
5.698825672935646491e-06
5.570079887756668752e-06
5.444400783277825009e-06
5.321726402612454868e-06
5.201999231383124633e-06
5.085169457932024751e-06
4.971178888310853057e-06
4.859956045034573936e-06
4.751447465633801365e-06
4.645604046726703130e-06
4.542365007347833792e-06
4.441667934549113789e-06
4.343462521947562944e-06
4.247678987824634128e-06
4.154258516922679819e-06
4.063154845883801704e-06
3.974305840307944136e-06
3.887653382427455753e-06
3.803142004070501905e-06
3.720704388943952622e-06
3.640298194362273576e-06
3.561864421490288659e-06
3.485350114039423668e-06
3.410698102210806925e-06
3.337854296462953971e-06
3.266774197329226143e-06
3.197402641397997305e-06
3.129688971323942021e-06
3.063581166716598193e-06
2.999038210011465767e-06
2.936011829593226679e-06
2.874454592295302151e-06
2.814323159683531596e-06
2.755577760978016570e-06
2.698172091369853907e-06
2.642064199866056375e-06
2.587217092686952761e-06
2.533590139638224177e-06
2.481142979227654505e-06
2.429841894677605758e-06
2.379648239442419517e-06
2.330522611984956521e-06
2.282433491683658498e-06
2.235346831053916355e-06
2.189231125901340333e-06
2.144058039168720364e-06
2.099794961077065209e-06
2.056417129924142276e-06
2.013897931354416068e-06
1.972211783314288622e-06
1.931335572807365031e-06
1.891245923263878323e-06
1.851919754326633993e-06
1.813330520538586144e-06
1.775458263310044648e-06
1.738277903594208159e-06
1.701770925350254097e-06
1.665911734962553851e-06
1.630682533962634063e-06
1.596073576843178444e-06
1.562069141237312180e-06
1.528655412647893501e-06
1.495819136486979252e-06
1.463540963530698845e-06
1.431814482566664632e-06
1.400619457412007354e-06
1.369936556809013924e-06
1.339759759442573762e-06
1.310072150985866460e-06
1.280867531331928864e-06
1.252141103908332052e-06
1.223882288230215256e-06
1.196096121386877515e-06
1.168761929726020316e-06
1.141863167235816867e-06
1.115400525555585686e-06
1.089356451380458400e-06
1.063734333456391521e-06
1.038532665711995463e-06
1.013738857360032155e-06
9.893645315563691294e-07
9.653845886464711091e-07
9.417834443350586053e-07
9.185734213471246048e-07
8.957409126580803566e-07
8.732970386368803873e-07
8.512315545688189460e-07
8.295224295454979027e-07
8.081872121083345982e-07
7.872062988350810317e-07
7.665829015278715822e-07
7.463350994978012706e-07
7.264356910368799450e-07
7.068902295955031080e-07
6.876900446497155500e-07
6.688255921339068417e-07
6.503271746399683779e-07
6.321617217688504431e-07
6.143220286556068454e-07
5.968266756074546944e-07
5.796542299588671512e-07
5.628197610825209539e-07
5.463083329180638702e-07
5.301055594768078268e-07
5.142489979918134868e-07
4.987073133873225877e-07
4.834815400950635268e-07
4.685841718253230368e-07
4.539872297701855234e-07
4.397102444907278991e-07
4.257379339735158432e-07
4.120515417064090324e-07
3.986867868389930890e-07
3.856137525197462207e-07
3.728376810815700147e-07
3.603672784140991244e-07
3.481729786307346965e-07
3.362780754315863114e-07
3.246669884027308551e-07
3.133205609017581799e-07
3.022737891877490875e-07
2.914984152629636059e-07
2.809995823006584283e-07
2.707830593532402932e-07
2.608176812642067096e-07
2.511332717567023427e-07
2.417090637764389989e-07
2.325308682504893779e-07
2.236305403190897237e-07
2.149729639326631344e-07
2.065725537986570951e-07
1.984252244621530050e-07
1.905117952645129870e-07
1.828599589107335215e-07
1.754484384340217182e-07
1.682653862454107786e-07
1.613361914696231645e-07
1.546298596865001334e-07
1.481595561870051303e-07
1.419174142940983683e-07
1.358806115846420614e-07
1.300702806183579365e-07
1.244561576662252149e-07
1.190244511826926345e-07
1.137886538582395630e-07
1.087160959320060941e-07
1.038150702341022076e-07
9.907685538680929284e-08
9.448493883826319373e-08
9.005846735359678718e-08
8.577108646048517549e-08
8.162201362682450670e-08
7.762740118769982401e-08
7.376365426203363935e-08
7.004478965660244927e-08
6.646443989636312347e-08
6.300387025006443280e-08
5.968106630070261695e-08
5.648060424041394456e-08
5.340074258924467032e-08
5.044668736753501844e-08
4.760131889810157545e-08
4.487453383593196160e-08
4.226273838356499522e-08
3.975644376930098618e-08
3.736566400176676909e-08
3.507500303584320407e-08
3.288677585810845859e-08
3.080215459406081652e-08
2.880857704375581052e-08
2.691089870082226488e-08
2.510606097188269785e-08
2.338728849443453087e-08
2.176182915404589676e-08
2.021758158079217640e-08
1.875607987534230841e-08
1.737538668604999694e-08
1.606633447629184773e-08
1.483142793174917682e-08
1.366671094989011789e-08
1.256828745467664617e-08
1.153892881306387560e-08
1.057078492237469964e-08
9.663350713720321930e-09
8.811997339164957770e-09
8.012699174900030255e-09
7.266447028648919657e-09
6.570894231048466591e-09
5.924714500334902365e-09
5.324372249047387149e-09
4.764814490290388944e-09
4.245115322214877167e-09
3.765412871783069590e-09
3.324281003954318234e-09
2.917876041515481734e-09
2.542158925983986663e-09
2.195405608015299294e-09
1.878428758351495992e-09
1.589330850798928665e-09
1.324923751055061393e-09
1.082200175825060238e-09
8.621040028346877653e-10
6.639037026865379696e-10
4.858127474514254600e-10
3.242367959466766242e-10
1.783168159997464772e-10
4.990743158541046224e-11
-6.524163673914105283e-11
-1.699638793325783280e-10
-2.605857148962972617e-10
-3.398117088220314305e-10
-4.096728971053517431e-10
-4.695142952568199027e-10
-5.199815047718519873e-10
-5.629509546480645512e-10
-6.004784497326168662e-10
-6.304373185255590370e-10
-6.546867204608424914e-10
-6.746338716213251297e-10
-6.876389849699063861e-10
-6.967652944275220431e-10
-7.025091381848867504e-10
-7.042254090721834381e-10
-7.042897551660513374e-10
-7.012644112308503510e-10
-6.946928118728351482e-10
-6.863696744322098670e-10
-6.759639680793122751e-10
-6.644896868458872349e-10
-6.520245749891984676e-10
-6.378712661509642720e-10
-6.230292791031750877e-10
-6.074729085240888362e-10
-5.913342589606235901e-10
-5.752465204120953437e-10
-5.576999401780353125e-10
-5.397374856261485343e-10
-5.221120957842609973e-10
-5.044553714552420866e-10
-4.869933746428149650e-10
-4.694065849363852846e-10
-4.513139408165774397e-10
-4.342456091737437218e-10
-4.165850589470876120e-10
-3.991046561527100486e-10
-3.828084568899520741e-10
-3.663730945148386994e-10
-3.506289998852759941e-10
-3.353715515949457504e-10
-3.203619597087507014e-10
-3.060216571211757691e-10
-2.915850674727363571e-10
-2.779249821266390788e-10
-2.652709404193308931e-10
-2.531058861294884902e-10
-2.406899138383906349e-10
-2.286655335951547159e-10
-2.178209821339617340e-10
-2.071150677191067321e-10
-1.970791066758453802e-10
-1.872188862087250340e-10
-1.779685555971779055e-10
-1.700009301037984376e-10
-1.614830625764076439e-10
-1.533170660607481374e-10
-1.454804396357173549e-10
-1.373438308712904469e-10
-1.303602880491875852e-10
-1.234103496292189775e-10
-1.164134834788873648e-10
-1.108473985141803487e-10
-1.046228510868254339e-10
-9.845376098269725536e-11
-9.291451861310459249e-11
-8.732004326910957118e-11
-8.259793930942361690e-11
-7.778734707788132662e-11
-7.336024750214584537e-11
-6.983658574363574645e-11
-6.553571079376997906e-11
-6.184967658949494750e-11
-5.833416335907845729e-11
-5.472548619446703404e-11
-5.203390070034871464e-11
-4.900952210571644424e-11
-4.599993074441967469e-11
-4.363637421548436687e-11
-4.100319071411343709e-11
-3.926795351299948756e-11
-3.747618165286727347e-11
-3.525028849190352666e-11
-3.345085554557998883e-11
-3.145575521767490382e-11
-2.945465866946472147e-11
-2.775466652075447867e-11
-2.550306091782191840e-11
-2.373520240512958270e-11
-2.244368421505120025e-11
-2.128736145396310825e-11
-2.055196478871185023e-11
-1.965651123732460149e-11
-1.900130996956483523e-11
-1.837085159578215510e-11
-1.693394778933354891e-11
-1.588205806460399808e-11
-1.479185834292539867e-11
-1.360148020923564121e-11
-1.310777253651536855e-11
-1.245370839023687905e-11
-1.174425539527255016e-11
-1.141674654569043770e-11
-1.082046453005920173e-11
-1.048523675041951871e-11
-1.020758730457634865e-11
-9.754773975926919608e-12
-9.333670144159029538e-12
-8.349241754606852241e-12
-7.504880841532055045e-12
-7.343931485748673498e-12
-7.253622288972638421e-12
-7.492455258729702545e-12
-7.308115958325149429e-12
-6.584897884011285325e-12
-6.247614357999990416e-12
-5.747284909952969259e-12
-5.612918537679703213e-12
-5.678112993495336451e-12
-5.370824739453844872e-12
-5.448574820841898805e-12
-5.253993027170124534e-12
-4.688375487473926122e-12
-4.456281865206915774e-12
-4.371168932493279352e-12
-4.720873288583033611e-12
-4.741674261721274447e-12
-4.071142166377261289e-12
-3.872560457339999350e-12
-3.879312776112158412e-12
-3.844356310159714884e-12
-4.008769678206875743e-12
-3.747797007719705607e-12
-3.402076713706524612e-12
-3.388358452007859190e-12
-3.562019653906220293e-12
-3.484204231481460176e-12
-3.083182113095263688e-12
-3.074129564632493125e-12
-3.314352679801365663e-12
-3.158745648763443298e-12
-2.936302224759130086e-12
-2.848592260951672763e-12
-3.028835844931556086e-12
-2.941724254666240279e-12
-2.689862072659060688e-12
-2.755246144302581684e-12
-2.793271921589673449e-12
-2.547440563695371527e-12
-2.566930836308145755e-12
-2.661544834336798685e-12
-2.375578705038378435e-12
-2.442031441656454813e-12
-2.462829781840201438e-12
-2.289697368234284113e-12
-2.330106163243279800e-12
-2.271933630656921870e-12
-2.167829942590888762e-12
-2.227894019463482263e-12
-2.050601088802242786e-12
-2.071156506415230978e-12
-2.014463147569237360e-12
-1.916719200959975694e-12
-1.927055639586689894e-12
-1.829032980844251185e-12
-1.826448536478273739e-12
-1.732808589654168507e-12
-1.697634767105541752e-12
-1.637296901352428314e-12
-1.568775111306506928e-12
-1.507661306012044419e-12
-1.474358337500717563e-12
-1.399313085050716174e-12
-1.368521949618960769e-12
-1.290542973320906532e-12
-1.223301013901763598e-12
-1.165399606443431458e-12
-1.099617823324924191e-12
-1.046196637843565108e-12
-9.975486963089914477e-13
-9.268563423838278747e-13
-8.628568571241008208e-13
-7.951472266539506772e-13
-7.340136518745872652e-13
-6.901713203592276078e-13
-6.272733973925812617e-13
-5.637562887849596408e-13
-5.068333359933385580e-13
-4.509665021207352824e-13
-4.086916548221818001e-13
-3.530992608090636576e-13
-2.943995361167915213e-13
-2.526275243946017265e-13
-2.117029621460146003e-13
-1.706868471490989481e-13
-1.278682940864411122e-13
-8.993537827646145905e-14
-6.647398128853588760e-14
-3.747189703001864028e-14
-8.862060122492077330e-15
8.833201835110246965e-15
2.488948544686241748e-14
4.000560427520381474e-14
5.098995429657357102e-14
5.453648167351791371e-14
5.536168037128267744e-14
5.916332971181218915e-14
5.232477890660503062e-14
4.331221280554944682e-14
3.980125991388903399e-14
2.741505426303546622e-14
1.580996763748711873e-14
6.220710326874112634e-15
-9.950719231665584590e-15
-1.946068478774487825e-14
-3.209939055960595396e-14
-4.282853880467257793e-14
-4.932243516212003066e-14
-5.688137819813927678e-14
-6.064955382948644416e-14
-6.269448452604770062e-14
-6.168118399083973162e-14
-5.856558558018719311e-14
-5.252071859370149774e-14
-4.558431345289657530e-14
-3.703505215773203137e-14
-2.744719471686626203e-14
-1.774248288024782203e-14
-8.090368866967754329e-15
1.566327592373652333e-16
6.888722545423124461e-15
1.208682275804312772e-14
1.485958203976927592e-14
1.521447386130603948e-14
1.345141362304296461e-14
1.006120651990321218e-14
5.553879727110669418e-15
-1.846270334484571755e-16
-5.619220823793496090e-15
-1.021302336038368442e-14
-1.348285696793253884e-14
-1.542650819655521898e-14
-1.498051990523643732e-14
-1.274323147084450393e-14
-9.353497385223294881e-15
-4.979596214110464458e-15
-1.456116134476948379e-16
3.634770448690514970e-15
6.312890822747020911e-15
7.387766184534336627e-15
6.526292855417294866e-15
4.195275773644825097e-15
1.124755653249930375e-15
-2.216995914789741234e-15
-4.571277691397381919e-15
-5.588385667962578240e-15
-4.864301303996065181e-15
-2.839359601950047716e-15
5.397666164356290548e-18
2.614217492681235828e-15
4.260339597785147771e-15
4.496248600109834581e-15
3.323868346473513298e-15
1.279890637709240682e-15
-7.653531932141187199e-16
-1.984382898914977423e-15
-1.804442463789991640e-15
-4.071085485236355129e-16
1.573795519005972616e-15
3.112356137087608227e-15
3.426129156323941781e-15
2.437886361706341365e-15
8.320808007586751009e-16
-3.834412728070657761e-16
-3.939623384496763334e-16
6.379836852146692593e-16
2.027474854661290443e-15
2.787597335486763725e-15
2.439698304269121252e-15
1.274815985386912025e-15
3.324695705009531364e-16
4.072045557676965644e-16
1.467614793271479857e-15
2.368428759887162458e-15
2.315056668226351569e-15
1.432970812850807177e-15
7.523786057893021398e-16
9.721850649488536388e-16
1.826598370930707205e-15
2.255113212747800034e-15
1.777797846451520444e-15
1.037290344748681415e-15
1.156760184497318753e-15
1.853412478538043747e-15
2.082516437193509805e-15
1.553536341225803136e-15
1.177056166885319129e-15
1.550143987820802763e-15
2.028739283307598756e-15
1.699796464977317662e-15
1.301289582870496971e-15
1.588081258205142383e-15
1.944007795564909814e-15
1.633130547032240463e-15
1.397003733370757032e-15
1.750555791429387127e-15
1.843941847979449350e-15
1.476986941282850854e-15
1.617898508966034877e-15
1.845070567774961925e-15
1.582148416725606775e-15
1.582300293023439425e-15
1.828499484986479837e-15
1.592193536808787352e-15
1.636413533640017264e-15
1.783881491835136034e-15
1.591292810777093423e-15
1.698803448373967839e-15
1.732291856918411364e-15
1.596365013689960639e-15
1.769756099517322537e-15
1.624775250953507234e-15
1.713535037439006595e-15
1.688607381211654377e-15
1.666674820479649955e-15
1.720077582355874302e-15
1.655124672972811780e-15
1.722770297248461773e-15
1.661887973563609564e-15
1.715636332817974722e-15
1.671888015744107642e-15
1.708563350007430959e-15
1.679778030429908498e-15
1.703858572998503592e-15
1.685091618602486402e-15
1.701145258084262837e-15
1.688572056737592133e-15
1.699674260263770128e-15
1.690914090163358846e-15
1.698905428260272650e-15
1.692563515552927985e-15
1.698522152410503380e-15
1.693779083918753569e-15
1.698350165432717665e-15
1.694709404049864361e-15
1.698294329807266136e-15
1.695442365793776853e-15
1.698301974241551502e-15
1.696032402212597099e-15
1.698343344400046129e-15
1.696514963963913365e-15
1.698401332959890431e-15
1.696914266740659274e-15
1.698466004978640700e-15
1.697247561573689907e-15
1.698531600048124775e-15
1.697527581261632974e-15
1.698594840009541838e-15
1.697764001468465631e-15
1.698653945159688700e-15
1.697964350087240808e-15
1.698708047181474832e-15
1.698134595873540988e-15
1.698756831060139517e-15
1.698279543485652258e-15
1.698800312913072278e-15
1.698403107515701665e-15
1.698838700506940603e-15
1.698508508228615929e-15
1.698872305122759687e-15
1.698598415080774150e-15
1.698901485824321568e-15
1.698675054386277582e-15
1.698926614510608243e-15
1.698740291664422373e-15
1.698948054364349768e-15
1.698795695738044557e-15
1.698966147007817235e-15
1.698842589328507928e-15
1.698981205310525658e-15
1.698882089497630228e-15
1.698993509837967953e-15
1.698915140293930650e-15
1.699003307626140233e-15
1.698942539355686899e-15
1.699010812395702356e-15
1.698964959710283531e-15
1.699016205617276597e-15
1.698982967761462531e-15
1.699019638029564310e-15
1.698997038188067692e-15
1.699021231366696116e-15
1.699007566310582758e-15
1.699021080115460195e-15
1.699014878398158650e-15
1.699019253187642244e-15
1.699019240243025449e-15
1.699015795453210366e-15
1.699020864298404651e-15
1.699010729084055613e-15
1.699019915609347482e-15
1.699004054694780700e-15
1.699016516715182778e-15
1.698995752261639537e-15
1.699010751684016710e-15
1.698985781829037112e-15
1.699002669393456397e-15
1.698974084007520417e-15
1.698992286174885459e-15
1.698960580260380497e-15
1.698979587902014684e-15
1.698945173007839274e-15
1.698964531596266031e-15
1.698927745540199514e-15
1.698947046612120353e-15
