# bin_2_2
1.402478181981705663e-04
1.402480021833556450e-04
1.402433044696115428e-04
1.402432492153265358e-04
1.402383315958764299e-04
1.402380077904014294e-04
1.402328595719611168e-04
1.402322378068998588e-04
1.402268448840324417e-04
1.402258953571943985e-04
1.402202403558785201e-04
1.402189326063905288e-04
1.402129950041856442e-04
1.402112976794934714e-04
1.402050539087264583e-04
1.402029345631625591e-04
1.401963581051986630e-04
1.401937830318305829e-04
1.401868445092245303e-04
1.401837786070124644e-04
1.401764458815640325e-04
1.401728525613703095e-04
1.401650908458437978e-04
1.401609319795178515e-04
1.401527039714765398e-04
1.401479398895136286e-04
1.401392059356824959e-04
1.401337954785535197e-04
1.401245137786612325e-04
1.401184144091851115e-04
1.401085412677923945e-04
1.401017092498101199e-04
1.400911993841286304e-04
1.400835900341577294e-04
1.400723969452574897e-04
1.400639649609927880e-04
1.400520413731064858e-04
1.400427412416567301e-04
1.400300396116453704e-04
1.400198260958123234e-04
1.400062991905135922e-04
1.399951278868032697e-04
1.399807294189883158e-04
1.399685573736666425e-04
1.399532426796111137e-04
1.399400290391018440e-04
1.399237557689868576e-04
1.399094624291587587e-04
1.398921912080674135e-04
1.398767834111402540e-04
1.398584784114845561e-04
1.398419252216540976e-04
1.398225545686087039e-04
1.398048291370887312e-04
1.397843650474885503e-04
1.397654445561378881e-04
1.397438630902133737e-04
1.397237282430658571e-04
1.397010085293950142e-04
1.396796424447575781e-04
1.396557652270440607e-04
1.396331515766240647e-04
1.396080969305716919e-04
1.395842171806014622e-04
1.395579612691107846e-04
1.395327909114711543e-04
1.395053016949750191e-04
1.394788054227921086e-04
1.394500373280215888e-04
1.394221632200271692e-04
1.393920509056024699e-04
1.393627238444463486e-04
1.393311753891977921e-04
1.393002901532161217e-04
1.392671802320592507e-04
1.392345949594566356e-04
1.391997588456555363e-04
1.391652898492892504e-04
1.391285193536222556e-04
1.390919385134955296e-04
1.390529811769355127e-04
1.390140172754768331e-04
1.389725801740018688e-04
1.389309254545449744e-04
1.388866847288815166e-04
1.388420075157198409e-04
1.387946240681752559e-04
1.387465873598338415e-04
1.386957279586916846e-04
1.386440124254756563e-04
1.385893737148454711e-04
1.385337015710592055e-04
1.384750323837144622e-04
1.384151864830186925e-04
1.383523018722324039e-04
1.382881327433049020e-04
1.382209121225457481e-04
1.381523255263887237e-04
1.380806883656909791e-04
1.380076085063296838e-04
1.379314653209512496e-04
1.378537750120489586e-04
1.377729594226631776e-04
1.376904281946800084e-04
1.376046266383051215e-04
1.375168488296130869e-04
1.374255545969013822e-04
1.373319270451072685e-04
1.372344485533686504e-04
1.371342144973396952e-04
1.370297567443190827e-04
1.369221224481330823e-04
1.368099311596291095e-04
1.366942242500106535e-04
1.365737397246368997e-04
1.364495359204596968e-04
1.363204686543073607e-04
1.361875946934909738e-04
1.360498410110270529e-04
1.359082002406263945e-04
1.357615910439644523e-04
1.356108666162956903e-04
1.354548732361889735e-04
1.352942962687389485e-04
1.351279218319685019e-04
1.349563340302079126e-04
1.347783667704792790e-04
1.345946416842378423e-04
1.344041727295029244e-04
1.342077154913825967e-04
1.340044833996902171e-04
1.337952953744079860e-04
1.335794019134091729e-04
1.333574736103827817e-04
1.331285938121028591e-04
1.328931692881628096e-04
1.326501441703422214e-04
1.323998565205845239e-04
1.321414216741191323e-04
1.318754322241192278e-04
1.316013663582766581e-04
1.313200255848479708e-04
1.310309435082567908e-04
1.307346764750654975e-04
1.304304240896686387e-04
1.301184073721130426e-04
1.297978052501921192e-04
1.294691106062096871e-04
1.291320509107746564e-04
1.287875486112845464e-04
1.284354465556483476e-04
1.280762914200566499e-04
1.277094061176853453e-04
1.273350298703422698e-04
1.269527970610108349e-04
1.265636535121103675e-04
1.261678664924697352e-04
1.257663153078587360e-04
1.253586130685541763e-04
1.249449993791249078e-04
1.245252792196525037e-04
1.241005900312166013e-04
1.236714839217024355e-04
1.232387655256805131e-04
1.228019973463584597e-04
1.223615790792936071e-04
1.219179591517941539e-04
1.214725372541979493e-04
1.210254498955637702e-04
1.205767949191866197e-04
1.201264619553968631e-04
1.196757648124036842e-04
1.192252219050846915e-04
1.187748635056803964e-04
1.183242032521765783e-04
1.178743181246841374e-04
1.174256470038216479e-04
1.169778575440823769e-04
1.165303593550028510e-04
1.160841663338228226e-04
1.156390761445923491e-04
1.151942254232488154e-04
1.147495531178086979e-04
1.143056623389439422e-04
1.138611713432499586e-04
1.134158746158398054e-04
1.129701308135134749e-04
1.125228677828986849e-04
1.120735807413977836e-04
1.116229370119617648e-04
1.111695226971911183e-04
1.107137549459693274e-04
1.102557509573820471e-04
1.097946432669828521e-04
1.093315607988739599e-04
1.088658633066099106e-04
1.083981655007644208e-04
1.079289286182916381e-04
1.074579773381587923e-04
1.069864644326435022e-04
1.065138420592192428e-04
1.060412893825923619e-04
1.055681597216995331e-04
1.050952815589340682e-04
1.046219363566991948e-04
1.041485121892654940e-04
1.036741973623908587e-04
1.031990382584984056e-04
1.027222012261675072e-04
1.022436095014378493e-04
1.017625807534917572e-04
1.012791708546614773e-04
1.007930292308830360e-04
1.003045137746067552e-04
9.981365384992782897e-05
9.932107332528691617e-05
9.882700812758255838e-05
9.833208868079974351e-05
9.783642261635245262e-05
9.734031905262764683e-05
9.684349029660031078e-05
9.634580197191698907e-05
9.584662995215844771e-05
9.534565593769890786e-05
9.484232969305239744e-05
9.433662481036911903e-05
9.382847207007851331e-05
9.331834959089354978e-05
9.280659053504838440e-05
9.229380031291314131e-05
9.178012695416849689e-05
9.126569433234399484e-05
9.075006002134238523e-05
9.023285360181000343e-05
8.971347411228895188e-05
8.919180353515549430e-05
8.866784119238080351e-05
8.814213439070980741e-05
8.761509937665624406e-05
8.708719288084049203e-05
8.655826006271443958e-05
8.602798346079768401e-05
8.549570106514299810e-05
8.496118429556512525e-05
8.442445895286436377e-05
8.388614063203416479e-05
8.334667051946747552e-05
8.280629332032821068e-05
8.226453996101472680e-05
8.172090547114761554e-05
8.117499734148924024e-05
8.062719018491408096e-05
8.007801307492005429e-05
7.952790031285618085e-05
7.897647862320013887e-05
7.842321736193773882e-05
7.786778945697902859e-05
7.731070951082273743e-05
7.675248580722762975e-05
7.619319388198741701e-05
7.563216197059124653e-05
7.506912912519998933e-05
7.450444972195417888e-05
7.393877560710566336e-05
7.337185699363413781e-05
7.280315052542193455e-05
7.223259839227049014e-05
7.166092048987448312e-05
7.108813673540898687e-05
7.051370738159262665e-05
6.993750680528952601e-05
6.936027495472335026e-05
6.878192968742001588e-05
6.820192441367624184e-05
6.762044085528377661e-05
6.703811942338088370e-05
6.645440851727168466e-05
6.586915045377007751e-05
6.528297498221908083e-05
6.469575584300330158e-05
6.410695209321339071e-05
6.351732717300289115e-05
6.292670565136146746e-05
6.233473865328914489e-05
6.174199893208042259e-05
6.114828681656343779e-05
6.055342487680102670e-05
5.995802887633883116e-05
5.936147190999791872e-05
5.876429325340206615e-05
5.816633833363070238e-05
5.756767672697593602e-05
5.696838495398202869e-05
5.636847391183445776e-05
5.576812456459023576e-05
5.516718355994135799e-05
5.456601047994305711e-05
5.396428209161422139e-05
5.336249402312171554e-05
5.276038843226097519e-05
5.215817570674342342e-05
5.155594026020917351e-05
5.095370274524241473e-05
5.035158015643449616e-05
4.974969512167065389e-05
4.914798273588672910e-05
4.854673727145181493e-05
4.794590428329311902e-05
4.734560335105127799e-05
4.674600348531257973e-05
4.614709509033568810e-05
4.554905964566301576e-05
4.495199224949680453e-05
4.435591402325463729e-05
4.376108009448407443e-05
4.316748930374017328e-05
4.257528557141999101e-05
4.198463423202302320e-05
4.139556116867427240e-05
4.080826487873109035e-05
4.022285219586592625e-05
3.963938849696294357e-05
3.905810472162589311e-05
3.847903899042171965e-05
3.790233794932085519e-05
3.732815622554821691e-05
3.675657381615288991e-05
3.618778267831762829e-05
3.562188355395840103e-05
3.505897009960147486e-05
3.449923758374022085e-05
3.394275437851249896e-05
3.338967739604696501e-05
3.284014776220168223e-05
3.229425566742923683e-05
3.175216905351773631e-05
3.121398507676182072e-05
3.067980607886702121e-05
3.014979809458955337e-05
2.962403815105413350e-05
2.910265263529955264e-05
2.858575629047397721e-05
2.807343455210040939e-05
2.756583135435681053e-05
2.706303036683367286e-05
2.656512638461248950e-05
2.607224824409355574e-05
2.558446485890136652e-05
2.510188058366742526e-05
2.462458904093246527e-05
2.415266212513229866e-05
2.368621112220475053e-05
2.322530073059069717e-05
2.277000909985075965e-05
2.232042482028981278e-05
2.187659435912999952e-05
2.143859808790861263e-05
2.100650551799705261e-05
2.058035835448387334e-05
2.016021835859286844e-05
1.974611588654642599e-05
1.933809362416657595e-05
1.893619872973678484e-05
1.854045736951149485e-05
1.815090613176809672e-05
1.776757729441548570e-05
1.739047469282632794e-05
1.701961873781662209e-05
1.665501102550970744e-05
1.629666697162671958e-05
1.594458929993082571e-05
1.559876396939465859e-05
1.525918034086125357e-05
1.492582740623648227e-05
1.459868455111802224e-05
1.427773702573490914e-05
1.396295958645905259e-05
1.365432404615640554e-05
1.335179283172606028e-05
1.305532487917836683e-05
1.276487081227311896e-05
1.248038019590806529e-05
1.220179895163464527e-05
1.192907698757356191e-05
1.166215747475055295e-05
1.140098356370834101e-05
1.114548969396967574e-05
1.089560892645527079e-05
1.065126376088681790e-05
1.041238264562423118e-05
1.017889416077805827e-05
9.950723332404521560e-06
9.727781685273915007e-06
9.509989671753052011e-06
9.297259833624423579e-06
9.089500673070670682e-06
8.886628232026131489e-06
8.688566919194857475e-06
8.495225075511945024e-06
8.306508237552464669e-06
8.122320933166185910e-06
7.942570306820245161e-06
7.767168823227070925e-06
7.596022215478226757e-06
7.429033969900636815e-06
7.266112390144268379e-06
7.107169660962366606e-06
6.952114586113621926e-06
6.800849452113124206e-06
6.653275838973646711e-06
6.509302157073377376e-06
6.368847697827809985e-06
6.231817745577275492e-06
6.098122839158002617e-06
5.967676955238014562e-06
5.840392853626255750e-06
5.716176468317165752e-06
5.594948710196074027e-06
5.476630911885463052e-06
5.361137647512203460e-06
5.248381631397256312e-06
5.138288113027426899e-06
5.030776162211765755e-06
4.925774239299838400e-06
4.823210331596040288e-06
4.723004603762606845e-06
4.625084077606262700e-06
4.529385474752997707e-06
4.435838222673352974e-06
4.344377557017649705e-06
4.254933135354110741e-06
4.167447725060362444e-06
4.081862848835466453e-06
3.998114327797134109e-06
3.916142998029126911e-06
3.835895283582441797e-06
3.757320199808687460e-06
3.680360994085051122e-06
3.604970040327907583e-06
3.531101283078927433e-06
3.458705262810885655e-06
3.387735587319718309e-06
3.318147885468628179e-06
3.249896443121016357e-06
3.182946008682246157e-06
3.117260570723220135e-06
3.052799206441309775e-06
2.989528049320771721e-06
2.927411246533053133e-06
2.866415544680643327e-06
2.806507837926660494e-06
2.747653653654394659e-06
2.689834597187074524e-06
2.633019504333755601e-06
2.577180401607770305e-06
2.522296386184738091e-06
2.468336882334338626e-06
2.415288272963822488e-06
2.363118249849249528e-06
2.311803686455331950e-06
2.261341335616260062e-06
2.211704251160976283e-06
2.162875009966369251e-06
2.114838397926045357e-06
2.067567768288989306e-06
2.021068365141382428e-06
1.975313249521516549e-06
1.930279817918962477e-06
1.885977815683280004e-06
1.842381021879285430e-06
1.799483890539786244e-06
1.757275020708164130e-06
1.715730489518355258e-06
1.674870045246044138e-06
1.634663726846711410e-06
1.595093376510899452e-06
1.556180121863672927e-06
1.517894569716676270e-06
1.480242240286682270e-06
1.443211709393583411e-06
1.406776913513775696e-06
1.370972152287903400e-06
1.335763414292043237e-06
1.301136826511683171e-06
1.267120801353510339e-06
1.233677643664059053e-06
1.200825128548548591e-06
1.168550505348720762e-06
1.136824286649926337e-06
1.105692980912768640e-06
1.075116797938068802e-06
1.045087731546619608e-06
1.015634967082707858e-06
9.867152744648749149e-07
9.583558809386588805e-07
9.305404781907796725e-07
9.032369144100151481e-07
8.764990499687511962e-07
8.502815588955527429e-07
8.245831072340038999e-07
7.994284130112593635e-07
7.747727985026711538e-07
7.506499404301873435e-07
7.270398826994184239e-07
7.039093849976437666e-07
6.813156651142066303e-07
6.592080655899030796e-07
6.375925553649786992e-07
6.164862348284970943e-07
5.958439634739672348e-07
5.757039888800566583e-07
5.560407550618428091e-07
5.368221112728424876e-07
5.181023339820114124e-07
4.998284526309657935e-07
4.820112106612343726e-07
4.646603500005401742e-07
4.477327005226387044e-07
4.312705012189140116e-07
4.152446038528417663e-07
3.996279730421558684e-07
3.844701064283531526e-07
3.697189858625430489e-07
3.553904087973226009e-07
3.414870751355137836e-07
3.279698705813988055e-07
3.148813845197963950e-07
3.021899804626246350e-07
2.898757198791392357e-07
2.779828341997284782e-07
2.664651221072886507e-07
2.553427588753124205e-07
2.446121432389367807e-07
2.342372052419088883e-07
2.242544240866419087e-07
2.146252235832783947e-07
2.053273460131495320e-07
1.963848106022567245e-07
1.877446964472168794e-07
1.794165802038251210e-07
1.713829662294019356e-07
1.636050323952797818e-07
1.561086556402980701e-07
1.488536927265413046e-07
1.418246745105577345e-07
1.350392911175930472e-07
1.284573241477623375e-07
1.220973222489720882e-07
1.159527925881072102e-07
1.100017470572414179e-07
1.042727101923388454e-07
9.873695501632514544e-08
9.339322124150041129e-08
8.826014935363946697e-08
8.331305986649220763e-08
7.856995209322376395e-08
7.402197603616808680e-08
6.965000895337422228e-08
6.547550350128804166e-08
6.147683517066404844e-08
5.765566447491237717e-08
5.401590333113132884e-08
5.053526979826286002e-08
4.722307955829917599e-08
4.407344447509006936e-08
4.107478682273810356e-08
3.823723951578921902e-08
3.553946852625589411e-08
3.298188865895118830e-08
3.056580130807990856e-08
2.827599453608116282e-08
2.611380127983072539e-08
2.407288700101956986e-08
2.214834082677819916e-08
2.034448702496368864e-08
1.864545486629923276e-08
1.705266074867836469e-08
1.556384576328045346e-08
1.416516226153991506e-08
1.285681776447796315e-08
1.163670425099729967e-08
1.049841910345032620e-08
9.441878034440768525e-09
8.460787963955360669e-09
7.550785716529547299e-09
6.705887089144875111e-09
5.923458856181259515e-09
5.200513255638752165e-09
4.535475284949110321e-09
3.926848844498062735e-09
3.367153882761693659e-09
2.852812602470349874e-09
2.380804814693792557e-09
1.951268127378623040e-09
1.563532005453722024e-09
1.210723444822176511e-09
8.902151789466856686e-10
5.998127555215989899e-10
3.390183986682638643e-10
1.078409576172970021e-10
-9.900050743616315650e-11
-2.861076915585441956e-10
-4.501060613076922448e-10
-5.937044995050493611e-10
-7.184891749880443585e-10
-8.280353896014911663e-10
-9.239920735144739592e-10
-1.002251811201241328e-09
-1.068991131666003084e-09
-1.126518342096391037e-09
-1.170809155663585662e-09
-1.206187635970716363e-09
-1.233678057893996367e-09
-1.252946000466298945e-09
-1.264936950736856871e-09
-1.270393579909537479e-09
-1.271481147070067119e-09
-1.266753508869735982e-09
-1.256740449166802148e-09
-1.245153908781467658e-09
-1.228063158872880813e-09
-1.208656968753495879e-09
-1.187064426144724080e-09
-1.161851316223953965e-09
-1.136640417270109514e-09
-1.109041294740929314e-09
-1.080211899093603527e-09
-1.050570537536589908e-09
-1.019661904224113974e-09
-9.886935128209894094e-10
-9.570410237289277510e-10
-9.254192973034132056e-10
-8.941160841724227987e-10
-8.630910411988655821e-10
-8.318045514876305285e-10
-8.014361235614949479e-10
-7.704294230954660829e-10
-7.397315425414953955e-10
-7.106996296147105848e-10
-6.813527560737640825e-10
-6.530115581577095674e-10
-6.256948932700426627e-10
-5.980258253411789822e-10
-5.721124219290742431e-10
-5.458082141107100243e-10
-5.203511403455365842e-10
-4.966122409324361971e-10
-4.732000765305283611e-10
-4.507081107574075609e-10
-4.290298826237541398e-10
-4.085372546347421581e-10
-3.883065963604510354e-10
-3.687545978108271781e-10
-3.503928363945832727e-10
-3.327035304892828715e-10
-3.167432396715569705e-10
-2.999787170058802042e-10
-2.839620914212552392e-10
-2.700176359280062520e-10
-2.555258468354086184e-10
-2.425591422693020605e-10
-2.298025543518387516e-10
-2.174451591661946599e-10
-2.073247257139252613e-10
-1.961545304434107169e-10
-1.856543337388394425e-10
-1.759815925109284851e-10
-1.655089633879894101e-10
-1.568804098116755019e-10
-1.481018632996952719e-10
-1.393615938239625498e-10
-1.325261314771144971e-10
-1.247252506873677827e-10
-1.172566082316924600e-10
-1.105237573955194220e-10
-1.036805793636241664e-10
-9.793701389168619988e-11
-9.205439509043412354e-11
-8.664923387095249919e-11
-8.241228418866123748e-11
-7.718950872473985857e-11
-7.273476947644538016e-11
-6.852243685839305512e-11
-6.419656508465938600e-11
-6.094725435476982726e-11
-5.726887360101514667e-11
-5.364843811055373578e-11
-5.093071957225845673e-11
-4.771508001195024063e-11
-4.555660328229686416e-11
-4.339590935275334079e-11
-4.068860278014130485e-11
-3.863464770628920067e-11
-3.622160176862997589e-11
-3.383256545213156739e-11
-3.203987243920910809e-11
-2.938597146810983418e-11
-2.739033168043349442e-11
-2.591142383436534340e-11
-2.442685100008539795e-11
-2.365148481570527566e-11
-2.246923042510417166e-11
-2.156094101909481314e-11
-2.094633438851214775e-11
-1.919457907334414421e-11
-1.805431786557017388e-11
-1.684669716325265810e-11
-1.540941088764454615e-11
-1.497316494978232308e-11
-1.412668472463957911e-11
-1.326835339687466532e-11
-1.300141080360157719e-11
-1.218153186926915536e-11
-1.182698786916419055e-11
-1.146591960188789944e-11
-1.084785349858915791e-11
-1.049743950407778177e-11
-9.365130262776583924e-12
-8.440542527817546140e-12
-8.334877428220840015e-12
-8.098894086356329072e-12
-8.359764948508256449e-12
-8.116680272364272041e-12
-7.274145255575466872e-12
-6.995310821839804209e-12
-6.394800025370585991e-12
-6.236550311725184096e-12
-6.335180585814968073e-12
-5.926242585842272981e-12
-6.024106516206517840e-12
-5.788100672126395485e-12
-5.154270436565176713e-12
-4.970337188856372232e-12
-4.828988533197420820e-12
-5.172091294285621829e-12
-5.195640615871482167e-12
-4.456343146011720175e-12
-4.272093720209805509e-12
-4.266038011002243623e-12
-4.204542981662003072e-12
-4.392886883869652215e-12
-4.077825368601895649e-12
-3.726633968057353684e-12
-3.722150632861209709e-12
-3.874053638291989607e-12
-3.795984864838834731e-12
-3.369854890969703812e-12
-3.348595647783046505e-12
-3.611921551660816211e-12
-3.425881975785232163e-12
-3.194656319847401431e-12
-3.107137135520315657e-12
-3.280344981082125535e-12
-3.189986892886463270e-12
-2.922976001384470371e-12
-2.984888275346189658e-12
-3.030436479359877708e-12
-2.761305259794428901e-12
-2.782387124162126400e-12
-2.878167080647905991e-12
-2.575089378214057656e-12
-2.643694732473652280e-12
-2.662587915867854427e-12
-2.476430208184853908e-12
-2.519175723217756300e-12
-2.454377267974219421e-12
-2.344684911780066171e-12
-2.404234424628518635e-12
-2.218300136056173232e-12
-2.236450921175895112e-12
-2.176171144754099177e-12
-2.070586476852081171e-12
-2.080372755139720181e-12
-1.974227825468462629e-12
-1.969474670149189089e-12
-1.870952100038134541e-12
-1.830161416238694362e-12
-1.766813568275557657e-12
-1.692593717578765048e-12
-1.627010235044392665e-12
-1.589783118007500488e-12
-1.509294241461797242e-12
-1.474586016250670148e-12
-1.391476333773689625e-12
-1.318993117251391068e-12
-1.256698597271117312e-12
-1.185546090207188566e-12
-1.127484170736111684e-12
-1.074225529257604837e-12
-9.983024424977195317e-13
-9.300112412659116976e-13
-8.575978703889047844e-13
-7.918307679698923550e-13
-7.432678647201130817e-13
-6.753266521875145678e-13
-6.072074992763209325e-13
-5.460174644791373340e-13
-4.859287854420393980e-13
-4.395819805735522672e-13
-3.799644313546083702e-13
-3.174856091039546461e-13
-2.721348553412147171e-13
-2.277568082863966963e-13
-1.834250701522867058e-13
-1.375173300491820491e-13
-9.686361661935871190e-14
-7.105529493543766442e-14
-3.986606539691366671e-14
-9.298195734533594945e-15
1.008314452166327848e-14
2.731696935049871032e-14
4.355849219867536322e-14
5.522363093354600374e-14
5.906355264637869830e-14
6.031069375371516289e-14
6.427768266420555235e-14
5.700392582361505302e-14
4.746205407805743618e-14
4.326237782504535982e-14
3.020630592730282057e-14
1.775145165898929627e-14
7.256934302431212692e-15
-9.877092416367676637e-15
-2.029401993825189684e-14
-3.381079426755853282e-14
-4.528635976188042448e-14
-5.242215895963631148e-14
-6.041430158180145863e-14
-6.448760166750080919e-14
-6.666548777162459090e-14
-6.560402673255489189e-14
-6.225416424853268034e-14
-5.573114855768600064e-14
-4.816251471223497870e-14
-3.905569501739118816e-14
-2.871625023291471908e-14
-1.827083386184870699e-14
-7.879459515474501941e-15
1.049272439199654999e-15
8.268159625571221973e-15
1.382695817839398302e-14
1.685997773581648553e-14
1.725223629364207490e-14
1.535460483436622341e-14
1.168875092142495525e-14
6.854854488302387632e-15
6.984293727545583201e-16
-5.175725105777242055e-15
-1.012448294481154454e-14
-1.361505116941747751e-14
-1.573049197554737499e-14
-1.524694487163870462e-14
-1.282797024953619399e-14
-9.197709134269108814e-15
-4.446517063967837093e-15
7.364121833093796415e-16
4.804817476975461048e-15
7.703018001238259826e-15
8.844219303021025764e-15
7.917007305720076306e-15
5.413755265319231400e-15
2.092756903376911465e-15
-1.476841793527429626e-15
-4.020245552922730257e-15
-5.114792172481900804e-15
-4.325226982640474461e-15
-2.162777331669523230e-15
9.115497593910246593e-16
3.715017122690032936e-15
5.488401854319994271e-15
5.749007442699543922e-15
4.482299571862836220e-15
2.279194998468751318e-15
8.129958175203978091e-17
-1.235243104369046136e-15
-1.032225699746928488e-15
4.714287800427334564e-16
2.601448436714019999e-15
4.256885360701969929e-15
4.590598428453703622e-15
3.529136670834609118e-15
1.806958628315176054e-15
4.947185569888591973e-16
4.853943546995024591e-16
1.592534371875161289e-15
3.090474830192502397e-15
3.910661201996722231e-15
3.533191326302854555e-15
2.278947877382694877e-15
1.267999822623568087e-15
1.348121121513303526e-15
2.489475727650945335e-15
3.455868329163126053e-15
3.400509820225258978e-15
2.453004802248852469e-15
1.719237638551644414e-15
1.955558638482723885e-15
2.875736917964894889e-15
3.335055160062303333e-15
2.823980129118712369e-15
2.027318752185854489e-15
2.153846897425753446e-15
2.903395819070853759e-15
3.152352044070411500e-15
2.582127505046132653e-15
2.176373242514800322e-15
2.577812229664309675e-15
3.093927773818216720e-15
2.739608161386407555e-15
2.310348835436205740e-15
2.618956620785356468e-15
3.002808023362775533e-15
2.667599472701713602e-15
2.413814229079113459e-15
2.793667121537734077e-15
2.895596244062788912e-15
2.499134747985929618e-15
2.651600487382538460e-15
2.896298675594108098e-15
2.612719367341878845e-15
2.613211588765403719e-15
2.878526343152928067e-15
2.623394939735902103e-15
2.671906725355001471e-15
2.829943004284381912e-15
2.623033763639479659e-15
2.738652677876507484e-15
2.774679910930961548e-15
2.628415790847010396e-15
2.815081419198766721e-15
2.658921268204263454e-15
2.754652687717864659e-15
2.727588140273798783e-15
2.704247797659894330e-15
2.761464614454510639e-15
2.691816915667132754e-15
2.764382643058314416e-15
2.699088628595915245e-15
2.756724345061092112e-15
2.709844480816435788e-15
2.749127964747430932e-15
2.718331176308595131e-15
2.744076959909807922e-15
2.724046183826149390e-15
2.741166743813014134e-15
2.727788829012083762e-15
2.739591728119643236e-15
2.730306439706595252e-15
2.738771004913371581e-15
2.732078594705342969e-15
2.738364087951656634e-15
2.733383668141114343e-15
2.738183590498376680e-15
2.734381545819332422e-15
2.738127232929304305e-15
2.735166789518147209e-15
2.738138405318714250e-15
2.735797963743714923e-15
2.738185139201039422e-15
2.736313206629761682e-15
2.738249060991865626e-15
2.736738564353574869e-15
2.738319503659151803e-15
2.737092585121157200e-15
2.738390282511249807e-15
2.737388951037264809e-15
2.738457875297612290e-15
2.737638049959504225e-15
2.738520364287550242e-15
2.737847953811288852e-15
2.738576804992853516e-15
2.738025051748931591e-15
2.738626841088920192e-15
2.738174475049925885e-15
2.738670465478902766e-15
2.738300391729819195e-15
2.738707870184876528e-15
2.738406216896848144e-15
2.738739351379048499e-15
2.738494766850821100e-15
2.738765249223682177e-15
2.738568374522352357e-15
2.738785909952963404e-15
2.738628977652117506e-15
2.738801662302174145e-15
2.738678187232386524e-15
2.738812803223933624e-15
2.738717341359424025e-15
2.738819589580116827e-15
2.738747548087362785e-15
2.738822233711563928e-15
2.738769719826976160e-15
2.738820901376095310e-15
2.738784601143714072e-15
2.738815711183760911e-15
2.738792791316706244e-15
2.738806734829767191e-15
2.738794762708729054e-15
2.738793997744693360e-15
2.738790875700475665e-15
2.738777479852197013e-15
2.738781390838610468e-15
2.738757116264188730e-15
2.738766478627421441e-15
2.738732797773809008e-15
2.738746227378563216e-15
2.738704371101155271e-15
2.738720649398872154e-15
2.738671638807664834e-15
2.738689685762325196e-15
2.738634358888207539e-15
2.738653209870495322e-15
2.738592244006890567e-15
2.738611029963168040e-15
2.738544960392689060e-15
2.738562890705172964e-15
2.738492126388658342e-15
2.738508473988385167e-15
2.738433310693848135e-15
2.738447399024816688e-15
2.738368030278596408e-15
2.738379221843591088e-15
2.738295748046782292e-15
2.738303434255861707e-15
