# bin_4_4
8.063776955184927828e-04
8.062817729827683431e-04
8.062505295424748659e-04
8.061506904290737744e-04
8.061112782339701320e-04
8.060068603694577061e-04
8.059588455084071680e-04
8.058491534894704576e-04
8.057920511147445434e-04
8.056763539416088391e-04
8.056096273164114812e-04
8.054871563614842203e-04
8.054102161746643255e-04
8.052801635842774322e-04
8.051923676530651488e-04
8.050538852969448206e-04
8.049545387923245357e-04
8.048067378998016242e-04
8.046950942574730486e-04
8.045370459016684510e-04
8.044123085958380199e-04
8.042430452105568195e-04
8.041043705983400318e-04
8.039228887368597047e-04
8.037693901965944042e-04
8.035746547623293578e-04
8.034054083731063641e-04
8.031963585689016203e-04
8.030104105886720547e-04
8.027859678439124144e-04
8.025823442505972474e-04
8.023414223813555126e-04
8.021191407298590903e-04
8.018606585721463039e-04
8.016187423934868902e-04
8.013416391063322118e-04
8.010791350173397619e-04
8.007823881802293795e-04
8.004983857802443030e-04
8.001810322970904187e-04
7.998746867879893323e-04
7.995358464388124678e-04
7.992064037084521981e-04
7.988453049625012826e-04
7.984921286004845751e-04
7.981081359944361539e-04
7.977307353618488545e-04
7.973233773529031119e-04
7.969214353847161496e-04
7.964904311024519805e-04
7.960638299931122822e-04
7.956091127400171563e-04
7.951579550448885543e-04
7.946796897481205567e-04
7.942043117677699809e-04
7.937029029048253128e-04
7.932038765409634307e-04
7.926799624148713396e-04
7.921580810957063769e-04
7.916125098269377429e-04
7.910687537147462374e-04
7.905025361054580967e-04
7.899380118105147090e-04
7.893522465274871187e-04
7.887680971926887058e-04
7.881638647798063944e-04
7.875611479619379395e-04
7.869393723317328910e-04
7.863189059034734812e-04
7.856801854869739513e-04
7.850423661076046371e-04
7.843867820097484957e-04
7.837313867440372618e-04
7.830583021292746113e-04
7.823842914570194439e-04
7.816921647137977866e-04
7.809975139530071775e-04
7.802837571325151001e-04
7.795653520157263226e-04
7.788262740060327479e-04
7.780799127179476504e-04
7.773107910121696343e-04
7.765313363178397979e-04
7.757266584624838849e-04
7.749083756009851436e-04
7.740622771663010354e-04
7.731993715959860998e-04
7.723062676856415039e-04
7.713935981173357078e-04
7.704489578388900922e-04
7.694828439930093134e-04
7.684839943207212804e-04
7.674629713709614281e-04
7.664097486741293245e-04
7.653350567325352448e-04
7.642300719105937648e-04
7.631056359800229101e-04
7.619539148552902661e-04
7.607856048052061759e-04
7.595934474249779571e-04
7.583875452995941227e-04
7.571606460128029251e-04
7.559217062793986827e-04
7.546628872897998127e-04
7.533915222471901114e-04
7.520987881142090744e-04
7.507902343696388082e-04
7.494560973694648284e-04
7.481005221734491435e-04
7.467134507512926053e-04
7.452986035761667268e-04
7.438467992866725940e-04
7.423626675405864926e-04
7.408391698641282695e-04
7.392829317564573229e-04
7.376896911837000411e-04
7.360681378887463065e-04
7.344160929636776598e-04
7.327428917165889006e-04
7.310463300796492215e-04
7.293339077784935206e-04
7.276008776181810489e-04
7.258509089844766620e-04
7.240756995007936823e-04
7.222755348020238253e-04
7.204405918762666738e-04
7.185712811358154622e-04
7.166606046023146510e-04
7.147133688341377779e-04
7.127283720743870718e-04
7.107154421519030910e-04
7.086767637062559933e-04
7.066219505161656098e-04
7.045496221348939011e-04
7.024625858472317809e-04
7.003520277893294371e-04
6.982148023325635130e-04
6.960407629520853900e-04
6.938307189961583901e-04
6.915833860310613467e-04
6.893095881202326728e-04
6.870152191197785498e-04
6.847111148914397432e-04
6.823955274473300896e-04
6.800666612645304412e-04
6.777120048122703931e-04
6.753270683410441755e-04
6.729078583614117202e-04
6.704653307831070401e-04
6.680088275614720324e-04
6.655506635204092936e-04
6.630873972002328037e-04
6.606121528142547229e-04
6.581107151399490486e-04
6.555836486165599313e-04
6.530383988334915058e-04
6.504932291654993287e-04
6.479522812298202806e-04
6.454101574906343734e-04
6.428492769607073226e-04
6.402679062200920508e-04
6.376762705385880577e-04
6.350943614033429090e-04
6.325208675403182516e-04
6.299420520411608574e-04
6.273431620557572011e-04
6.247375677936158273e-04
6.221427780462746590e-04
6.195614297656992916e-04
6.169700097548627129e-04
6.143633728613117446e-04
6.117587759578472454e-04
6.091723574361006298e-04
6.065826898066685327e-04
6.039756667865845818e-04
6.013670074363754127e-04
5.987752826965911379e-04
5.961751407927880220e-04
5.935556908768244502e-04
5.909395840670708189e-04
5.883323199112455021e-04
5.857009326589810577e-04
5.830591838186947786e-04
5.804254246947905928e-04
5.777738074513343773e-04
5.750996495387670961e-04
5.724344107133129975e-04
5.697466626317849352e-04
5.670394325562623777e-04
5.643361109305978498e-04
5.616075546677595223e-04
5.588657839540482402e-04
5.561259492006255219e-04
5.533537708277004152e-04
5.505908813445661203e-04
5.478048170247957344e-04
5.450149560838407018e-04
5.422199195345352466e-04
5.394100285954348721e-04
5.366046764589410415e-04
5.337821222645445238e-04
5.309651340901026242e-04
5.281328324093174237e-04
5.253030432582476462e-04
5.224597072920916145e-04
5.196147058414198744e-04
5.167564507074180529e-04
5.138925384559139223e-04
5.110147602377139919e-04
5.081283517149790246e-04
5.052277453325510143e-04
5.023172314089246375e-04
4.993933863702657450e-04
4.964602437376487709e-04
4.935159011408014450e-04
4.905640849253676021e-04
4.876035150484528077e-04
4.846370726364965372e-04
4.816631718908400621e-04
4.786833716356045441e-04
4.756953563900413848e-04
4.726995431207871496e-04
4.696933503748264597e-04
4.666770253784751233e-04
4.636487790076149152e-04
4.606097686197205038e-04
4.575596280613696909e-04
4.545005065290444999e-04
4.514327687261434339e-04
4.483583141410229199e-04
4.452766974365545099e-04
4.421883110258725260e-04
4.390913557494329107e-04
4.359852522541148479e-04
4.328683309059034169e-04
4.297410145326811337e-04
4.266033716369986356e-04
4.234573161108776758e-04
4.203036118901052253e-04
4.171434628147556228e-04
4.139759735620850275e-04
4.108004523454860573e-04
4.076151411009931464e-04
4.044200045032229972e-04
4.012152900907650622e-04
3.980029444279344054e-04
3.947838870239423121e-04
3.915587405159883395e-04
3.883261016337779810e-04
3.850850040590518314e-04
3.818346681523521343e-04
3.785764641403264216e-04
3.753116662079124840e-04
3.720413422004005414e-04
3.687643580884118906e-04
3.654796702274678601e-04
3.621867757844020688e-04
3.588874185430296153e-04
3.555828896138895105e-04
3.522734284063580297e-04
3.489573966797459626e-04
3.456345679506450555e-04
3.423060843955270374e-04
3.389737256874061715e-04
3.356367982000341686e-04
3.322942269207412717e-04
3.289462481999457758e-04
3.255950705879848681e-04
3.222408801981981865e-04
3.188826247693304417e-04
3.155202864281813182e-04
3.121559703227944939e-04
3.087895385549684307e-04
3.054199797049928292e-04
3.020482009303620489e-04
2.986762279028688295e-04
2.953029756519159736e-04
2.919284876479852527e-04
2.885546366810747801e-04
2.851813920860513086e-04
2.818077729186638800e-04
2.784362325854252188e-04
2.750667864699192174e-04
2.716989542161978239e-04
2.683344868314409466e-04
2.649733628380934454e-04
2.616155919069480785e-04
2.582633468115169543e-04
2.549156591613980800e-04
2.515741572300549448e-04
2.482389433877258116e-04
2.449107044289148692e-04
2.415901495757716863e-04
2.382780659307561053e-04
2.349752022226878198e-04
2.316818217936428943e-04
2.283994362098300636e-04
2.251277384671270085e-04
2.218684552838913818e-04
2.186214521018160057e-04
2.153879828969690725e-04
2.121689036187688325e-04
2.089646373156661295e-04
2.057760572788757509e-04
2.026040988311520841e-04
1.994490454054058154e-04
1.963121352574826773e-04
1.931938527194897507e-04
1.900949772607789462e-04
1.870163337386484246e-04
1.839584680331720766e-04
1.809222365339287013e-04
1.779083395118618530e-04
1.749173088487558073e-04
1.719500318075215472e-04
1.690069912561035679e-04
1.660888947589251544e-04
1.631963257708810835e-04
1.603298455817301401e-04
1.574901900250462743e-04
1.546779817432901612e-04
1.518936053106276077e-04
1.491377272585469823e-04
1.464107987055263073e-04
1.437133352933189182e-04
1.410458863283314639e-04
1.384088128338482914e-04
1.358026799856615536e-04
1.332278014833310957e-04
1.306846036058165856e-04
1.281734789590328427e-04
1.256946421422903569e-04
1.232484629606163591e-04
1.208353072041106109e-04
1.184553673416247462e-04
1.161089881040264097e-04
1.137963173953156703e-04
1.115175705991050846e-04
1.092729957704935612e-04
1.070627068566601717e-04
1.048868575319556400e-04
1.027455145406947124e-04
1.006386754268707046e-04
9.856642866691208424e-05
9.652881798974493048e-05
9.452584910247112155e-05
9.255748818684072631e-05
9.062366822491195733e-05
8.872438236030009192e-05
8.685952006977761073e-05
8.502887729770271816e-05
8.323229423944753674e-05
8.146961903228898611e-05
7.974060948874086825e-05
7.804503457083327258e-05
7.638271157482315462e-05
7.475339031637415893e-05
7.315680134696865610e-05
7.159264107517038114e-05
7.006059652868215355e-05
6.856028177222295284e-05
6.709139033466083235e-05
6.565356796346216673e-05
6.424643069431683448e-05
6.286956806440979924e-05
6.152250994248997969e-05
6.020483093658979365e-05
5.891615150812460532e-05
5.765603987365655305e-05
5.642409714923473616e-05
5.521982408786783869e-05
5.404270828642128953e-05
5.289226887923500629e-05
5.176804370731474808e-05
5.066955873469457104e-05
4.959629389210673387e-05
4.854775208048578720e-05
4.752347583200921015e-05
4.652300359358467355e-05
4.554577563251754890e-05
4.459122800593265688e-05
4.365887525627545061e-05
4.274824989439135128e-05
4.185885572794140598e-05
4.099018099536067249e-05
4.014175373566877608e-05
3.931308235377516770e-05
3.850363196643905299e-05
3.771292393993853529e-05
3.694053362296197531e-05
3.618594270140761772e-05
3.544863813234749736e-05
3.472817728866729129e-05
3.402411712962096223e-05
3.333603236175315692e-05
3.266352005728787191e-05
3.200607247638611040e-05
3.136323071133032757e-05
3.073461357455447364e-05
3.011980642981316301e-05
2.951842905461937917e-05
2.893006044889145971e-05
2.835433186190795241e-05
2.779088755124227897e-05
2.723931133220274268e-05
2.669924581208428640e-05
2.617035906447756811e-05
2.565234039431124629e-05
2.514482028859899387e-05
2.464749902600456337e-05
2.416007628544924297e-05
2.368222753756992640e-05
2.321364799133901911e-05
2.275409534526575650e-05
2.230327456966179950e-05
2.186092345138054293e-05
2.142680949605584078e-05
2.100067138924571476e-05
2.058226194766474848e-05
2.017136049202864745e-05
1.976774334206503811e-05
1.937123483523691721e-05
1.898159047025958090e-05
1.859863264407544983e-05
1.822220223250222812e-05
1.785210647804047349e-05
1.748814606006956270e-05
1.713016220447872737e-05
1.677805790382508018e-05
1.643164058332430592e-05
1.609076691311164985e-05
1.575533499962293869e-05
1.542520887292696250e-05
1.510028004745055738e-05
1.478038093691600119e-05
1.446538224115439789e-05
1.415529238162081418e-05
1.384995474091260610e-05
1.354926619099141266e-05
1.325319787131362159e-05
1.296158226460040465e-05
1.267441978249108695e-05
1.239158851133382628e-05
1.211295796476452123e-05
1.183862560951575124e-05
1.156842570219801716e-05
1.130230114378525862e-05
1.104026599524638874e-05
1.078216410029956133e-05
1.052807016119741004e-05
1.027786455691974147e-05
1.003141520065488297e-05
9.788899068386601931e-06
9.550129742584895676e-06
9.315105491913833869e-06
9.083844786008404051e-06
8.856180007684000296e-06
8.632263212319774722e-06
8.411957387027892580e-06
8.195138404174983959e-06
7.982033175416053839e-06
7.772426148119611103e-06
7.566362141369760251e-06
7.363847637154500951e-06
7.164704993995084136e-06
6.969155273434272921e-06
6.777025195372564580e-06
6.588198298950382242e-06
6.402923740383858674e-06
6.220964971448224756e-06
6.042406403008628290e-06
5.867231153358666946e-06
5.695249275456776319e-06
5.526734708513315594e-06
5.361478608048793912e-06
5.199375809641208552e-06
5.040679500458689135e-06
4.885118106234674995e-06
4.732820894943579045e-06
4.583740378683542443e-06
4.437675565157743021e-06
4.294930633186046345e-06
4.155257727635908628e-06
4.018584624857076291e-06
3.885138424205157224e-06
3.754624090887877670e-06
3.627202709353923990e-06
3.502806514348075343e-06
3.381219507035613556e-06
3.262754161871005644e-06
3.147140533378718467e-06
3.034336707445073215e-06
2.924525329140773057e-06
2.817409256898305150e-06
2.713167250945415101e-06
2.611707213999249989e-06
2.512823037744424994e-06
2.416807424834452099e-06
2.323380754312265392e-06
2.232542014018915045e-06
2.144408807281306031e-06
2.058720663083663956e-06
1.975651146524189741e-06
1.895099148915543462e-06
1.816887676650404095e-06
1.741277332672021007e-06
1.668009625407251146e-06
1.597123018414469936e-06
1.528693254848305996e-06
1.462512761740417964e-06
1.398754434838706976e-06
1.337315729614142382e-06
1.278052801473555880e-06
1.221161007857204500e-06
1.166379265375173577e-06
1.113714559118083386e-06
1.063138274689197002e-06
1.014406487570320311e-06
9.675880069295421788e-07
9.224917751342806399e-07
8.789322183269486248e-07
8.369883050211626135e-07
7.963957071390080617e-07
7.571546772249388625e-07
7.192247884018913603e-07
6.824427894650226968e-07
6.469148580744283688e-07
6.125343312379084539e-07
5.792365973479396226e-07
5.471374719533909559e-07
5.160928479290382455e-07
4.861708621993795603e-07
4.573737205350778265e-07
4.296191955866568157e-07
4.030158547034538352e-07
3.774930194372414450e-07
3.530293182957024243e-07
3.297007870363118164e-07
3.073938110271161804e-07
2.861463032132307911e-07
2.659319313411682644e-07
2.466733443539941585e-07
2.284197429092501051e-07
2.110966813586695984e-07
1.946904535341927967e-07
1.792291603991298337e-07
1.646223122745917201e-07
1.508828221581376943e-07
1.379724520993542497e-07
1.258177482398329134e-07
1.144286967815195620e-07
1.037510748030084801e-07
9.377118213280297202e-08
8.448465680870902229e-08
7.583192359697902637e-08
6.779036711769671833e-08
6.031596183380431728e-08
5.336742896596261477e-08
4.694205358147523223e-08
4.101294962088201759e-08
3.556639717989964002e-08
3.056252511495641770e-08
2.595624708846082579e-08
2.172578522778654507e-08
1.786810282419281072e-08
1.437346289975955287e-08
1.120140058011319750e-08
8.309892149119973296e-09
5.680737374979491670e-09
3.309543963155716774e-09
1.197073816976855598e-09
-7.023882132963307463e-10
-2.416927456653445725e-09
-3.937469185595366595e-09
-5.270805862285413678e-09
-6.426859008362628867e-09
-7.446417985319501443e-09
-8.334616037494419518e-09
-9.065699008818630335e-09
-9.690577784356469414e-09
-1.022990608079387480e-08
-1.065611844627040819e-08
-1.099237747713266607e-08
-1.125831718309452021e-08
-1.145785981564128632e-08
-1.158356471463353963e-08
-1.165163036445884695e-08
-1.168815000719839702e-08
-1.166152723651937418e-08
-1.159761917984341345e-08
-1.151150385346927055e-08
-1.136866462082924796e-08
-1.120978735495852757e-08
-1.102615216320197327e-08
-1.080900626398306198e-08
-1.059014656976605523e-08
-1.034832641643716824e-08
-1.008992749966213617e-08
-9.833180215945549724e-09
-9.563985206654872234e-09
-9.292545184210402427e-09
-9.019127217047703141e-09
-8.731899786138824818e-09
-8.446980672706776925e-09
-8.159266547579208196e-09
-7.867043504186006258e-09
-7.576041220976805060e-09
-7.289622529530763807e-09
-7.024070129737869858e-09
-6.763276963520286650e-09
-6.501306528915733525e-09
-6.230287883179099594e-09
-5.963083823700159315e-09
-5.715836686457577439e-09
-5.481832587485367256e-09
-5.250196995119027856e-09
-5.026354515587309061e-09
-4.813399082620315428e-09
-4.592515377055194703e-09
-4.379860087319319805e-09
-4.185589319818761097e-09
-3.996417396847625167e-09
-3.811820416227297039e-09
-3.628003305299859199e-09
-3.451467642350107498e-09
-3.275514599450024373e-09
-3.113616518692381777e-09
-2.967578373813368985e-09
-2.817145844008895698e-09
-2.671034403653414593e-09
-2.531174997996206664e-09
-2.409272805479377924e-09
-2.294302429612319986e-09
-2.170985380149827082e-09
-2.060189666423154890e-09
-1.954938202775064932e-09
-1.855261556088165879e-09
-1.753605385401239800e-09
-1.648445555200378071e-09
-1.564170611129074875e-09
-1.477239559491321004e-09
-1.391139995238545545e-09
-1.320986938064583091e-09
-1.249796034844284887e-09
-1.185904213329293550e-09
-1.118323150112450750e-09
-1.055059937130149821e-09
-9.966330873697191077e-10
-9.299797243886252706e-10
-8.760150412455364833e-10
-8.297953542566825320e-10
-7.803755643663143453e-10
-7.432933996760973439e-10
-7.013634778931897346e-10
-6.577950398319509938e-10
-6.201811076027256414e-10
-5.754319946495727320e-10
-5.415704797087799917e-10
-5.146040762826771477e-10
-4.875891405678963656e-10
-4.615084281953480995e-10
-4.300909409265974966e-10
-3.998065359564630067e-10
-3.776864982247975480e-10
-3.573752620779774661e-10
-3.391879734134436174e-10
-3.213023729350214065e-10
-2.968010115012081661e-10
-2.775012341293162984e-10
-2.607557898387107916e-10
-2.470140917348344515e-10
-2.362143111869229322e-10
-2.176868013400826506e-10
-2.009370014737604066e-10
-1.911601374453313303e-10
-1.801103757940348413e-10
-1.706693223597402021e-10
-1.560715249729017750e-10
-1.446309524496597779e-10
-1.424916283628038465e-10
-1.322275451279613413e-10
-1.206386092178155783e-10
-1.144459626520218721e-10
-1.083122043944637106e-10
-1.026372757346397211e-10
-9.274745394824229455e-11
-8.802631381989510589e-11
-8.639826593471179836e-11
-7.650296597050139562e-11
-7.403188117639287487e-11
-7.211613072267533209e-11
-6.371921435812102131e-11
-6.262050690832230730e-11
-5.864510681642027679e-11
-5.231042569081008966e-11
-5.229781745119492858e-11
-4.701695599671225124e-11
-4.327815934497302659e-11
-4.259796359954926495e-11
-3.760520921838728172e-11
-3.791488600694318395e-11
-3.513417867205072154e-11
-3.252559699903989630e-11
-3.335458325797473932e-11
-2.887025177955373944e-11
-2.816280738963813278e-11
-2.594603732281602432e-11
-2.350776947359060763e-11
-2.350114669140422261e-11
-2.173327647228499375e-11
-1.982100202839802404e-11
-2.020518721462328122e-11
-1.802156138870907774e-11
-1.797590826266074940e-11
-1.714829496589432703e-11
-1.570492455098952035e-11
-1.576886408515358572e-11
-1.394854707078380862e-11
-1.259641139114166955e-11
-1.277677880737020038e-11
-1.169738564122483066e-11
-1.226400680685860292e-11
-1.174762852797533317e-11
-1.033071281843407307e-11
-1.038342154441440948e-11
-9.359917258735201342e-12
-8.966305065315785780e-12
-9.215902239537706144e-12
-8.380941878269964013e-12
-8.611514949184639383e-12
-8.150224438889792391e-12
-7.280418848831128296e-12
-7.282446552706095485e-12
-6.796720104297053234e-12
-7.142991326336915718e-12
-7.213648555246116401e-12
-6.162238722179927504e-12
-6.099634674146277112e-12
-5.964615740809987906e-12
-5.766376383028227527e-12
-6.064906900698681741e-12
-5.558267069502256576e-12
-5.188943033222942723e-12
-5.181368074355002548e-12
-5.217782071986152891e-12
-5.166109525807930705e-12
-4.663587515914703453e-12
-4.562769477830446513e-12
-4.889737399029317927e-12
-4.596232895955135831e-12
-4.350536059661695637e-12
-4.246339833205681920e-12
-4.365819155775173477e-12
-4.284530333668899577e-12
-3.962102806459275538e-12
-3.987427035488352903e-12
-4.051446164707586600e-12
-3.715778736035866308e-12
-3.733422304791049671e-12
-3.816965295181465081e-12
-3.461899577408321185e-12
-3.536491364311700013e-12
-3.522503255952202102e-12
-3.306543852688958149e-12
-3.351153946808623875e-12
-3.248585829373495353e-12
-3.124843905082752306e-12
-3.171034600281545845e-12
-2.948826373117600261e-12
-2.960735512962686382e-12
-2.873728162519224945e-12
-2.746935229249931684e-12
-2.746658306418348989e-12
-2.610912421847096098e-12
-2.590928715440340928e-12
-2.472615311430038384e-12
-2.408795653320942659e-12
-2.329786111731071895e-12
-2.230636991929801135e-12
-2.144311241916357363e-12
-2.089318212581987417e-12
-1.986211237865149938e-12
-1.932802916596271972e-12
-1.828021002513797329e-12
-1.732761934154095708e-12
-1.651607933980936878e-12
-1.558267530064607947e-12
-1.479660246396579029e-12
-1.405337780303308631e-12
-1.308514429434575621e-12
-1.217529140413968547e-12
-1.123989145909197520e-12
-1.037470703789944284e-12
-9.692756198919434152e-13
-8.796719481756120036e-13
-7.919639333485285752e-13
-7.104084705291331444e-13
-6.317387929343502392e-13
-5.668590173022008886e-13
-4.901596098906119885e-13
-4.097453732503251943e-13
-3.489425962730471883e-13
-2.900764066474709445e-13
-2.319117310235431596e-13
-1.723495184091424850e-13
-1.205239328456727232e-13
-8.329609893574384392e-14
-4.263816472827994495e-14
-3.156479094070319271e-15
2.366895860437794116e-14
4.689095585133944733e-14
6.753678228629003654e-14
8.337023197241320428e-14
8.826340852072729749e-14
9.087834929628171732e-14
9.382026604330068935e-14
8.526962266736656067e-14
7.387619829437582839e-14
6.713222117128621194e-14
5.058565719058509792e-14
3.495860580740939366e-14
2.027963227851468509e-14
-4.300550103488681561e-16
-1.540905203490879370e-14
-3.295594633550341718e-14
-4.789789568194590839e-14
-5.797929306137300345e-14
-6.805626234330617599e-14
-7.283033722255615209e-14
-7.577735934028943514e-14
-7.374791330777452863e-14
-6.985930382342275458e-14
-6.169911932881216238e-14
-5.174144747512540791e-14
-3.965190816786848737e-14
-2.587468930495150884e-14
-1.170222328090618234e-14
1.548585350550584516e-15
1.346738369412246961e-14
2.242317892514336624e-14
2.977675072802159049e-14
3.411618429371681099e-14
3.490844921994746622e-14
3.238527327355774569e-14
2.735773949379073026e-14
2.052157262028307624e-14
1.304994430165313456e-14
5.395346147255808010e-15
-1.019223410018319915e-15
-5.970622072693528089e-15
-8.808928990515621109e-15
-7.978940888045242985e-15
-4.537202990744656987e-15
-3.172926738111837426e-17
6.201229032168346869e-15
1.291715602400150421e-14
1.863199107366421302e-14
2.226623381935725095e-14
2.354614085585767432e-14
2.249004945730333064e-14
1.940407121397880176e-14
1.469962253185294587e-14
1.018788943069498811e-14
6.925354002607673282e-15
5.479604114442285779e-15
6.316050708559384208e-15
9.386610471706204778e-15
1.333592288030533359e-14
1.694033888398360289e-14
1.937584257257740189e-14
1.977592014887517868e-14
1.792939645086025801e-14
1.522935448392780593e-14
1.219985540020133174e-14
1.053248146008868852e-14
1.081508031478118394e-14
1.277410009671065259e-14
1.557093880733308528e-14
1.775062066104050633e-14
1.816299581848887882e-14
1.681353609978350242e-14
1.452121593938967061e-14
1.283662442884745441e-14
1.276368473405842893e-14
1.427595161651207683e-14
1.619551387922316414e-14
1.734009214985145682e-14
1.676952063013784898e-14
1.517091372117095944e-14
1.381499147636949074e-14
1.395991768631881399e-14
1.541605135873878798e-14
1.671501406282691646e-14
1.661641191266781734e-14
1.541205441086683984e-14
1.440144710213798530e-14
1.475000612117762334e-14
1.593619960213478912e-14
1.655723628681931746e-14
1.586048336869493485e-14
1.484911490474100307e-14
1.498183547077670508e-14
1.599243324606196418e-14
1.629896075729932676e-14
1.557105001794533965e-14
1.501417340235369603e-14
1.556810114579259426e-14
1.622024321292411300e-14
1.577787207922375590e-14
1.519394439641153735e-14
1.561855113055800977e-14
1.610421636287061146e-14
1.568144778003352387e-14
1.533212853977069823e-14
1.584658276712786623e-14
1.596479959146516504e-14
1.546045996983784055e-14
1.564396826185141433e-14
1.598241577998465730e-14
1.559320187654533897e-14
1.561001418626634800e-14
1.594346385744297426e-14
1.562234698854028160e-14
1.567299976363628956e-14
1.589326307403863027e-14
1.560898236574851090e-14
1.577339398107372468e-14
1.580830152388917010e-14
1.562838733032565165e-14
1.586179446953263000e-14
1.566801767477591199e-14
1.578291725534834144e-14
1.575779639111025354e-14
1.571710419929777394e-14
1.580197510460313014e-14
1.570107055234088168e-14
1.580554785258606218e-14
1.571086529382375445e-14
1.579524665266386519e-14
1.572521343994984418e-14
1.578502913644600511e-14
1.573656590255457220e-14
1.577815492244907638e-14
1.574426269203723514e-14
1.577409373416326236e-14
1.574935243481497719e-14
1.577178851595045997e-14
1.575281583865190319e-14
1.577047661411369786e-14
1.575528240681316865e-14
1.576971059525140160e-14
1.575711763429200008e-14
1.576924375764476026e-14
1.575853148126991759e-14
1.576894096058035869e-14
1.575964810067767960e-14
1.576872689767287050e-14
1.576054430243462702e-14
1.576855851325511251e-14
1.576126997451841603e-14
1.576841050925016176e-14
1.576185901179512742e-14
1.576826761631288442e-14
1.576233533750657763e-14
1.576812035797737904e-14
1.576271635032566283e-14
1.576796265547507438e-14
1.576301497968155936e-14
1.576779043064654143e-14
1.576324096147708284e-14
1.576760076727599381e-14
1.576340165964529995e-14
1.576739139391153501e-14
1.576350261324465687e-14
1.576716035715186379e-14
1.576354791112542754e-14
1.576690580984092977e-14
1.576354045450711781e-14
1.576662587024314777e-14
1.576348214412133273e-14
1.576631852512842147e-14
1.576337401485124259e-14
1.576598156040008459e-14
1.576321633272454300e-14
1.576561250856822510e-14
1.576300866400905894e-14
1.576520860657217365e-14
1.576274992295956711e-14
1.576476675918308146e-14
1.576243840291014899e-14
1.576428350528731735e-14
1.576207179377033686e-14
1.576375498479623615e-14
1.576164718826150415e-14
1.576317690491804885e-14
1.576116107849979769e-14
1.576254450469610782e-14
1.576060934415110091e-14
1.576185251717157222e-14
1.575998723296537354e-14
1.576109512852111985e-14
1.575928933439135265e-14
1.576026593389146815e-14
1.575850954668942436e-14
1.575935788952716402e-14
1.575764103795520865e-14
1.575836326105810086e-14
1.575667620132844115e-14
1.575727356768247882e-14
1.575560660460865741e-14
1.575607952231998265e-14
1.575442293458339820e-14
1.575477096757797618e-14
1.575311493627443714e-14
1.575333680772571351e-14
1.575167134743407172e-14
1.575176493678067136e-14
1.575007982870945409e-14
1.575004216312383342e-14
1.574832688988722979e-14
1.574815413099537697e-14
1.574639781300460951e-14
1.574608523963870832e-14
1.574427657304613210e-14
