# bin_3_3
4.535669535422461669e-04
4.535168046963218916e-04
4.535169364191557039e-04
4.534661250329743423e-04
4.534622143956796116e-04
4.534104222559395348e-04
4.534023572125200278e-04
4.533492571214078502e-04
4.533369013440019155e-04
4.532821558315572948e-04
4.532653486328762620e-04
4.532086088224032737e-04
4.531871651444999865e-04
4.531280698042617250e-04
4.531017803197098597e-04
4.530399551421270899e-04
4.530085865241957718e-04
4.529436436823764734e-04
4.529069391063466048e-04
4.528384771455890479e-04
4.527961570927470066e-04
4.527237612271413076e-04
4.526755246704616299e-04
4.525987675597289029e-04
4.525442936185756159e-04
4.524627367121767155e-04
4.524016868710825884e-04
4.523148824112382558e-04
4.522469034012761022e-04
4.521543971816996605e-04
4.520791246257418886e-04
4.519804596015133610e-04
4.518975225206260378e-04
4.517922433587410504e-04
4.517012696248714110e-04
4.515889282682724703e-04
4.514895510680645664e-04
4.513697133593811361e-04
4.512615786966060446e-04
4.511338320625947603e-04
4.510166072751951838e-04
4.508805694102062346e-04
4.507539525996525601e-04
4.506092809969712782e-04
4.504730111675529476e-04
4.503194132302980931e-04
4.501732807990186953e-04
4.500105241109702637e-04
4.498543812826091837e-04
4.496823034339908465e-04
4.495160737308047838e-04
4.493345908734241003e-04
4.491582768754403925e-04
4.489673899350328165e-04
4.487810780291167354e-04
4.485808752421145337e-04
4.483847359212249145e-04
4.481753901156836648e-04
4.479696721415241264e-04
4.477514309871734430e-04
4.475364475830871354e-04
4.473096149549572460e-04
4.470857201998338585e-04
4.468506269099677239e-04
4.466181807480435655e-04
4.463751433077928188e-04
4.461344641863617603e-04
4.458837310777364346e-04
4.456350362945124240e-04
4.453767225798022935e-04
4.451200580741188854e-04
4.448540711475169212e-04
4.445892347758482392e-04
4.443151966912140200e-04
4.440416619567458191e-04
4.437588369472100390e-04
4.434756875111700429e-04
4.431829267379388030e-04
4.428888153722857000e-04
4.425845339856679015e-04
4.422776821402412458e-04
4.419598854188810781e-04
4.416381400814568532e-04
4.413045143568432522e-04
4.409654758467294552e-04
4.406135544779317945e-04
4.402547805620745606e-04
4.398821838253048054e-04
4.395014607737417179e-04
4.391061903397657385e-04
4.387018401311894430e-04
4.382825847252168837e-04
4.378537518219886545e-04
4.374101346072399067e-04
4.369569714043846200e-04
4.364896496260585413e-04
4.360133070922229763e-04
4.355238328799924561e-04
4.350261759564672025e-04
4.345165585323358583e-04
4.339995785197860753e-04
4.334715638358157619e-04
4.329365587464574982e-04
4.323907614120900064e-04
4.318374877808109878e-04
4.312726457773418797e-04
4.306987691851632376e-04
4.301114845708918781e-04
4.295126954946420247e-04
4.288979869972554880e-04
4.282690135368720920e-04
4.276217596955732584e-04
4.269581469408963680e-04
4.262750374582297084e-04
4.255750411308636657e-04
4.248561345854426027e-04
4.241216480990511110e-04
4.233704029822245828e-04
4.226059132865164509e-04
4.218270349694653643e-04
4.210365230037705123e-04
4.202323019756642932e-04
4.194156108391418770e-04
4.185830531223756800e-04
4.177345281610040360e-04
4.168660941168235499e-04
4.159776578315482862e-04
4.150663921416111886e-04
4.141338505244872791e-04
4.131794560857434545e-04
4.122066547094529695e-04
4.112161993521687257e-04
4.102114342858427542e-04
4.091917866681128052e-04
4.081579867785505565e-04
4.071066597743686175e-04
4.060362564240957970e-04
4.049429355248943549e-04
4.038266646908670503e-04
4.026870381837913495e-04
4.015278666465752432e-04
4.003515419760878317e-04
3.991619043996407715e-04
3.979584846948689444e-04
3.967403300250348878e-04
3.955029234390432724e-04
3.942443279977183700e-04
3.929633567012266867e-04
3.916640331358880859e-04
3.903503489248736150e-04
3.890269131042434735e-04
3.876929176906557532e-04
3.863457095821941248e-04
3.849804532393137461e-04
3.835974186151276492e-04
3.822001426814514180e-04
3.807957423683961014e-04
3.793865821042484866e-04
3.779708129315505682e-04
3.765425782128794326e-04
3.751014995270264313e-04
3.736524184513082512e-04
3.722033160494535764e-04
3.707546723428565682e-04
3.693016068449038567e-04
3.678394803095974466e-04
3.663737739174042531e-04
3.649121631372273652e-04
3.634559872065631827e-04
3.619971789202704963e-04
3.605340177333590259e-04
3.590739109621959315e-04
3.576231412037698693e-04
3.561741694036299130e-04
3.547215375032174525e-04
3.532717031237313839e-04
3.518314831594226673e-04
3.503914022818459912e-04
3.489467784571073585e-04
3.475062431700482552e-04
3.460711489230331806e-04
3.446286453704263514e-04
3.431830507714293756e-04
3.417409662426272956e-04
3.402914531812727800e-04
3.388322364324534877e-04
3.373742786019839164e-04
3.359051336973859565e-04
3.344250241258864124e-04
3.329426483459484599e-04
3.314461934476126354e-04
3.299403219767582727e-04
3.284305149591517075e-04
3.269041165834201497e-04
3.253771232280429078e-04
3.238379357233841897e-04
3.222943653505981241e-04
3.207469315082009864e-04
3.191924804745593794e-04
3.176394821278851269e-04
3.160800551723398914e-04
3.145236962305715512e-04
3.129624729389032800e-04
3.114035034318671301e-04
3.098401584114469660e-04
3.082767289649019108e-04
3.067078052258873544e-04
3.051356612047904080e-04
3.035559863559609411e-04
3.019701704684013143e-04
3.003751775090219905e-04
2.987725140172551837e-04
2.971606216432256457e-04
2.955416419000862749e-04
2.939153107039949833e-04
2.922842015170317624e-04
2.906485778435817535e-04
2.890106233584127660e-04
2.873700600556567449e-04
2.857278216006284028e-04
2.840824374486829716e-04
2.824334982659567174e-04
2.807787674119713458e-04
2.791175198758887618e-04
2.774481045195933558e-04
2.757709132851179933e-04
2.740859318179944310e-04
2.723950294819998323e-04
2.706992431326473206e-04
2.690004913353430502e-04
2.672989291666664200e-04
2.655947412831887139e-04
2.638862280615344069e-04
2.621721905976716208e-04
2.604507576489984593e-04
2.587218334863745960e-04
2.569856361597303560e-04
2.552441322629413873e-04
2.534986364455359261e-04
2.517505113051077574e-04
2.499990441081812896e-04
2.482431237822808000e-04
2.464806373624351668e-04
2.447110438889357211e-04
2.429346082151615188e-04
2.411534230081216945e-04
2.393688288010624237e-04
2.375814720597538092e-04
2.357897337330259449e-04
2.339920676002478061e-04
2.321873997171279048e-04
2.303771194923108284e-04
2.285629272673484608e-04
2.267460835133988065e-04
2.249252596609110780e-04
2.230988245815434515e-04
2.212659460587808791e-04
2.194284580739157677e-04
2.175879528772216146e-04
2.157445283721623746e-04
2.138959975602881694e-04
2.120417113234223359e-04
2.101829945707682458e-04
2.083219395654952572e-04
2.064576273539743578e-04
2.045883538979639262e-04
2.027141272064629442e-04
2.008373779305798587e-04
1.989581177927177201e-04
1.970746268574600276e-04
1.951866534400914488e-04
1.932966733939026516e-04
1.914043929721616734e-04
1.895081338959133613e-04
1.876086480203733339e-04
1.857080446333665062e-04
1.838045522953341991e-04
1.818978052790005831e-04
1.799899221315001739e-04
1.780805350700016007e-04
1.761680603011857413e-04
1.742550695450343951e-04
1.723410062314824885e-04
1.704249193847672309e-04
1.685087629916729552e-04
1.665919300161250699e-04
1.646740263225698452e-04
1.627571071101501497e-04
1.608392676054830165e-04
1.589224629873370071e-04
1.570061688924552046e-04
1.550908155808727287e-04
1.531768013514903310e-04
1.512641819132787594e-04
1.493537787784631225e-04
1.474451556542436263e-04
1.455396153868436190e-04
1.436363184195058691e-04
1.417368233489117810e-04
1.398405572848081875e-04
1.379483674369545211e-04
1.360605283236511801e-04
1.341773577548218874e-04
1.322992659810906426e-04
1.304268471942783276e-04
1.285600768495537413e-04
1.266998169678425256e-04
1.248461352435997838e-04
1.229995766653297381e-04
1.211606799246940603e-04
1.193296801061873458e-04
1.175071195014964381e-04
1.156934385612628992e-04
1.138888830417861275e-04
1.120941586433574444e-04
1.103094927456778958e-04
1.085353827487395935e-04
1.067723051616590717e-04
1.050205510799411684e-04
1.032806751753679399e-04
1.015530793881159761e-04
9.983806843961073787e-05
9.813618566151037319e-05
9.644769441090722789e-05
9.477304279368795438e-05
9.311263029298810247e-05
9.146675318867414405e-05
8.983585465304784598e-05
8.822023482117923076e-05
8.662017382929641004e-05
8.503607692836733943e-05
8.346820914951429799e-05
8.191690871257027197e-05
8.038246327248556300e-05
7.886508830390937571e-05
7.736511144562555726e-05
7.588276239241592493e-05
7.441827263279675493e-05
7.297192137161904535e-05
7.154387783033843773e-05
7.013438181835869860e-05
6.874364250732978591e-05
6.737180501798569225e-05
6.601909490960795662e-05
6.468564363532896167e-05
6.337162301698106355e-05
6.207717431931886274e-05
6.080237786624928851e-05
5.954736206416078861e-05
5.831220961937089956e-05
5.709692530058523404e-05
5.590158340871055495e-05
5.472621059524302394e-05
5.357081055507338852e-05
5.243537217988921122e-05
5.131987282376331211e-05
5.022428821461144365e-05
4.914859098467121195e-05
4.809274374358393805e-05
4.705671243123904149e-05
4.604038419809064540e-05
4.504366815327388087e-05
4.406643050728617289e-05
4.310855255425143296e-05
4.216987016870871104e-05
4.125021498505487740e-05
4.034942191785722198e-05
3.946734995514214901e-05
3.860380519854038079e-05
3.775860749948525315e-05
3.693154416176342906e-05
3.612238888496905806e-05
3.533091225681622591e-05
3.455688170976728977e-05
3.380005793357764168e-05
3.306022570563307605e-05
3.233712588278283423e-05
3.163048986419926735e-05
3.094001208350096675e-05
3.026539794124035322e-05
2.960638162674002986e-05
2.896273816626904760e-05
2.833418951555658863e-05
2.772043943367356395e-05
2.712114860558963939e-05
2.653602151960951088e-05
2.596477673479519335e-05
2.540713557276762794e-05
2.486281790634115241e-05
2.433153873529107642e-05
2.381296902836070855e-05
2.330680001723151501e-05
2.281272114592820842e-05
2.233047003892628374e-05
2.185976618941380309e-05
2.140033167178569009e-05
2.095184781875405447e-05
2.051403132487319032e-05
2.008661137380223820e-05
1.966930963263639203e-05
1.926184549856585151e-05
1.886396553191986057e-05
1.847538508255238497e-05
1.809582799737299546e-05
1.772505121035778986e-05
1.736283957102071132e-05
1.700890748073424536e-05
1.666298484946060715e-05
1.632486778592485293e-05
1.599433010456301121e-05
1.567112403524830583e-05
1.535503391981036178e-05
1.504583813647212035e-05
1.474334194025825953e-05
1.444731625921331375e-05
1.415756011946021465e-05
1.387390062552562153e-05
1.359615357175138321e-05
1.332409803591561277e-05
1.305757819023656954e-05
1.279642363795153403e-05
1.254045220766639343e-05
1.228952311703516175e-05
1.204347729630789964e-05
1.180215199046520486e-05
1.156540750186595593e-05
1.133310464183439539e-05
1.110510160893086686e-05
1.088128889822416862e-05
1.066151722214572642e-05
1.044568404664725995e-05
1.023368047100483566e-05
1.002539065264235183e-05
9.820713647324311028e-06
9.619524888004585457e-06
9.421730501113570534e-06
9.227260230347788858e-06
9.036038007061437718e-06
8.847961037835285278e-06
8.662960747161686646e-06
8.480945329567555254e-06
8.301860947837804504e-06
8.125617066218068251e-06
7.952144617294564199e-06
7.781427115646181048e-06
7.613378431083757190e-06
7.447938363736260326e-06
7.285075559665257024e-06
7.124710196444209363e-06
6.966839283813500852e-06
6.811384297975585252e-06
6.658276734482977280e-06
6.507556316063418730e-06
6.359140046889462971e-06
6.212994821254171097e-06
6.069113693277379213e-06
5.927408319227221240e-06
5.787929288095126497e-06
5.650597986361864176e-06
5.515351381851929947e-06
5.382274818940306562e-06
5.251269655422369330e-06
5.122337743754235696e-06
4.995471978429485157e-06
4.870583603598193648e-06
4.747768344497228706e-06
4.626933392180244075e-06
4.508019124314399355e-06
4.391137580722370590e-06
4.276179366746140030e-06
4.163172490758855291e-06
4.052103915870750335e-06
3.942878672618771656e-06
3.835633339354922989e-06
3.730257772199747115e-06
3.626695856169096727e-06
3.525077488815548313e-06
3.425267775902285907e-06
3.327328093658978975e-06
3.231231708567002914e-06
3.136873672615604683e-06
3.044421737515566080e-06
2.953741143044105477e-06
2.864792688496779558e-06
2.777703700648562089e-06
2.692319173505704955e-06
2.608726417329232509e-06
2.526889250406850329e-06
2.446688146695324898e-06
2.368310236131722218e-06
2.291602734715837467e-06
2.216543188590634213e-06
2.143243741174000722e-06
2.071536680318197304e-06
2.001529901717692460e-06
1.933171449845505807e-06
1.866340797121934947e-06
1.801225291953648303e-06
1.737658150667689731e-06
1.675640369243066801e-06
1.615250746206429626e-06
1.556330779191882801e-06
1.498992358294445999e-06
1.443171528903428039e-06
1.388755452232606387e-06
1.335916956969291019e-06
1.284487892040484852e-06
1.234488337619696227e-06
1.185965371643255470e-06
1.138776019469682041e-06
1.093031496850373077e-06
1.048658505385243870e-06
1.005561571270969857e-06
9.638901185587903239e-07
9.234881589600054981e-07
8.843931896435186911e-07
8.466328536776559289e-07
8.100935986015203933e-07
7.748918524724041122e-07
7.409596876519214110e-07
7.082300832042096046e-07
6.768231212858664602e-07
6.465904285513906942e-07
6.175538610319454746e-07
5.896854268465259048e-07
5.628447963665865518e-07
5.370781814707554563e-07
5.122550022556379158e-07
4.882704652645059001e-07
4.651661705277223370e-07
4.427844532235145298e-07
4.211379964397859724e-07
4.001956738689164908e-07
3.798681339700896588e-07
3.602311949696874279e-07
3.412165071501880628e-07
3.227983163616402780e-07
3.050452026960950718e-07
2.878719845572185531e-07
2.713267180911558207e-07
2.554023318661232262e-07
2.400485600897075651e-07
2.253335081764361820e-07
2.112050009788578141e-07
1.976552603416952835e-07
1.847244397705144637e-07
1.723450125620436196e-07
1.605510803130905007e-07
1.493284397845618618e-07
1.386338341879475608e-07
1.285048603635772922e-07
1.188922847373191532e-07
1.097868236833729557e-07
1.011997250979269494e-07
9.307968040493347165e-08
8.543837265864831986e-08
7.825353195917898436e-08
7.149227647316709439e-08
6.516655297578294117e-08
5.923366598586216543e-08
5.368511919643478430e-08
4.851262930282228234e-08
4.368329622059135102e-08
3.919340758975899764e-08
3.502337680812089167e-08
3.115082426580509535e-08
2.757054929028384995e-08
2.425437970419603936e-08
2.119425091022795258e-08
1.837715743100199839e-08
1.578392628022793714e-08
1.340300773902555093e-08
1.122263996308038489e-08
9.230413125924834597e-09
7.412651042817144438e-09
5.759167883846327544e-09
4.262158431388565687e-09
2.909468599094517491e-09
1.693963572741045964e-09
6.012781992743518381e-10
-3.736459654628239548e-10
-1.236881540170370263e-09
-2.005471660284484840e-09
-2.680368782641003507e-09
-3.273519593895715576e-09
-3.793695508277627463e-09
-4.239364592106102450e-09
-4.629152956506153120e-09
-4.962019661212347679e-09
-5.234966580713158556e-09
-5.463510931621873803e-09
-5.643320062034706075e-09
-5.779939401133972817e-09
-5.879304558115767144e-09
-5.937268222695134392e-09
-5.971915017130355292e-09
-5.977801618718453994e-09
-5.960609702569299976e-09
-5.931591220278133528e-09
-5.880094200711962422e-09
-5.816107977641100702e-09
-5.736960928069142710e-09
-5.636454866381438742e-09
-5.526537856735539369e-09
-5.403955718410035179e-09
-5.267542611575370475e-09
-5.136630690303172289e-09
-4.998581304962105452e-09
-4.861261243751413348e-09
-4.724644491706602930e-09
-4.575894994811095548e-09
-4.427286264038122671e-09
-4.273808810986086168e-09
-4.123397748320071610e-09
-3.979428319654729995e-09
-3.841072931280317469e-09
-3.707715470592390748e-09
-3.569359437922994309e-09
-3.429507796615879418e-09
-3.291184418541750937e-09
-3.158492630016892527e-09
-3.034617179836551036e-09
-2.913475897056892714e-09
-2.787167243636036280e-09
-2.657527189499710533e-09
-2.535146056407817337e-09
-2.420523437785404496e-09
-2.315420347650093577e-09
-2.207289132725785718e-09
-2.096739647606396800e-09
-1.999207716920494615e-09
-1.909726607675757077e-09
-1.825137123476872509e-09
-1.737968073269547002e-09
-1.650938980704975941e-09
-1.573520884189623431e-09
-1.497940664618997988e-09
-1.417668768363899229e-09
-1.337704708313574705e-09
-1.270310978747924575e-09
-1.205468989500874073e-09
-1.138245229163195475e-09
-1.082467207705785894e-09
-1.030706577044072062e-09
-9.782146259763402007e-10
-9.247965784692348788e-10
-8.738614609567795586e-10
-8.262446765134137576e-10
-7.727397658586995531e-10
-7.296056559224103045e-10
-6.929855364366185082e-10
-6.526326356975854006e-10
-6.232080525139002751e-10
-5.888594081970511111e-10
-5.527217160503168415e-10
-5.221735417267868005e-10
-4.855975920121156770e-10
-4.578185098634892540e-10
-4.354698861658109858e-10
-4.129719218641185572e-10
-3.920426614916362726e-10
-3.665341819309201537e-10
-3.412966604621909521e-10
-3.218849337368139760e-10
-3.049924616912266972e-10
-2.905381180846454163e-10
-2.757311749074908607e-10
-2.551959553636556674e-10
-2.377513687150206546e-10
-2.234055335325037043e-10
-2.131183909454985089e-10
-2.037427082297217288e-10
-1.881016025025743472e-10
-1.732793869031282418e-10
-1.647027827040795686e-10
-1.569967942877399700e-10
-1.477817084345346321e-10
-1.348108865577044319e-10
-1.260442824415355581e-10
-1.234046961744522667e-10
-1.149567324470342364e-10
-1.048203489775585714e-10
-9.934759254688335735e-11
-9.489363631715500558e-11
-8.927316031740206843e-11
-8.109229461540174214e-11
-7.736289094811283417e-11
-7.509865489672340844e-11
-6.717020032692564827e-11
-6.465587194075901239e-11
-6.313347710220092086e-11
-5.624880860667772257e-11
-5.474547303165531902e-11
-5.183965356761382965e-11
-4.625627009700395103e-11
-4.572978971596048041e-11
-4.155552433979018029e-11
-3.791424625643226164e-11
-3.738884832868749969e-11
-3.338195279329284634e-11
-3.339832355194882362e-11
-3.113713327102337010e-11
-2.896385978135522744e-11
-2.929574931569931636e-11
-2.569107501509901317e-11
-2.500462982868840860e-11
-2.302358497298787102e-11
-2.100245736139071995e-11
-2.065496171366106153e-11
-1.928823825684916009e-11
-1.774375804287319723e-11
-1.794547586998175698e-11
-1.615798226994990876e-11
-1.595672459675014805e-11
-1.527687856640742209e-11
-1.418024546996612624e-11
-1.408987270684008327e-11
-1.246912997177137290e-11
-1.122995474574841862e-11
-1.137286292355838024e-11
-1.057929985616953173e-11
-1.098774020902198614e-11
-1.053763027442437232e-11
-9.374877596127706194e-12
-9.313845378362930747e-12
-8.386663736953130084e-12
-8.086731744281668130e-12
-8.312841599618844689e-12
-7.575290245916209183e-12
-7.774376637346200463e-12
-7.405957178285858726e-12
-6.589556506883810834e-12
-6.539922147456932863e-12
-6.179434127523891640e-12
-6.489041014129890900e-12
-6.565593343934311641e-12
-5.619779861148715684e-12
-5.507521620712894614e-12
-5.430313059065997110e-12
-5.255887697402005853e-12
-5.527728233219744335e-12
-5.084195853960510594e-12
-4.714452237853480821e-12
-4.724145126001853281e-12
-4.774884325921957031e-12
-4.729127146952154922e-12
-4.249087053763966971e-12
-4.173634184817510478e-12
-4.478495868183822123e-12
-4.216747791371630687e-12
-3.981383217249475976e-12
-3.887252352507882536e-12
-4.012635579548654501e-12
-3.933602261363081662e-12
-3.630371375252562308e-12
-3.664084564887504652e-12
-3.724105477214575944e-12
-3.410710799011833977e-12
-3.429048220690377296e-12
-3.516142045042279238e-12
-3.178945846381129983e-12
-3.252560757507938813e-12
-3.245900050716284855e-12
-3.041495146122207522e-12
-3.086048186273392455e-12
-2.994089086192473118e-12
-2.876258571702465985e-12
-2.925417599614550088e-12
-2.714683457913383548e-12
-2.730012855356970711e-12
-2.650202570869744251e-12
-2.531584576454391340e-12
-2.534506160627333450e-12
-2.407973116699918751e-12
-2.391764991075318511e-12
-2.280811022920955078e-12
-2.223434377249718866e-12
-2.151303669540652823e-12
-2.059108234676537614e-12
-1.979523158605544656e-12
-1.930460720540500741e-12
-1.834286919558600039e-12
-1.786703305350205552e-12
-1.689499349582131062e-12
-1.601087878760911336e-12
-1.527552820297839406e-12
-1.440676623730273061e-12
-1.368357216981794658e-12
-1.300967082598532388e-12
-1.210992225000790774e-12
-1.127606712820520168e-12
-1.040915511949212829e-12
-9.606434203837180491e-13
-8.991063857565486639e-13
-8.159697122171822243e-13
-7.351063941776418988e-13
-6.601561165923590149e-13
-5.869645691404632441e-13
-5.280229231305638165e-13
-4.572296096956434966e-13
-3.823585245206279386e-13
-3.269187092109917501e-13
-2.724147313308693270e-13
-2.190120648804295312e-13
-1.640383914355107883e-13
-1.157376710847861048e-13
-8.210311142537308626e-14
-4.456913338747835828e-14
-7.710812980904402024e-15
1.654717237628159112e-14
3.806613750788754269e-14
5.711774086999828201e-14
7.177778716478209894e-14
7.619273254026602145e-14
7.835981232700295407e-14
8.138664711993198618e-14
7.334347691207217995e-14
6.251286966530120301e-14
5.670390810351535430e-14
4.120136236955836705e-14
2.681169507142427959e-14
1.343686831306772670e-14
-5.977946162418260935e-15
-1.966661361208876054e-14
-3.590852955258767502e-14
-4.987181458562917069e-14
-5.900712327035145455e-14
-6.837499812985544053e-14
-7.277505089473724833e-14
-7.541599786636525549e-14
-7.365688722311788178e-14
-7.003674535691318375e-14
-6.249722514233615454e-14
-5.342388763535534642e-14
-4.220944393391169765e-14
-2.952014652481984123e-14
-1.641567888676759624e-14
-4.116074254932097091e-15
6.801396128573605718e-15
1.507400594884551046e-14
2.185352862744849901e-14
2.581626366593207749e-14
2.660118181322443913e-14
2.424214705520329441e-14
1.960154052670537776e-14
1.332140328723410859e-14
6.361061831392164896e-15
-6.783927969000252853e-16
-6.596542026021036208e-15
-1.118212604537788099e-14
-1.378081472595629340e-14
-1.301786055054593551e-14
-9.839220886075237535e-15
-5.695095804595209984e-15
2.126505547952141931e-17
6.272112666335527692e-15
1.154275078897064451e-14
1.486439921292501188e-14
1.604801458582569932e-14
1.507953241640500572e-14
1.225102570707832090e-14
7.901991338020122616e-15
3.699393027273281568e-15
7.215614114875983736e-16
-6.126056129628188853e-16
1.445437042254517693e-16
2.981403403014647400e-15
6.629502410998456225e-15
9.956916742231868033e-15
1.220549679244333160e-14
1.255834977938352046e-14
1.087101870308377554e-14
8.377262996857976701e-15
5.568463545275861423e-15
4.043171411554034218e-15
4.300063268314526995e-15
6.097142130462185638e-15
8.693794328023902268e-15
1.069510470527620044e-14
1.107860695715946189e-14
9.834887159268342231e-15
7.713651014818032702e-15
6.162164385415421182e-15
6.096535005420946801e-15
7.488317439179811687e-15
9.263353779471382975e-15
1.031337832905264734e-14
9.793969354099301681e-15
8.315536168734376931e-15
7.062656283741568997e-15
7.197077713848540963e-15
8.541529496047349195e-15
9.740580473283353590e-15
9.648726765748998080e-15
8.535582784764129051e-15
7.606440730057644105e-15
7.925609391607035024e-15
9.019867659899506222e-15
9.594271992905978229e-15
8.951590812367691686e-15
8.015969250673310245e-15
8.140534735309591325e-15
9.072169885207849937e-15
9.355337670036722172e-15
8.682947463019349415e-15
8.170189526354549538e-15
8.679789816533872003e-15
9.283022349092512846e-15
8.873752514761634456e-15
8.335569402691441935e-15
8.726612838077584135e-15
9.175715187040820250e-15
8.784638991741655864e-15
8.462999500990186641e-15
8.937116689980836365e-15
9.046822086444626942e-15
8.580676308591633516e-15
8.750839352827447226e-15
9.062215430885428521e-15
8.704034124872586737e-15
8.718568823973293789e-15
9.027122010463974337e-15
8.730089364276448833e-15
8.777419822986550653e-15
8.980097052470382473e-15
8.718394737460478453e-15
8.869395067557193814e-15
8.902379278654783349e-15
8.735567832731863640e-15
8.951714761617126594e-15
8.772188038755735038e-15
8.878876847504988560e-15
8.855084012153034500e-15
8.818117667842754370e-15
8.895879661072218724e-15
8.803317721432285888e-15
8.899193615799371189e-15
8.812362597809063285e-15
8.889704565636408051e-15
8.825612690654692782e-15
8.880296657752692429e-15
8.836099942984934649e-15
8.873978416783663588e-15
8.843215617881739805e-15
8.870260127368937340e-15
8.847928056460654596e-15
8.868165997148758327e-15
8.851142826358292238e-15
8.866992118735247469e-15
8.853441278208754365e-15
8.866325645518706657e-15
8.855161066983703466e-15
8.865939087843402613e-15
8.856496299287853570e-15
8.865707991267625930e-15
8.857561907714071959e-15
8.865563184786149922e-15
8.858429162980094053e-15
8.865465318348522973e-15
8.859144529421262252e-15
8.865391485793019786e-15
8.859739757803247123e-15
8.865328093060275028e-15
8.860237448288958574e-15
8.865266951653922169e-15
8.860654237163540321e-15
8.865203071927461722e-15
8.861002699389557862e-15
8.865133378534700267e-15
8.861292531913179001e-15
8.865055941879403984e-15
8.861531318380651586e-15
8.864969507273997516e-15
8.861725041142309874e-15
8.864873200438146990e-15
8.861878434805526687e-15
8.864766340047383470e-15
8.861995237093659823e-15
8.864648316506564680e-15
8.862078370907272996e-15
8.864518512225015509e-15
8.862130078867542331e-15
8.864376248266947307e-15
8.862152024061917651e-15
8.864220747610276999e-15
8.862145366083062531e-15
8.864051109033753402e-15
8.862110818603747556e-15
8.863866287381536444e-15
8.862048692704533829e-15
8.863665077736509590e-15
8.861958929026904115e-15
8.863446101598529596e-15
8.861841120942465775e-15
8.863207793893562934e-15
8.861694530328739450e-15
8.862948389976126382e-15
8.861518097164351934e-15
8.862665912044428538e-15
8.861310443779803694e-15
8.862358154589516467e-15
8.861069874543920325e-15
8.862022668551610255e-15
8.860794371381017927e-15
8.861656744029169698e-15
8.860481585659137929e-15
8.861257391361067891e-15
8.860128826659650617e-15
8.860821320522958024e-15
8.859733047013032163e-15
8.860344918781664902e-15
8.859290825199206593e-15
8.859824226566209663e-15
8.858798345469431210e-15
8.859254911641969446e-15
8.858251375281264877e-15
8.858632241583346125e-15
8.857645240546876977e-15
8.857951054738461160e-15
8.856974798899461683e-15
8.857205729802631133e-15
8.856234411324556562e-15
8.856390154307792207e-15
8.855417912446459040e-15
