# bin_3_2
1.400953536001857103e-08
1.405935788077526407e-08
1.411104089057240375e-08
1.416428720603651848e-08
1.421933522698382350e-08
1.427623525893304236e-08
1.433496382274623338e-08
1.439577946643111272e-08
1.445860722186976815e-08
1.452349953947916093e-08
1.459050925510296620e-08
1.465967366951344504e-08
1.473418836435836595e-08
1.480474363837697194e-08
1.488072890005770642e-08
1.495909489320891396e-08
1.503989343222242052e-08
1.512317966459258537e-08
1.520862198526378997e-08
1.529739768270137102e-08
1.538843612009139016e-08
1.548215626225464134e-08
1.557860895076494717e-08
1.567784239807351543e-08
1.577991035513457151e-08
1.588482137353512949e-08
1.599264360342794090e-08
1.610342021379348183e-08
1.621726778478297194e-08
1.633442679112368659e-08
1.645393685672210990e-08
1.657687215904180366e-08
1.670291262449060375e-08
1.682781566146201858e-08
1.696433544332095740e-08
1.709980720988672640e-08
1.723840288355693945e-08
1.738023425891093899e-08
1.752413709943886481e-08
1.767314353820739962e-08
1.782431947029763390e-08
1.798087825628817316e-08
1.813603455883751296e-08
1.829641790025397395e-08
1.845983208487480293e-08
1.862618884281950216e-08
1.879545369756701822e-08
1.896752772434242145e-08
1.914233748275178902e-08
1.931974870434294099e-08
1.949976394886657324e-08
1.968222563170055838e-08
1.986709391824511315e-08
2.005381262234654424e-08
2.024300896630553318e-08
2.043398909161950006e-08
2.062534953160088182e-08
2.082099418609424333e-08
2.101665441514753441e-08
2.121349679079963961e-08
2.141128536548141615e-08
2.160972519546383552e-08
2.180964097548294183e-08
2.200820538523526305e-08
2.220748951154635324e-08
2.239835017986071196e-08
2.260487123226688126e-08
2.280232869515738544e-08
2.299670086652330545e-08
2.319330756462620682e-08
2.338611718284095486e-08
2.357692240323855606e-08
2.376455138837191912e-08
2.394945432525494491e-08
2.413094000707344994e-08
2.430846937350152957e-08
2.448185287273954315e-08
2.465055916445866160e-08
2.481373617362596986e-08
2.497207012859477124e-08
2.512412904665209512e-08
2.526963264472618774e-08
2.540819955731582177e-08
2.553934872775486911e-08
2.566243984606417590e-08
2.577736970257712772e-08
2.588344530276711327e-08
2.598012528323608004e-08
2.606685304825568592e-08
2.614341529723241541e-08
2.620534123130378171e-08
2.626396807255293716e-08
2.630689048063195482e-08
2.633774468782383886e-08
2.635583485141827629e-08
2.636129034145726842e-08
2.635329722787052054e-08
2.633152252767882199e-08
2.629570343034646818e-08
2.624463374995349522e-08
2.620206119010752698e-08
2.610036839995146477e-08
2.600511118657287273e-08
2.589434894694553436e-08
2.576790908278659512e-08
2.562549095918566501e-08
2.546740170475250633e-08
2.529320932974803446e-08
2.510292423020537243e-08
2.489654251482503793e-08
2.466668262240217174e-08
2.443584827183034524e-08
2.418176050181717601e-08
2.391220156281383158e-08
2.362712425635143468e-08
2.332751831086898035e-08
2.301257543549184117e-08
2.268373695998125214e-08
2.234107463135235408e-08
2.198517207992712068e-08
2.161655279109050114e-08
2.123592890228329762e-08
2.084388185632710860e-08
2.044116606183221815e-08
2.002853908390294008e-08
1.960679150449162334e-08
1.917679669635175297e-08
1.873945963488021211e-08
1.829561935175720040e-08
1.784634977335538961e-08
1.739245761671217325e-08
1.693654373027395001e-08
1.647526703049465124e-08
1.601381604792902968e-08
1.555198031856360508e-08
1.509057980068496278e-08
1.463062520821559433e-08
1.417319481777787638e-08
1.371877323344249440e-08
1.326937152820895715e-08
1.282479383105941883e-08
1.238619705360951508e-08
1.195431602634790002e-08
1.153003121787529829e-08
1.111381476681338477e-08
1.070638919412101070e-08
1.030802262562553688e-08
9.919386182598077060e-09
9.540732059195200072e-09
9.172393346509175223e-09
8.814763384007214471e-09
8.467087748135837312e-09
8.130547947238163854e-09
7.804481851834950148e-09
7.488905956514582399e-09
7.183665473464855844e-09
6.888557267323315172e-09
6.603187001004110926e-09
6.327628847620127388e-09
6.061205423143519043e-09
5.803689206905226410e-09
5.554740633205216828e-09
5.314022847853467445e-09
5.081222553342738539e-09
4.856055087931668096e-09
4.638249564883314398e-09
4.427611369616890346e-09
4.223998319071967309e-09
4.027305508791374021e-09
3.837483860155826866e-09
3.654582989178388268e-09
3.478637805785536140e-09
3.309739463916190514e-09
3.147991811982377217e-09
2.993491944565678530e-09
2.846285450584254105e-09
2.706397084074969114e-09
2.573767908450872166e-09
2.448249874837445423e-09
2.329617344210033961e-09
2.217534013549794075e-09
2.111623112138425451e-09
2.011721133310584460e-09
1.916746128428427922e-09
1.826299890005567667e-09
1.740519215227891176e-09
1.658755663374338211e-09
1.580738476366159911e-09
1.506275765038014272e-09
1.435253062111560250e-09
1.367614744126895910e-09
1.303339141017121613e-09
1.242407193829755605e-09
1.184931066585909806e-09
1.130304857808405495e-09
1.078872958231241527e-09
1.030258013643096713e-09
9.842062438245850125e-10
9.404660369726307300e-10
8.988389098038577689e-10
8.591505917963663375e-10
8.212997013087005981e-10
7.852276641416221948e-10
7.508993772541218350e-10
7.182795407475244051e-10
6.872981443388193397e-10
6.578503998946103463e-10
6.298047621324147961e-10
6.030292005749511047e-10
5.774202748313307824e-10
5.529133296706786701e-10
5.294750230023249909e-10
5.070738476351600855e-10
4.856631400553137579e-10
4.651758174599948272e-10
4.455404610970732329e-10
4.267080042412180453e-10
4.086227078284050196e-10
3.912704698474232368e-10
3.746162224126061145e-10
3.586146096401184550e-10
3.432314669849887015e-10
3.284379566686759419e-10
3.142069253955672253e-10
3.005143804243724502e-10
2.873347034595367889e-10
2.746454546584566045e-10
2.624276708569227747e-10
2.506617656008152398e-10
2.393297863487447826e-10
2.284151086220269652e-10
2.179041871784631171e-10
2.077816301406672357e-10
1.980345156592179595e-10
1.886504062440030855e-10
1.796175951567515374e-10
1.709251687710512386e-10
1.625629803604764641e-10
1.545212950354040583e-10
1.467908141345214193e-10
1.393626752513368876e-10
1.322283582987250215e-10
1.253796906499505485e-10
1.188088839902049957e-10
1.125083670383781708e-10
1.064706526278193284e-10
1.006884466006411603e-10
9.515457963898633697e-11
8.986208198889833172e-11
8.480419289690892381e-11
7.997413571382378009e-11
7.536515640839688112e-11
7.097054643927317222e-11
6.678373368933542646e-11
6.279830674089074355e-11
5.900781918697736566e-11
5.540573559756339050e-11
5.198568260683339899e-11
4.874135855169241335e-11
4.566661115546563395e-11
4.275515148710291542e-11
4.000073878028657103e-11
3.739732050649343477e-11
3.493900233875794198e-11
3.261978434682939032e-11
3.043373076477320203e-11
2.837514136084894041e-11
2.643845956775651324e-11
2.461802899791717951e-11
2.290838882690809042e-11
2.130432420418597197e-11
1.980064274314501846e-11
1.839221427177970518e-11
1.707419662693004881e-11
1.584186942217917466e-11
1.469053099234741225e-11
1.361577605325091201e-11
1.261334557700936432e-11
1.167902716700352077e-11
1.080889514825895580e-11
9.999147300219713303e-12
9.246131551226989950e-12
8.546274594061741796e-12
7.898037269823206641e-12
7.294757515097323785e-12
6.735237104988585948e-12
6.215218955051148569e-12
5.734999742675772035e-12
5.290105865560266553e-12
4.878554333196715373e-12
4.497916886324739225e-12
4.146048411246506718e-12
3.820928573189444560e-12
3.520657007618306330e-12
3.243453277413110969e-12
2.987648340585906274e-12
2.751674254254218725e-12
2.534075670753163828e-12
2.333477351769333225e-12
2.148536171482581926e-12
1.978214980566824905e-12
1.821323200452149512e-12
1.676832010309323003e-12
1.543777093825035793e-12
1.421267723360984390e-12
1.308478243621483568e-12
1.204641240395347332e-12
1.109046274022633474e-12
1.021037964871678373e-12
9.400136528392514456e-13
8.654181820234796294e-13
7.967418925052720826e-13
7.334999426714441496e-13
6.752744745574622777e-13
6.216696768771646554e-13
5.723244569705172038e-13
5.268948347553148188e-13
4.850700764911380681e-13
4.465641295366595243e-13
4.111271383966456082e-13
3.784897623815836225e-13
3.484423235127976755e-13
3.207793506771079166e-13
2.953117558805380274e-13
2.718657955903998469e-13
2.502689231340669246e-13
2.303973993100191578e-13
2.121033809558289045e-13
1.952522250795338633e-13
1.797484265335289300e-13
1.654673984603077872e-13
1.523215790408308355e-13
1.402157892638238158e-13
1.290690841229469257e-13
1.188093983668560865e-13
1.093649473896450453e-13
1.006641519546221907e-13
9.265604450526554748e-14
8.528229322286388478e-14
7.849488716928181226e-14
7.224325100370737336e-14
6.648762229552662047e-14
6.118904659891624752e-14
5.630897613304931507e-14
5.181546536085646577e-14
4.767784231358843721e-14
4.386916235060644576e-14
4.036139297339605049e-14
3.713015570400969383e-14
3.415506147673464183e-14
3.141523443159836618e-14
2.889279885732597122e-14
2.656871773188403607e-14
2.442870160115896293e-14
2.245744150711585319e-14
2.064192607471782648e-14
1.896918986712768735e-14
1.742900924469427747e-14
1.600994505750549230e-14
1.470216558064369279e-14
1.349830593013010503e-14
1.238897436723171179e-14
1.136642191738305991e-14
1.042464552000648238e-14
9.556357048986489140e-15
8.756788375001701123e-15
8.019583573754137963e-15
7.340156496858590589e-15
6.714347048096124904e-15
6.137363294222789977e-15
5.605731844837246301e-15
5.115577133202944796e-15
4.664134251991329023e-15
4.247815298486739687e-15
3.864632639626780602e-15
3.511472414384737997e-15
3.185960330733031784e-15
2.886119325185033016e-15
2.610249249439474391e-15
2.356256413471002190e-15
2.122664607968245767e-15
1.907836632453852889e-15
1.710492760759268178e-15
1.529318340188599556e-15
1.363142161167874555e-15
1.210925592550418212e-15
1.071726819111672948e-15
9.445633581361440369e-16
8.286069808524097844e-16
7.231730366056472112e-16
6.274875667434428605e-16
5.408967242476759482e-16
4.627065749497188976e-16
3.923583496228189090e-16
3.291926272197991219e-16
2.728852657247829147e-16
2.230109905891204545e-16
1.791379371625482947e-16
1.409167039571521936e-16
1.080195041559004223e-16
