# bin_2_1
1.184659594825510341e-08
1.188410430932944181e-08
1.192285660004859776e-08
1.196300184461773006e-08
1.200429784173354008e-08
1.204690264386988013e-08
1.209096196696430885e-08
1.213633754947465215e-08
1.218324914877654344e-08
1.223163551758430263e-08
1.228152991298839768e-08
1.233298256113339168e-08
1.238908999282402607e-08
1.244056297683699734e-08
1.249678180187919480e-08
1.255466649962390264e-08
1.261424291008906171e-08
1.267553374652810451e-08
1.273819264624775887e-08
1.280335023292003942e-08
1.286994452225217354e-08
1.293835509831356616e-08
1.300860711237063136e-08
1.308070173680686944e-08
1.315467676775619255e-08
1.323051067159790732e-08
1.330824272912924011e-08
1.338787791952122055e-08
1.346952218728396328e-08
1.355337030441162014e-08
1.363843012119237314e-08
1.372574799902475309e-08
1.381496976941140549e-08
1.390612896737616738e-08
1.399907371775105489e-08
1.409394097189663272e-08
1.419060877776238960e-08
1.428909131627613257e-08
1.438828686743694496e-08
1.449116599851047982e-08
1.459472960699616871e-08
1.470220628478051149e-08
1.480698257301248235e-08
1.491492177789178472e-08
1.502455834311982388e-08
1.513551766869948971e-08
1.524776042167258701e-08
1.536110393451853423e-08
1.547547247138913089e-08
1.559068077291591102e-08
1.570677916744907512e-08
1.582351521714242245e-08
1.594085453985261417e-08
1.605821198098361271e-08
1.617620147072458433e-08
1.629411928822156698e-08
1.641048342373994919e-08
1.652936402984202179e-08
1.664632073314847917e-08
1.676255927701594570e-08
1.687783812699426869e-08
1.699190705402107901e-08
1.710557423934509171e-08
1.721616979338308910e-08
1.732534960504267191e-08
1.742457074622648163e-08
1.753734131102634543e-08
1.763938621557597043e-08
1.773664713956643125e-08
1.783447559562361782e-08
1.792693541879382301e-08
1.801581018837896575e-08
1.810000084165939996e-08
1.817999092196542721e-08
1.825534205610619867e-08
1.832543366355016844e-08
1.839023500297501797e-08
1.844932277366730305e-08
1.850196317596338609e-08
1.854896777049325575e-08
1.858904105117671992e-08
1.862204454706265491e-08
1.864775585435819467e-08
1.866581892304577136e-08
1.867594126696587794e-08
1.867795518259825984e-08
1.867143701009825325e-08
1.865614187673289399e-08
1.863181074651084901e-08
1.859818347774188603e-08
1.855117005927404191e-08
1.850216829256860100e-08
1.843935160054506913e-08
1.836646906221276781e-08
1.828321113590801143e-08
1.818957572651045852e-08
1.808543464504250796e-08
1.797063716981056396e-08
1.784519788608805347e-08
1.770899085300811957e-08
1.758333149260617080e-08
1.740448733586008581e-08
1.723627935915368505e-08
1.705750068165544443e-08
1.686831783782235503e-08
1.666876708560042214e-08
1.645938620727773293e-08
1.624006323736538489e-08
1.601119183545555029e-08
1.577302733487867482e-08
1.551866090364278195e-08
1.527043755852605508e-08
1.500677419612494086e-08
1.473551309005688607e-08
1.445685703778535140e-08
1.417171485208377587e-08
1.388040521297382433e-08
1.358347229639491026e-08
1.328163448322554352e-08
1.297539056933409113e-08
1.266537952666109138e-08
1.235234069776304532e-08
1.203683394170440055e-08
1.171955944686837303e-08
1.140118619327800488e-08
1.108236223613599144e-08
1.076375973378468414e-08
1.044601344270804210e-08
1.012975037205026878e-08
9.815620234905378786e-09
9.504135265501441975e-09
9.197270364247748196e-09
8.891540057047723681e-09
8.591326815508144830e-09
8.295957370666908197e-09
8.005667519405674286e-09
7.720887174381121798e-09
7.441934289502017881e-09
7.168757498318530407e-09
6.902619828199203571e-09
6.642674997129246645e-09
6.389420764179548546e-09
6.142907006150855594e-09
5.903363155998035456e-09
5.670645336348270958e-09
5.444892668247030890e-09
5.225834407487734953e-09
5.013636047120313851e-09
4.808131242017825796e-09
4.609232156514012249e-09
4.417042457951922391e-09
4.230599093207256889e-09
4.050839492047487544e-09
3.877024431856930730e-09
3.709130165272561184e-09
3.547011509176633975e-09
3.390538737196908998e-09
3.239452742573942276e-09
3.093987706993848552e-09
2.953675336386648026e-09
2.818536934643504351e-09
2.688475090775156795e-09
2.563409455386436545e-09
2.443278753867717748e-09
2.328016134733199345e-09
2.217561490917960543e-09
2.111693563017603587e-09
2.010673427446275718e-09
1.914424056544918677e-09
1.822538922871712119e-09
1.735089834508505453e-09
1.651964858377146797e-09
1.573037225163560618e-09
1.498168818618049744e-09
1.427194727000664697e-09
1.359932840888433040e-09
1.296196318625614262e-09
1.235783001917005102e-09
1.178474355158586475e-09
1.124072501316747662e-09
1.072371338725281447e-09
1.023197496236681183e-09
9.763809877591203214e-10
9.317930494835376719e-10
8.893295374214470271e-10
8.489155119862719505e-10
8.104901760625811334e-10
7.739963440098951728e-10
7.393734200392994916e-10
7.065466987260447538e-10
6.752961584366850878e-10
6.458865356629614812e-10
6.178195251065701205e-10
5.911031855100039740e-10
5.656392614441179021e-10
5.413499406828107521e-10
5.181782618665639339e-10
4.960965467057498082e-10
4.750417747169175903e-10
4.549676269004515408e-10
4.358105847542997901e-10
4.175129813202711724e-10
4.000122590606223502e-10
3.832616158776421309e-10
3.672206324777779216e-10
3.518512958366037085e-10
3.371212610482422516e-10
3.229995770670839122e-10
3.094534664595133825e-10
2.964506378263782673e-10
2.839599257299374112e-10
2.719433845695667738e-10
2.604115751058331777e-10
2.493177593048019714e-10
2.386263589282094656e-10
2.283434177479849819e-10
2.184444826656834075e-10
2.089081855117775867e-10
1.997243594780689046e-10
1.908798230888480630e-10
1.823554691374625214e-10
1.741431049862183001e-10
1.662309666530893432e-10
1.586069390901166289e-10
1.512617836076306751e-10
1.441864990421550856e-10
1.373640954715293676e-10
1.308036929994279878e-10
1.244888072191854051e-10
1.184197087920986187e-10
1.125743250488225142e-10
1.069538343701520598e-10
1.015520209696750267e-10
9.636290855083320774e-11
9.138071409085200991e-11
8.659979104808878374e-11
8.201472665295967438e-11
7.762047262486795145e-11
7.341157612477444412e-11
6.938312211140999983e-11
6.553008441792645378e-11
6.184749345911526925e-11
5.833047214728285061e-11
5.497428221356562184e-11
5.177420013769574225e-11
4.872543039636088487e-11
4.582295114461795803e-11
4.306245011019096875e-11
4.043930287916885175e-11
3.794880051807625303e-11
3.558629989787528631e-11
3.334720350936035432e-11
3.122701515724750690e-11
2.921815618708471756e-11
2.732229100296612757e-11
2.553466456040349981e-11
2.384546076371717375e-11
2.225316375700109172e-11
2.075358303042220025e-11
1.934269048554461503e-11
1.801637062499353509e-11
1.677041157173091106e-11
1.560140332699381996e-11
1.450538090494802908e-11
1.347861500739995142e-11
1.251746127388804125e-11
1.161853366676149948e-11
1.077856121109836341e-11
9.994220969262877580e-12
9.262369402089808708e-12
8.580078670185465090e-12
7.944458147042682695e-12
7.352598795046509789e-12
6.802131399961045990e-12
6.290352169594058641e-12
5.814829754261286387e-12
5.373313469490104540e-12
4.963650418603420807e-12
4.583717870884800854e-12
4.231586506752455625e-12
3.905408319323053659e-12
3.603400836792349261e-12
3.323886760676414944e-12
3.065401564922139463e-12
2.826422792191093099e-12
2.605587778416196896e-12
2.401583222335061755e-12
2.213214221138237873e-12
2.039332438921983804e-12
1.878884689671198502e-12
1.730875212144717904e-12
1.594379177748179597e-12
1.468533727196412250e-12
1.352533317083790251e-12
1.245630302252217914e-12
1.147129617558781322e-12
1.056383250091387752e-12
9.727939453793050767e-13
8.958029998568409004e-13
8.248679276714337204e-13
7.594925646966743380e-13
6.993671516670100086e-13
6.439986118626145140e-13
5.930117135789385589e-13
5.460586936918999030e-13
5.028215781331897892e-13
4.630059213682547696e-13
4.263411350047862352e-13
3.925780616649658888e-13
3.614876490026145203e-13
3.328575928699294386e-13
3.064937309728862884e-13
2.822168309774433535e-13
2.598618996950099169e-13
2.392773550452748545e-13
2.203222625035883278e-13
2.028681977947820706e-13
1.867372174426930233e-13
1.719327237713348153e-13
1.583035049435373610e-13
1.457476424830589555e-13
1.341900310119453811e-13
1.235457784777361372e-13
1.137454969924137497e-13
1.047231617027596780e-13
9.641280347961291192e-14
8.876017183286199455e-14
8.171446820262094605e-14
7.522443648498931479e-14
6.925045416203220848e-14
6.374907265285658627e-14
5.868095197277860749e-14
5.401795088894539505e-14
4.971938480927296415e-14
4.576347783445284753e-14
4.212047851156774935e-14
3.876452795713408331e-14
3.567467148993158768e-14
3.282788710919009936e-14
3.020833214156800181e-14
2.779363142659001789e-14
2.557099835208546452e-14
2.352365719195580375e-14
2.163777260550140244e-14
1.989986128817140194e-14
1.829941849327264995e-14
1.682583046720315108e-14
1.546775234579104064e-14
1.421686862905326482e-14
1.306476379446352234e-14
1.200307504831011902e-14
1.102430090924075483e-14
1.012332503626742226e-14
9.292868592480295566e-15
8.527373757012522687e-15
7.822209120174915623e-15
7.172155129671811245e-15
6.572944146018013869e-15
6.021077543702601550e-15
5.512050447502942866e-15
5.043067104527887900e-15
4.610824705058838955e-15
4.212303459281916092e-15
3.845057228167172319e-15
3.506452918451522327e-15
3.194446271794900692e-15
2.906963527279770115e-15
2.641990225158742600e-15
2.398001603347641716e-15
2.173184841129610813e-15
1.966288561414412330e-15
1.775787095194274490e-15
1.600611264450923582e-15
1.439654928196244231e-15
1.291733120106626402e-15
1.156007431991218531e-15
1.031643147221939115e-15
9.177830332858399054e-16
8.138345649427823600e-16
7.189468056722985820e-16
6.326112177833885342e-16
5.541945920385241603e-16
4.832151475402221212e-16
4.190940220360185288e-16
3.613628592535803505e-16
3.096138662772569292e-16
2.633775043945489670e-16
2.223033752877238185e-16
1.860321229731825601e-16
1.541698877310587831e-16
1.263627513249938202e-16
1.022668360676443971e-16
8.159725188465081233e-17
6.411138830617338679e-17
4.949020683331635312e-17
3.729600804817336745e-17
2.717308564016265093e-17
1.904286813583516646e-17
1.277963610760814969e-17
8.168091762540572146e-18
