# bin_3_1
1.273259533999054200e-08
1.277500575679086291e-08
1.281899700375698937e-08
1.286426150356656546e-08
1.291102763900423880e-08
1.295933561966068676e-08
1.300924175523958470e-08
1.306071770994930323e-08
1.311395298452761385e-08
1.316889758682283660e-08
1.322558819969941898e-08
1.328407874112000055e-08
1.334745419022022827e-08
1.340651746528398136e-08
1.347057037261898238e-08
1.353651112011415594e-08
1.360449156314503246e-08
1.367454820460101012e-08
1.374622536468958882e-08
1.382073169779234658e-08
1.389697099054171842e-08
1.397538646906769203e-08
1.405598467890313602e-08
1.413878845003804334e-08
1.422384228552539298e-08
1.431113556031381323e-08
1.440071821607909794e-08
1.449261491731347335e-08
1.458691567229518494e-08
1.468385063855779806e-08
1.478244099667050993e-08
1.488373056242217039e-08
1.498738369761793029e-08
1.509340607502604449e-08
1.520177666425516598e-08
1.531248335253158903e-08
1.542551445439551224e-08
1.554093476321281884e-08
1.565755921020640829e-08
1.577838610174288913e-08
1.590046769443438007e-08
1.602698485603472046e-08
1.615109817786619367e-08
1.627949979985939276e-08
1.641000506441964917e-08
1.654235587050077674e-08
1.667656663528017811e-08
1.681248916015704820e-08
1.695011167893099225e-08
1.708919782647593569e-08
1.722975719751077014e-08
1.737161303059273302e-08
1.751470877798442735e-08
1.765847045910570372e-08
1.780350738747642294e-08
1.794911079886546855e-08
1.809386594647653737e-08
1.824165519811690821e-08
1.838822660860389768e-08
1.853470533194693012e-08
1.868082791652106005e-08
1.882635888512915165e-08
1.897213866026727490e-08
1.911524193949581502e-08
1.925775683887078336e-08
1.939075937512681543e-08
1.953792438873970451e-08
1.967481540016660067e-08
1.980747316980529234e-08
1.994113852695496984e-08
2.006979526980518752e-08
2.019528491318447447e-08
2.031645928912683715e-08
2.043370306021442491e-08
2.054668734112388952e-08
2.065458889092059591e-08
2.075738281336908971e-08
2.085459106676434371e-08
2.094542811534147308e-08
2.103063641093465744e-08
2.110886300295018263e-08
2.117990279804141549e-08
2.124347190832331325e-08
2.129914277198846181e-08
2.134648074838403807e-08
2.138529158203471861e-08
2.141513613355742926e-08
2.143558139369816396e-08
2.144631186800764906e-08
2.144697604822344423e-08
2.143340028588522922e-08
2.141685185070380404e-08
2.138544142149921259e-08
2.134280872236126763e-08
2.128855362690779115e-08
2.122249142062229181e-08
2.114447266858592108e-08
2.105420801702222020e-08
2.095160548590586765e-08
2.083569507259994580e-08
2.073002684767337632e-08
2.056820976697376517e-08
2.041502276871292746e-08
2.024904988783186471e-08
2.007032579501718808e-08
1.987881139758724481e-08
1.967495763838308844e-08
1.945855545284819508e-08
1.922991320227129198e-08
1.898922157532549680e-08
1.872941706190179883e-08
1.847295958494447879e-08
1.819806723576610200e-08
1.791259618664238636e-08
1.761674354314059981e-08
1.731134199048404653e-08
1.699672593553067326e-08
1.667345404136722859e-08
1.634227094353828793e-08
1.600369524942623630e-08
1.565842369765475574e-08
1.530724848138488678e-08
1.495081180960915756e-08
1.458990998495876418e-08
1.422531749217387907e-08
1.385781601366697089e-08
1.348820885881942383e-08
1.311731565056410720e-08
1.274585246330939121e-08
1.237470322119865187e-08
1.200457679576589047e-08
1.163769411243569087e-08
1.127061353949535104e-08
1.090808641185180598e-08
1.054961017315633972e-08
1.019564121592989773e-08
9.846825435988847723e-09
9.503711534907259370e-09
9.166455151943969885e-09
8.836541249850490574e-09
8.513308453939425915e-09
8.197453920419661136e-09
7.889192992848620616e-09
7.588927443572317144e-09
7.296648462420030403e-09
7.012622990350016934e-09
6.736668632774539095e-09
6.469030064593794063e-09
6.209593435938110038e-09
5.958330296023846743e-09
5.715334649686465652e-09
5.479610824691291767e-09
5.252102091658246589e-09
5.032009992530103165e-09
4.819244152048600547e-09
4.613600387136464658e-09
4.414875503041751740e-09
4.222712441769548920e-09
4.037308224539837194e-09
3.858088106166100082e-09
3.685004622659692034e-09
3.517917191544550807e-09
3.356708119612835201e-09
3.201294483842997081e-09
3.051617559629294606e-09
2.907617913744036929e-09
2.769280021378254397e-09
2.636596240614843737e-09
2.509545428078429653e-09
2.388108924493021836e-09
2.272271477993384768e-09
2.161987587366326530e-09
2.057181606189054903e-09
1.957756060960548075e-09
1.863560241186147590e-09
1.774401768627870339e-09
1.690064039264304797e-09
1.610283634197389037e-09
1.534761034819175569e-09
1.463194853823648674e-09
1.395261772017422815e-09
1.330669372602404095e-09
1.269136994636468986e-09
1.210442608367076871e-09
1.154418190000696933e-09
1.100977198883049327e-09
1.050051693903602611e-09
1.001620887240442278e-09
9.556677671546565414e-10
9.121581589922242024e-10
8.708663518690990567e-10
8.321377972624877469e-10
7.953441310773246403e-10
7.604566206464262592e-10
7.272998579291545336e-10
6.957258125909897065e-10
6.656302676118229368e-10
6.369276471291566368e-10
6.095558084150879910e-10
5.834533432706359282e-10
5.585577561323419236e-10
5.348086791944546582e-10
5.121533784410234493e-10
4.905428845108941765e-10
4.699269037380250458e-10
4.502419004787782639e-10
4.314194862299764976e-10
4.133934323579621748e-10
3.961076448694804575e-10
3.795158967142752227e-10
3.635912380702211059e-10
3.482901523370668752e-10
3.336605898254237443e-10
3.195961147125243640e-10
3.060782972035384239e-10
2.930714703189476976e-10
2.805554485002576583e-10
2.685084967100102167e-10
2.569194525734906745e-10
2.457605462991451428e-10
2.350107497076455539e-10
2.246524919045950675e-10
2.146753072798483205e-10
2.050630385793184719e-10
1.957996192731574545e-10
1.868731294236345925e-10
1.782710264891711233e-10
1.699864206547024436e-10
1.620048711234522445e-10
1.543179218012937354e-10
1.469167680143988786e-10
1.397929017606246818e-10
1.329381872742742491e-10
1.263449660627859916e-10
1.200059435581925651e-10
1.139140688936886544e-10
1.080626779459687250e-10
1.024454717933257211e-10
9.705616815059037286e-11
9.188865673294849936e-11
8.693697392349132225e-11
8.219524663730044353e-11
7.765773073576545936e-11
7.331887320543539816e-11
6.917316387504460665e-11
6.521503458999221811e-11
6.143898169121308024e-11
5.783952013482904227e-11
5.441126825720278146e-11
5.114897183107351160e-11
4.804730414272938072e-11
4.510091422590987115e-11
4.230445918725792971e-11
3.965270266484645208e-11
3.714054814862211284e-11
3.476285473940420386e-11
3.251440030596802072e-11
3.039012406826528214e-11
2.838503977545981736e-11
2.649431788069994259e-11
2.471302021843306378e-11
2.303627731728130400e-11
2.145941514752076470e-11
1.997793326750686340e-11
1.858725855898495504e-11
1.728290443392033140e-11
1.606062261026880568e-11
1.491632115852136209e-11
1.384583353637001171e-11
1.284521707362708253e-11
1.191074234083067175e-11
1.103871645114910131e-11
1.022553122564617775e-11
9.467836641451757888e-12
8.762400038302434992e-12
8.106011766431828072e-12
7.495719543916342701e-12
6.928699714262679059e-12
6.402166812692838247e-12
5.913571701385263363e-12
5.460464794060127379e-12
5.040479727532804608e-12
4.651395577257992260e-12
4.291214302234503527e-12
3.957913459774594599e-12
3.649657492547435685e-12
3.364673507928750376e-12
3.101344728071174285e-12
2.858111252164517740e-12
2.633540123347929451e-12
2.426271990740082874e-12
2.235042086217736896e-12
2.058666769751827303e-12
1.896038501288654911e-12
1.746126857839164565e-12
1.607971497716287939e-12
1.480676231345239420e-12
1.363412706670590131e-12
1.255403026584600588e-12
1.155857283910215405e-12
1.064263912602470015e-12
9.799230853001279980e-13
9.022639999523218238e-13
8.307568287642588219e-13
7.649150703160448686e-13
7.042903444513762737e-13
6.484685629110744743e-13
5.970683811692813025e-13
5.497395246376797118e-13
5.061603400668446657e-13
4.660342087562567757e-13
4.290884129951895075e-13
3.950293938777059908e-13
3.637047591695960957e-13
3.348620251285215788e-13
3.083066053604896176e-13
2.838555722678343359e-13
2.613427159762403839e-13
2.406140915986820642e-13
2.215312676187134494e-13
2.039551171355874795e-13
1.877759308042248832e-13
1.728787292333209349e-13
1.591620428765217531e-13
1.465327097804824889e-13
1.348978287225068716e-13
1.241911188668947100e-13
1.143336374735505496e-13
1.052579876816805202e-13
9.689642532062470435e-14
8.920025726530347611e-14
8.211410254770261421e-14
7.558648749091268935e-14
6.957510133416920109e-14
6.404267503218887177e-14
5.894795828242874398e-14
5.425564516773788817e-14
4.993452320930718421e-14
4.595539472513522872e-14
4.229321783396122891e-14
3.891844406299712145e-14
3.581186566696235014e-14
3.295058477487316754e-14
3.031475436670824733e-14
2.788797519400743400e-14
2.565244601568217741e-14
2.359400256754546317e-14
2.169787704143355788e-14
1.995088601100088086e-14
1.834191935475153700e-14
1.685971945260871120e-14
1.549480464337022048e-14
1.423646507146692637e-14
1.307840695221584639e-14
1.201090853840624186e-14
1.102702228876430091e-14
1.012034291716935265e-14
9.285048747669442101e-15
8.515632278388494702e-15
7.806011260125989545e-15
7.152275626784120494e-15
6.549773983308723243e-15
5.994303507523012807e-15
5.482382615461769274e-15
5.010374314029727331e-15
4.575338253065970457e-15
4.174368812978495261e-15
3.804684515162201738e-15
3.464071432112444510e-15
3.150056118142739472e-15
2.860783130519878410e-15
2.594108554169651446e-15
2.348683030435017723e-15
2.122693358874440611e-15
1.914710433924188797e-15
1.723432616097945882e-15
1.547603580512026233e-15
1.386139765069258754e-15
1.238471748860521254e-15
1.102551170922743543e-15
9.783362450863579083e-16
8.649563735720872333e-16
7.616387418388690036e-16
6.676072471928572215e-16
5.822421974918304277e-16
5.049571962818641993e-16
4.351995562423451724e-16
3.724214409389257497e-16
3.162467271614960473e-16
2.661553981804147277e-16
2.217165680390554368e-16
1.825025759483916172e-16
1.482354589477252722e-16
1.186488660209171323e-16
9.340230936634788696e-17
7.182189579388586834e-17
5.338348250927845209e-17
3.808944305693699640e-17
2.586375631823092588e-17
1.646645375096220078e-17
