# bin_4_4
1.712260960869847763e-08
1.719064648987770120e-08
1.726123997519769600e-08
1.733410981394631823e-08
1.740952650356914339e-08
1.748756696582859825e-08
1.756823406871649483e-08
1.765181781826126238e-08
1.773827388142247574e-08
1.782768209024916397e-08
1.792005859392395455e-08
1.801571145761628418e-08
1.811763657869835269e-08
1.821653114716069150e-08
1.832197527099950494e-08
1.843089457194154812e-08
1.854338003546111511e-08
1.865953076562873210e-08
1.877903399637837484e-08
1.890314534773696266e-08
1.903080802792720086e-08
1.916249538641512236e-08
1.929830216293866784e-08
1.943832322284442784e-08
1.958266076078930479e-08
1.973137029750653390e-08
1.988457160793711046e-08
2.004235938067052003e-08
2.020527305204488622e-08
2.037250531122226936e-08
2.054423714491818334e-08
2.072125351075285543e-08
2.090327924903707820e-08
2.108604839143763831e-08
2.128266667937084744e-08
2.148017838309483875e-08
2.168299281564380256e-08
2.189126139413532707e-08
2.210385458659830484e-08
2.232393927735490578e-08
2.254855868866472938e-08
2.278112857556676085e-08
2.301473483965284103e-08
2.325635341199259365e-08
2.350342700396663797e-08
2.375632722918771925e-08
2.401496029525730625e-08
2.427929694565895921e-08
2.454933441085410953e-08
2.482500739262326417e-08
2.510638918777914920e-08
2.539339516658126605e-08
2.568605651508863364e-08
2.598387335435059756e-08
2.628755503860743811e-08
2.659647031611000890e-08
2.690923702313042737e-08
2.722993232885776688e-08
2.755425689537856237e-08
2.788344752234997114e-08
2.821733880868517404e-08
2.855567869096498035e-08
2.889935545064225071e-08
2.924556789482000197e-08
2.959644141553309950e-08
2.994247596705840949e-08
3.030895114722458779e-08
3.067018724701197247e-08
3.103193722727830832e-08
3.140031216166786165e-08
3.176890587106700846e-08
3.213954258088343092e-08
3.251105387113112007e-08
3.288386782407250371e-08
3.325726465035798104e-08
3.363065966977109238e-08
3.400381909411259644e-08
3.437655081997091249e-08
3.474670705845717413e-08
3.511610163367001713e-08
3.548280596427961330e-08
3.584641156898332208e-08
3.620642615821768480e-08
3.656217738918982182e-08
3.691290019003468286e-08
3.725832334220572013e-08
3.759749296747150366e-08
3.792970955646303218e-08
3.825434698310551864e-08
3.857053886930256184e-08
3.887367635948715260e-08
3.917499386328190403e-08
3.946174733266679186e-08
3.973704071585721626e-08
4.000018022054745300e-08
4.025049760649147479e-08
4.048666309436467059e-08
4.070866277174433992e-08
4.091522137661699427e-08
4.110479987067848270e-08
4.130153621145439602e-08
4.143473565272026556e-08
4.157197583925193577e-08
4.168980583393119925e-08
4.178790944029314979e-08
4.186504051373299084e-08
4.192093196258268365e-08
4.195460900091771908e-08
4.196550716009216358e-08
4.195296215974500044e-08
4.190867231776701373e-08
4.185538852305546888e-08
4.176928456001407900e-08
4.165772749314394892e-08
4.152004710017434057e-08
4.135656031311451333e-08
4.116572633405621358e-08
4.094844581038404520e-08
4.070221506212200035e-08
4.043241785908553615e-08
4.013353042162318590e-08
3.980747777465121935e-08
3.945425763740160652e-08
3.907408290246608810e-08
3.866699474384535825e-08
3.823408280401012201e-08
3.777505931737585503e-08
3.729069128540306342e-08
3.678150036328256199e-08
3.624850146923498327e-08
3.569214745638402224e-08
3.511512532739613157e-08
3.451376990864495556e-08
3.389361162236077072e-08
3.325462037101092646e-08
3.259766115984639288e-08
3.192428490222822110e-08
3.123597001712074571e-08
3.053362445556911346e-08
2.981999112675776467e-08
2.909571894803028131e-08
2.836261237485317613e-08
2.762238693048232029e-08
2.688740121441668604e-08
2.612781957161183255e-08
2.537692278871985518e-08
2.462573892346191542e-08
2.387789630725603380e-08
2.313006001616652568e-08
2.238887987671179785e-08
2.165453000621487272e-08
2.092762436316370501e-08
2.021083617702774072e-08
1.950485540186867563e-08
1.881096629374998509e-08
1.813060419175673318e-08
1.746451297331602842e-08
1.681349264620125124e-08
1.617869038851633367e-08
1.556031837090029621e-08
1.495882454337299088e-08
1.437484254615829690e-08
1.380816231447650023e-08
1.325892890469546293e-08
1.272703632093844641e-08
1.221220099558017048e-08
1.171409540811175215e-08
1.123230064244168014e-08
1.076629796734267875e-08
1.031552208739920474e-08
9.881655566837629261e-09
9.457440722974770889e-09
9.048963012112412608e-09
8.653500113524884827e-09
8.270583087000225895e-09
7.899794665420232641e-09
7.540166423258972298e-09
7.193493022950083358e-09
6.857637155682037869e-09
6.533234171103041578e-09
6.220328120847023502e-09
5.919028354928356847e-09
5.629479738518193162e-09
5.351323976195848921e-09
5.086190941230384674e-09
4.832269527337778836e-09
4.591480880440692197e-09
4.362343583766275210e-09
4.145158577946685085e-09
3.939608830898474239e-09
3.745237305878565148e-09
3.561488571719207958e-09
3.387676517953310564e-09
3.223064762172196494e-09
3.066929851603900137e-09
2.918576814008282043e-09
2.777364215737242373e-09
2.642820968714218212e-09
2.514564818937901764e-09
2.392375779225606521e-09
2.276091441582331939e-09
2.165635648688188575e-09
2.060922847070206126e-09
1.961865056636351398e-09
1.868256117301148305e-09
1.779833449974504958e-09
1.696264634895386222e-09
1.617182503245782240e-09
1.541929255043297900e-09
1.471057140071432178e-09
1.403430852513975221e-09
1.339155448239189060e-09
1.278092565245828389e-09
1.220116610118646357e-09
1.165099308373276809e-09
1.112870960984773450e-09
1.063254651875127105e-09
1.016070433925641444e-09
9.711563112095772006e-10
9.283737506086043670e-10
8.876021613585452269e-10
8.487310604427385910e-10
8.116579559832336705e-10
7.762777601049850197e-10
7.424928753960565315e-10
7.102103518303210278e-10
6.793422512330787045e-10
6.498079004198721282e-10
6.215343375334685139e-10
5.944519790510197100e-10
5.685079782629012041e-10
5.436278468366130289e-10
5.197682254478151190e-10
4.968665508145798580e-10
4.748844099278170326e-10
4.537749985281668446e-10
4.334968654220700405e-10
4.140121373593923853e-10
3.952858378661357854e-10
3.772857082269545535e-10
3.599813936314022677e-10
3.433446117774791872e-10
3.273491218949618234e-10
3.119703955653011872e-10
2.971854837149095530e-10
2.829728724492169850e-10
2.693124158097310598e-10
2.561853310988251764e-10
2.435740053537846540e-10
2.314615113630716409e-10
2.198318471682434879e-10
2.086697864938586020e-10
1.979607825687713340e-10
1.876908590591069517e-10
1.778467154587838187e-10
1.684156757001884743e-10
1.593852438198926913e-10
1.507432654119154260e-10
1.424779213313428241e-10
1.345776378984768492e-10
1.270311668938835661e-10
1.198276870873457270e-10
1.129565129412233247e-10
1.064069420309489009e-10
1.001684603323954378e-10
9.423067123364774951e-11
8.858347892154324159e-11
8.321710204785345063e-11
7.812167193332167503e-11
7.328736403362587734e-11
6.870445166355110088e-11
6.436349711312401254e-11
6.025540438432393585e-11
5.637100867609590100e-11
5.270107624617557133e-11
4.923675781855908816e-11
4.596939806219546353e-11
4.289066025045315752e-11
3.999202986069997169e-11
3.726517876762049300e-11
3.470219519706764569e-11
3.229550415554309747e-11
3.003737461564965973e-11
2.792028927046948529e-11
2.593719826798655410e-11
2.408131870051979040e-11
2.234572822348156875e-11
2.072390019936872537e-11
1.920974434967482127e-11
1.779718224131327514e-11
1.648028744323198277e-11
1.525361033085406852e-11
1.411186066788534765e-11
1.304978702765687038e-11
1.206260308125445082e-11
1.114570577324969083e-11
1.029454779841225502e-11
9.505003667309931350e-12
8.773075819967291009e-12
8.094917377793943583e-12
7.467019010889321484e-12
6.885829392334678429e-12
6.348376081415653839e-12
5.851558854743822956e-12
5.392577597799293511e-12
4.968615222440765745e-12
4.577174546135965693e-12
4.216051461164317406e-12
3.882953031649121575e-12
3.575876630583763552e-12
3.292722197854996056e-12
3.031849156704403641e-12
2.791516761400866750e-12
2.570155936557293703e-12
2.366298718146669478e-12
2.178586706994942205e-12
2.005750599053917782e-12
1.846470697542328369e-12
1.699977226298493632e-12
1.565106142449027435e-12
1.440934785172383163e-12
1.326614625462754019e-12
1.221364240284809939e-12
1.124464201359282351e-12
1.035252804700648567e-12
9.531183675895533970e-13
8.775002650080597790e-13
8.078815149303200025e-13
7.437866368453731628e-13
6.847764082464094776e-13
6.303716044387195099e-13
5.803441561944276448e-13
5.342820351332674247e-13
4.918727565214363888e-13
4.528323409716222892e-13
4.168860661902614290e-13
3.837908330000101415e-13
3.533167672087474496e-13
3.252666282249146824e-13
2.994402055363405382e-13
2.756593617114304500e-13
2.537662492061194093e-13
2.336073036968159214e-13
2.150487210010753997e-13
1.979606720468521297e-13
1.822279762885412952e-13
1.677427693878578657e-13
1.544074643710228140e-13
1.421229437727876669e-13
1.308160868122352222e-13
1.204134070274805188e-13
1.108236176436439316e-13
1.019987887413043164e-13
9.386926227636650229e-14
8.638709149323871247e-14
7.949656153454893276e-14
7.315236084905533470e-14
6.730872556078316994e-14
6.192817601107171444e-14
5.697523608644091674e-14
5.241099072930514367e-14
4.820918846927648815e-14
4.434150640708731927e-14
4.077711457751702839e-14
3.749439132753666784e-14
3.447234915173382664e-14
3.168874528558295845e-14
2.912368493444873754e-14
2.676046852604993386e-14
2.458258089029514306e-14
2.258027540196156359e-14
2.073349364718811883e-14
1.903204071400136342e-14
1.746405222784166064e-14
1.601992346001397424e-14
1.468938915550599945e-14
1.346248925780050286e-14
1.233248271594895538e-14
1.129089226630652044e-14
1.033073290958637736e-14
9.444567464204306786e-15
8.628399936968629563e-15
7.879563729663872589e-15
7.186933191390552364e-15
6.548791892629712119e-15
5.960515515225839921e-15
5.418694676935454105e-15
4.919267790646975165e-15
4.459267019698850107e-15
4.035535227641709956e-15
3.645489087656653345e-15
3.286407885921183325e-15
2.956081900631535375e-15
2.652400110730897228e-15
2.373320320224152873e-15
2.117089634680831532e-15
1.881931574647551844e-15
1.666522098472977222e-15
1.469396951251496598e-15
1.289371796971264358e-15
