# bin_4_2
1.441441522598407328e-08
1.446643646596459042e-08
1.452040232588278529e-08
1.457601274514992496e-08
1.463351324152789050e-08
1.469295630769719576e-08
1.475432062281495544e-08
1.481787122906712445e-08
1.488353414725786057e-08
1.495136486744224870e-08
1.502138583386185255e-08
1.509374196836081125e-08
1.517157324259951839e-08
1.524547303143231776e-08
1.532497077854669415e-08
1.540697473483671857e-08
1.549154146920714467e-08
1.557873430403463936e-08
1.566820865589787014e-08
1.576117443936378892e-08
1.585654356372353539e-08
1.595474778547948155e-08
1.605584123767956647e-08
1.615987703820412170e-08
1.626691385676671710e-08
1.637696485364654422e-08
1.649068290519232361e-08
1.660637812731351345e-08
1.672590829332685200e-08
1.684895303347054242e-08
1.697453247149159374e-08
1.710374712487538495e-08
1.723627137014852088e-08
1.736784251263196927e-08
1.751134229991611266e-08
1.765392899367849484e-08
1.779989890428195977e-08
1.794934408367120287e-08
1.810108502756001528e-08
1.825820844403223091e-08
1.841774004352369915e-08
1.858294721086623636e-08
1.874695196380854563e-08
1.891648642183084648e-08
1.908932867408257551e-08
1.926539554196876478e-08
1.944465824448561451e-08
1.962702393854373829e-08
1.981242281974765808e-08
2.000072493718943307e-08
2.019193757798366458e-08
2.038591118717237044e-08
2.058261177190524567e-08
2.078147660431215109e-08
2.098309402456866068e-08
2.118685574421219665e-08
2.139140789916134682e-08
2.160054651365241619e-08
2.180982111070870565e-08
2.202082751587764456e-08
2.223327949999111217e-08
2.244654670083688032e-08
2.266163461890920060e-08
2.287571141079214255e-08
2.309084854265025075e-08
2.329775530887908010e-08
2.352095059004056687e-08
2.373526706241144180e-08
2.394679747640165143e-08
2.416095184287306392e-08
2.437159469959859867e-08
2.458054356896289994e-08
2.478662077009464857e-08
2.499026534811882435e-08
2.519077651501614411e-08
2.538760035089156463e-08
2.558053692739419911e-08
2.576945113516799124e-08
2.595223922398577263e-08
2.613080688026088037e-08
2.630333334933371948e-08
2.646939281956323818e-08
2.662871818426049590e-08
2.678072484315459325e-08
2.692478673320715682e-08
2.706075922385201030e-08
2.718791883618943859e-08
2.730569693192240278e-08
2.741363910120154827e-08
2.751122963028188551e-08
2.759403708904562965e-08
2.767338222457825423e-08
2.773694009006804362e-08
2.778821109202959851e-08
2.782663983590282749e-08
2.785197291394060041e-08
2.786333426626666318e-08
2.786065294854470957e-08
2.784355322739569669e-08
2.781065462642711273e-08
2.778609071663949134e-08
2.770107705043083531e-08
2.762219555572469475e-08
2.752709476720591444e-08
2.741554464625073114e-08
2.728723076769737174e-08
2.714225844046356007e-08
2.698030004614468777e-08
2.680123717048921239e-08
2.660501016785939333e-08
2.638399715231536271e-08
2.616114878828965660e-08
2.591363272100011730e-08
2.564920061340334811e-08
2.536805276190094065e-08
2.507087933360761329e-08
2.475688381537338060e-08
2.442747579415534404e-08
2.408268105404177956e-08
2.372305472633912408e-08
2.334903779611875439e-08
2.296137957547968476e-08
2.256066227744455738e-08
2.214751264888901556e-08
2.172276111662888495e-08
2.128717117235377992e-08
2.084164639372611172e-08
2.038706356833213432e-08
1.992432761176351629e-08
1.945453634675409177e-08
1.897853769172162336e-08
1.849902508853422335e-08
1.801262102683614999e-08
1.752468433311721481e-08
1.703505344980004200e-08
1.654463474784593115e-08
1.605451608160953839e-08
1.556593378296170128e-08
1.507942504100128697e-08
1.459713749842644847e-08
1.411902023085800126e-08
1.364632098341887510e-08
1.317991225623278992e-08
1.273077134196039080e-08
1.226962372123835606e-08
1.182719668222908544e-08
1.139392965781398405e-08
1.097062143013966352e-08
1.055764195233010177e-08
1.015544020607402560e-08
9.764512111772196321e-09
9.384175799246797105e-09
9.015709171076520877e-09
8.658497379963401130e-09
8.312508105109539400e-09
7.977888324426426270e-09
7.654167925788104195e-09
7.342190409482263335e-09
7.039660575517150263e-09
6.747080435476456244e-09
6.463119924383935202e-09
6.189516881920071183e-09
5.924774337117696085e-09
5.668546734073917400e-09
5.421376295424565634e-09
5.180248236493204801e-09
4.947602689705334221e-09
4.722362247692036751e-09
4.504396648062739742e-09
4.293652797040315114e-09
4.090198158353462117e-09
3.894102412113024818e-09
3.705511400476779036e-09
3.524597315178167819e-09
3.351535203612859296e-09
3.186451315849135287e-09
3.029450435072641442e-09
2.880543518660625458e-09
2.739636264788919297e-09
2.606527765099354695e-09
2.480887405857948031e-09
2.362292576113561409e-09
2.250213805076534184e-09
2.144088995033583488e-09
2.043342610247313295e-09
1.947464031665717770e-09
1.855972077884006143e-09
1.768509243787632782e-09
1.684829533119705928e-09
1.604804247427642200e-09
1.528404155434131699e-09
1.455667974744289289e-09
1.386657398274159250e-09
1.321394108923332441e-09
1.259849003946250027e-09
1.201896032371031596e-09
1.147264555201873998e-09
1.095686216170640645e-09
1.046803803839081620e-09
1.000314445842743894e-09
9.559563381049866095e-10
9.135752303258765004e-10
8.730974284419733062e-10
8.345141638224639267e-10
7.978372524908631908e-10
7.630408434271969471e-10
7.300403153498575403e-10
6.986918130022410644e-10
6.688256275340459964e-10
6.402941187492390335e-10
6.129994196804384716e-10
5.868950935053682587e-10
5.619504848723004751e-10
5.381239842388922663e-10
5.153468271443687563e-10
4.935392263997901823e-10
4.726370887617667641e-10
4.525957679866497761e-10
4.333769059332654119e-10
4.149440718647712619e-10
3.972445146648038413e-10
3.802385001054675543e-10
3.638948407802723103e-10
3.481824863982148091e-10
3.330734614208965544e-10
3.185371449282184741e-10
3.045927600407375808e-10
2.910821294443533334e-10
2.781609872783215965e-10
2.656776011591760828e-10
2.536561716559877001e-10
2.420812544542334308e-10
2.309000236248475487e-10
2.201689822773745404e-10
2.098372742509732275e-10
1.998916032453607903e-10
1.903194333817648140e-10
1.811090819025562711e-10
1.722494848515852185e-10
1.637301969954833518e-10
1.555412504635967843e-10
1.476730901669457845e-10
1.401166168859583750e-10
1.328632122943085226e-10
1.259045095906286043e-10
1.192322659885191864e-10
1.128384965771001634e-10
1.067153895985080589e-10
1.008553694035424756e-10
9.525110611470468252e-11
8.991145089472922802e-11
8.479607812185101149e-11
7.991469929684800925e-11
7.526026995855448494e-11
7.081250502620008387e-11
6.659197259688450917e-11
6.257762693687431789e-11
5.876266349708152782e-11
5.514035434734150199e-11
5.170412630425369271e-11
4.844726599814437855e-11
4.536310749640874320e-11
4.244517701623582410e-11
3.968715930856568697e-11
3.708262634514759878e-11
3.462521133767258308e-11
3.230878580045220900e-11
3.012736444764678013e-11
2.807485264026186880e-11
2.614535328245311879e-11
2.433321918449988774e-11
2.263282131892166001e-11
2.103859081609424313e-11
1.954525503274824585e-11
1.814766431459019524e-11
1.684068566893645201e-11
1.561949464523686864e-11
1.447941687964738818e-11
1.341582694655320993e-11
1.242440065335563084e-11
1.150094338115073731e-11
1.064137747594456372e-11
9.841841773875208256e-12
9.098728745801747422e-12
8.408469907969082617e-12
7.767744620232582125e-12
7.173334245630322408e-12
6.622254857245518891e-12
6.111618713000747019e-12
5.638740240377237496e-12
5.201054260761029239e-12
4.796154094225307003e-12
4.421769613968172308e-12
4.075762840563931126e-12
3.756127787364137609e-12
3.460982060014826767e-12
3.188553332433444520e-12
2.937196099666328968e-12
2.705352171608613633e-12
2.491507757242015606e-12
2.294466106302334108e-12
2.112881335691952560e-12
1.945583194382908988e-12
1.791470614290060234e-12
1.649526016171739892e-12
1.518804836928861389e-12
1.398427257042168175e-12
1.287576571379553945e-12
1.185498631164094754e-12
1.091499258250585707e-12
1.004939441892204890e-12
9.252320638448139888e-13
8.518209469653607383e-13
7.842236867418943937e-13
7.219837670101180475e-13
6.646844122172495058e-13
6.119291891037825781e-13
5.633587209579814377e-13
5.186416958398834980e-13
4.774863198637139911e-13
4.395841444331854517e-13
4.046896224960942973e-13
3.725642180165343885e-13
3.429882870636596587e-13
3.157599200638613561e-13
2.906806789682299228e-13
2.676031825788295149e-13
2.463575423808459630e-13
2.267887872631849335e-13
2.087831149668227528e-13
1.921985952756899588e-13
1.769320310818710427e-13
1.628736638621685196e-13
1.499293126412808030e-13
1.380146113036237208e-13
1.270464908824787898e-13
1.169426849535827120e-13
1.076429550115308247e-13
9.907991214838070597e-14
9.119780419134624930e-14
8.393815043849718066e-14
7.725446671868355152e-14
7.110040447890875707e-14
6.543470166410217232e-14
6.021673637417622987e-14
5.541210585049450081e-14
5.098839961911629914e-14
4.691671387761229038e-14
4.316501104724930621e-14
3.971070059152335712e-14
3.652968112640949860e-14
3.360103089570020069e-14
3.090290236514384728e-14
2.841851762441470128e-14
2.613015745488391028e-14
2.402252298231506533e-14
2.208108583727955873e-14
2.029335306846157780e-14
1.864634696416367049e-14
1.712864954480621598e-14
1.573149824004121764e-14
1.444419934152768675e-14
1.325815641298588657e-14
1.216500673935800590e-14
1.115764720072085231e-14
1.023001936109416333e-14
9.374805967622153648e-15
8.586737745799042720e-15
7.860799461028149589e-15
7.191529887127648137e-15
6.574829376939609090e-15
6.006242931500971774e-15
5.482481710644593613e-15
4.999454118456740823e-15
4.554762356381843162e-15
4.144857589818546714e-15
3.766979474998004599e-15
3.418803064432965300e-15
3.098305126032950780e-15
2.803090933183485445e-15
2.531453727217364809e-15
2.281364155924261089e-15
2.051467032284969460e-15
1.840199830959029084e-15
1.646119420928309149e-15
1.468021050336827580e-15
1.304986594277281090e-15
1.155675595184007802e-15
1.019177009201845202e-15
8.947261275539663227e-16
7.814150115066660479e-16
6.784911145015491682e-16
5.851676728446862899e-16
5.008097384925506035e-16
4.246593807378705585e-16
3.563661243361304745e-16
2.954140390277191370e-16
2.413810618650880079e-16
1.938534667752871941e-16
1.524844548027169576e-16
