# bin_4_1
1.303403265113928489e-08
1.307799781396055947e-08
1.312360304241804657e-08
1.317053695162082542e-08
1.321903397861287968e-08
1.326913556867776695e-08
1.332090041635716109e-08
1.337430133743929263e-08
1.342953269072119255e-08
1.348654208369443863e-08
1.354534069323936445e-08
1.360608329647564443e-08
1.367179883092668531e-08
1.373319334949198625e-08
1.379970950064048383e-08
1.386825147523589124e-08
1.393886609879919707e-08
1.401159349405481583e-08
1.408608067639228893e-08
1.416350792006853715e-08
1.424276199634913327e-08
1.432430001776892094e-08
1.440811628602244567e-08
1.449425082972170237e-08
1.458274657151784638e-08
1.467359537653966193e-08
1.476685052972404988e-08
1.486253955094372385e-08
1.496075692346131150e-08
1.506173910481065813e-08
1.516449543082593283e-08
1.527008891781348732e-08
1.537818019335549802e-08
1.548877944897144452e-08
1.560193816269287373e-08
1.571743332947941856e-08
1.583547916038006672e-08
1.595606118762795592e-08
1.607798352830343369e-08
1.620429332570837960e-08
1.633200536014881904e-08
1.646434459601179009e-08
1.659444379308339572e-08
1.672897378371724944e-08
1.686569903738921579e-08
1.700451133514256695e-08
1.714535727008142194e-08
1.728812026794311100e-08
1.743270263877719065e-08
1.757895424248257027e-08
1.772685696142696456e-08
1.787623995932744438e-08
1.802704815083532456e-08
1.817869763678234593e-08
1.833180805083667416e-08
1.848567378807073486e-08
1.863884618068118318e-08
1.879528047377812540e-08
1.895065391322744115e-08
1.910611446595283663e-08
1.926142963524320875e-08
1.941629634078325347e-08
1.957155740611365487e-08
1.972432495590808656e-08
1.987671753648855894e-08
2.001957497733115513e-08
2.017699596080926254e-08
2.032423538978171495e-08
2.046725994890160991e-08
2.061154057940996115e-08
2.075090561532399202e-08
2.088722333364691846e-08
2.101933934997945544e-08
2.114767625760752918e-08
2.127173428555043170e-08
2.139084264551150929e-08
2.150491006996954118e-08
2.161323822982128668e-08
2.171563675614246113e-08
2.181222468377340723e-08
2.190184061425682710e-08
2.198425913134894586e-08
2.205917485112243398e-08
2.212614603967315973e-08
2.218472012965495261e-08
2.223467570915371079e-08
2.227555365583883426e-08
2.230690002946391903e-08
2.232837719377833881e-08
2.233960603504880425e-08
2.233633524212944343e-08
2.232997925845871878e-08
2.230844443301704619e-08
2.227520889676137750e-08
2.223041850431225857e-08
2.217344257276468945e-08
2.210382661804865240e-08
2.202172354776476672e-08
2.192685660469386850e-08
2.181819127727387143e-08
2.171959093190078171e-08
2.156374349613603722e-08
2.141625142541551680e-08
2.125539173103253254e-08
2.108116089682087555e-08
2.089348966788694889e-08
2.069278958226545397e-08
2.047883339770561351e-08
2.025190221013469649e-08
2.001214647306846453e-08
1.975236400802085675e-08
1.949534206153019385e-08
1.921892481102118980e-08
1.893106413054602458e-08
1.863193914461093218e-08
1.832237439900629845e-08
1.800269446272650312e-08
1.767351475341957455e-08
1.733537712010474604e-08
1.698899934144663127e-08
1.663501695096700822e-08
1.627422911936605102e-08
1.590728979819523203e-08
1.553501468164131479e-08
1.515820919150221772e-08
1.477766330942593012e-08
1.439423221401236442e-08
1.400876834705748664e-08
1.362202974891414665e-08
1.323495018925093161e-08
1.284828265471892005e-08
1.246434000773932101e-08
1.207966276220911024e-08
1.169914142762996805e-08
1.132229894477749982e-08
1.094965927211783369e-08
1.058193659207107318e-08
1.021974354994604301e-08
9.863296170595360917e-09
9.514157167649805511e-09
9.171720673466262442e-09
8.836710118929805198e-09
8.509445909864370498e-09
8.190356967709162357e-09
7.879481816113159375e-09
7.577132334483427396e-09
7.283127666636655936e-09
6.997850986736051853e-09
6.721095233906546075e-09
6.452904103774678235e-09
6.193376107970667267e-09
5.941501798273668645e-09
5.698246831286539222e-09
5.462785923216904508e-09
5.235014327789711524e-09
5.014710964965325419e-09
4.801639619310093669e-09
4.595443305045526101e-09
4.396246934676333829e-09
4.203489492903391885e-09
4.017093176441226570e-09
3.836901865932829558e-09
3.662786557656933887e-09
3.494675133894678369e-09
3.332506360957009527e-09
3.176238825615020595e-09
3.025877286063299837e-09
2.881441174825267909e-09
2.742952088218093654e-09
2.610426168498236382e-09
2.483894527221795117e-09
2.363354767308270393e-09
2.248770986002654597e-09
2.140075336761565816e-09
2.037137588477651502e-09
1.939771002179879119e-09
1.847750052733222054e-09
1.760786375284706632e-09
1.678539096485639621e-09
1.600653380630283101e-09
1.526740045668154041e-09
1.456438129975532133e-09
1.389397855483459190e-09
1.325340354303597806e-09
1.264056343408244177e-09
1.205440395107128087e-09
1.149425826185141103e-09
1.096013962740023871e-09
1.045224304545484811e-09
9.970675332385139546e-10
9.513524681466818500e-10
9.084873344013621025e-10
8.678373375919817115e-10
8.293754674592930014e-10
7.929200481473633786e-10
7.582925755927322618e-10
7.253530579270363392e-10
6.939760005634064496e-10
6.640607473660469410e-10
6.355138698081918951e-10
6.082520149162443697e-10
5.822073133813278244e-10
5.573336844039861287e-10
5.335981243840427691e-10
5.109672834665924819e-10
4.893877349253016039e-10
4.687894145271422762e-10
4.490954833777673779e-10
4.302304699132659738e-10
4.121362919622131906e-10
3.947773610313453640e-10
3.781025907113175024e-10
3.621766662627856238e-10
3.468855718451956106e-10
3.321709994182794025e-10
3.180324205591985610e-10
3.044352249173635847e-10
2.913602943434910316e-10
2.787909867094917992e-10
2.666969558923051631e-10
2.550514681008977931e-10
2.438337407304710887e-10
2.330339050736787811e-10
2.226345634082442785e-10
2.126163166274597191e-10
2.029659849695093992e-10
1.936705944714540803e-10
1.847178491627211109e-10
1.760955775982126673e-10
1.677928424462426621e-10
1.597998618180557738e-10
1.521070167918174151e-10
1.447050258788819867e-10
1.375851953513421849e-10
1.307394200353800725e-10
1.241599228317579533e-10
1.178392178728860224e-10
1.117702489889610426e-10
1.059461287718975415e-10
1.003601675617195380e-10
9.500583867335869217e-11
8.987672405641375639e-11
8.496659723726676646e-11
8.026946580782408782e-11
7.577938522249989704e-11
7.149036513521802646e-11
6.739650102056231175e-11
6.349193976837939949e-11
5.977093961188560670e-11
5.622790117111953118e-11
5.285716411323401099e-11
4.965305280866351083e-11
4.660990656792252928e-11
4.372218034612533617e-11
4.098447618012498497e-11
3.839135475571211299e-11
3.593729527562827362e-11
3.361694346504612525e-11
3.142502274799869396e-11
2.935641722634216986e-11
2.740589895201685857e-11
2.556830907410985592e-11
2.383869008063626907e-11
2.221226050575440431e-11
2.068416265867318956e-11
1.924962680494860075e-11
1.790412801098135822e-11
1.664330143312526146e-11
1.546271224909904617e-11
1.435812851095553695e-11
1.332556605012966407e-11
1.236107976627287330e-11
1.146079678273691951e-11
1.062111930976624955e-11
9.838570453379774769e-12
9.109701463046769499e-12
8.431330215089885032e-12
7.800409770760481005e-12
7.213935065178823437e-12
6.669150363357855684e-12
6.163405089417329817e-12
5.694137378101457877e-12
5.258942494802672381e-12
4.855644445997824983e-12
4.482050388777824503e-12
4.136163742014387220e-12
3.816055233475450347e-12
3.519961397668264164e-12
3.246180721473039821e-12
2.993147908942144351e-12
2.759376022426965069e-12
2.543480020359694879e-12
2.344161865561065306e-12
2.160205394833505737e-12
1.990477468393643251e-12
1.833920975239816626e-12
1.689546561996137995e-12
1.556439880783896359e-12
1.433739937436136721e-12
1.320578577055085196e-12
1.216372620087060208e-12
1.120351640655427165e-12
1.031879924132735458e-12
9.503655769163670377e-13
8.752649285971464197e-13
8.060761548029466113e-13
7.423348765871665484e-13
6.836127564906316344e-13
6.295162008779823007e-13
5.796835099210431230e-13
5.337813565834089681e-13
4.915027353520932037e-13
4.525497168877741177e-13
4.166573149997297918e-13
3.836287637649098047e-13
3.532154333924931279e-13
3.252098497875029844e-13
2.994227971380207655e-13
2.756787589409085326e-13
2.538191649995520437e-13
2.336860583870645640e-13
2.151524385071026099e-13
1.980873359783152533e-13
1.823744685623251330e-13
1.679070115801852366e-13
1.545795598622918583e-13
1.423143752159353652e-13
1.310218044655434329e-13
1.206247417747488712e-13
1.110484756565172524e-13
1.022295953836043281e-13
9.411164988338798915e-14
8.663389332461186259e-14
7.974757704359992747e-14
7.340952205699658622e-14
6.757485680319867862e-14
6.219749414246856913e-14
5.724730026098835982e-14
5.268890614110947803e-14
4.849334069394107957e-14
4.462735865713226392e-14
4.106847824382341774e-14
3.779068193398035017e-14
3.477131429666420996e-14
3.199071117993110336e-14
2.943050703967187567e-14
2.707260138237781009e-14
2.490056943761393711e-14
2.289961598699555410e-14
2.105675843937666469e-14
1.935910175538756168e-14
1.779580888003843424e-14
1.635476404454600502e-14
1.502851588932544253e-14
1.380579052597050693e-14
1.267943418555604859e-14
1.164132143569189978e-14
1.068495666157915181e-14
9.804050096319930361e-15
8.991688625478400978e-15
8.243335286902943541e-15
7.553835715375716775e-15
6.917898380497180527e-15
6.331981853162233009e-15
5.791820913332914590e-15
5.293963142142088648e-15
4.835120038004878827e-15
4.411952293609921195e-15
4.022231015113050570e-15
3.662827630639143816e-15
3.331681302733730312e-15
3.026354093044497054e-15
2.745278211699827063e-15
2.486320186491268676e-15
2.247924853098305603e-15
2.028641277918267001e-15
1.826805974663913436e-15
1.641384790429835699e-15
1.471244186877362398e-15
1.315082683902199641e-15
1.172060805206963980e-15
1.041191374610327771e-15
9.217122410314481900e-16
8.127526496597749997e-16
7.135514804160217316e-16
6.234780449499381801e-16
5.419364706539460981e-16
4.682595462559908298e-16
4.020461450699333566e-16
3.427061781865905117e-16
2.897421659834574143e-16
2.427497880866710126e-16
2.013398169376350306e-16
1.652677324989069942e-16
1.341679511417018894e-16
1.072809909096459712e-16
8.403505479118444713e-17
6.445179000477983418e-17
4.846798404934231267e-17
3.585265373699097122e-17
