# bin_1_1
1.109551521007410186e-08
1.112887788539987082e-08
1.116333101719333456e-08
1.119901815174051859e-08
1.123569206514499949e-08
1.127350509782403685e-08
1.131259186826964690e-08
1.135281961625274532e-08
1.139439579586103779e-08
1.143725412882179989e-08
1.148142432227312671e-08
1.152693686964138393e-08
1.157688009462961080e-08
1.162199681386200727e-08
1.167161408989503223e-08
1.172266786401352085e-08
1.177517387919250039e-08
1.182914215250285272e-08
1.188422280934619856e-08
1.194153434862807459e-08
1.200001373090708344e-08
1.206002842338231233e-08
1.212159025909271525e-08
1.218470392100369352e-08
1.224939848871951035e-08
1.231564023328629249e-08
1.238343501061123384e-08
1.245282624181465322e-08
1.252387874153389121e-08
1.259678625882569033e-08
1.267055050343143676e-08
1.274620631122803883e-08
1.282339192176126830e-08
1.290208461013635973e-08
1.298226422699557685e-08
1.306389353280912259e-08
1.314692276755348023e-08
1.323133195012818017e-08
1.331632236394274062e-08
1.340412077547079364e-08
1.349234830797826239e-08
1.358403614312249301e-08
1.367232629671758658e-08
1.376381846002772948e-08
1.385627927004962453e-08
1.394954658248483458e-08
1.404366185460026948e-08
1.413838226565066171e-08
1.423363522444292054e-08
1.432925804029125294e-08
1.442522274782428751e-08
1.452134842803353975e-08
1.461757599718447516e-08
1.471331869612085030e-08
1.480918853462071247e-08
1.490448582458290617e-08
1.499778174102604205e-08
1.509299179730699333e-08
1.518585072446099615e-08
1.527749669165911727e-08
1.536782323677140316e-08
1.545624686981988573e-08
1.554392335101533903e-08
1.562792094891476534e-08
1.571036646317342853e-08
1.578247212978705038e-08
1.586741434087498814e-08
1.594144807124583128e-08
1.601031634647386456e-08
1.607945833524519985e-08
1.614284454708792747e-08
1.620242144742015728e-08
1.625697550264024973e-08
1.630731343549120560e-08
1.635274701473424698e-08
1.639278782053895265e-08
1.642737964864388855e-08
1.645635380328116298e-08
1.647881277135923996e-08
1.649568444052485497e-08
1.650570878639430715e-08
1.650894006941320507e-08
1.650502135405313595e-08
1.649359383123527783e-08
1.647462560030185480e-08
1.644821640755714749e-08
1.641327045974394325e-08
1.637032140627405267e-08
1.631910615564806400e-08
1.625894987405206130e-08
1.618636733674518900e-08
1.611255879345556047e-08
1.602588669669846011e-08
1.593014981270294565e-08
1.582511277557822098e-08
1.571086195078783232e-08
1.558735679968153261e-08
1.545452243023567324e-08
1.531242561090147458e-08
1.516112939516559994e-08
1.502166083154448784e-08
1.483121489633422796e-08
1.465289489636402687e-08
1.446584671585133924e-08
1.427029404564809030e-08
1.406637942091312124e-08
1.385469739832676265e-08
1.363520532793180009e-08
1.340836312478377372e-08
1.317449524032486137e-08
1.292681359875404334e-08
1.268744239902872630e-08
1.243511787187924370e-08
1.217761566679159007e-08
1.191518474942836987e-08
1.164867591603181066e-08
1.137847265527249753e-08
1.110507909392755090e-08
1.082920981188726825e-08
1.055131586369107188e-08
1.027200740178624191e-08
9.991952255665111766e-09
9.711640258070311395e-09
9.431689500557074682e-09
9.152663083879458647e-09
8.875109768556279471e-09
8.599563987894823084e-09
8.326532617869540372e-09
8.056499427297869966e-09
7.776923690173762275e-09
7.527194535835504920e-09
7.270042017305759995e-09
7.014948870025881849e-09
6.765964085892950126e-09
6.522271905009940400e-09
6.283923036224119695e-09
6.051160358636692582e-09
5.824122866131608501e-09
5.602923864353012490e-09
5.387633757132233198e-09
5.178277018463642284e-09
4.974870836364620850e-09
4.777345189634511618e-09
4.585812543885958499e-09
4.400047154873095359e-09
4.220114854709048355e-09
4.045703980496184027e-09
3.876929606846447007e-09
3.713551912446968885e-09
3.555706903405151198e-09
3.403294690631210097e-09
3.255457779666738734e-09
3.113159843002274100e-09
2.975721674160664645e-09
2.843166583941070473e-09
2.715340091975943034e-09
2.592351398284276117e-09
2.473802875891023616e-09
2.360028778937367917e-09
2.250604029524105236e-09
2.145576612543476927e-09
2.044871255932474603e-09
1.948419913826943650e-09
1.856157308950551552e-09
1.768008638138322828e-09
1.683893198819347379e-09
1.603717139715379557e-09
1.527392260779723992e-09
1.454754221974335518e-09
1.385793824453152146e-09
1.320261891598851090e-09
1.258052374726116927e-09
1.199012827789290920e-09
1.142989027144491276e-09
1.089824810978787505e-09
1.039358239673385496e-09
9.914463340112007385e-10
9.459460064665464695e-10
9.027099061875074862e-10
8.616245432679894175e-10
8.225626623071539261e-10
7.854234916314430477e-10
7.500980795497247019e-10
7.164970398851148539e-10
6.845400717265528934e-10
6.541570537178231652e-10
6.252812486489244649e-10
5.978442114615904160e-10
5.717802197926716382e-10
5.470078080345994475e-10
5.234620646898440451e-10
5.010502628982855237e-10
4.796986178619113721e-10
4.593298379235601641e-10
4.398826217837428429e-10
4.213093479242771745e-10
4.035694583985531637e-10
3.866447880095952112e-10
3.704783612415631832e-10
3.550228757925704624e-10
3.402321857081654900e-10
3.260463688117880721e-10
3.124818119638826341e-10
2.994555472582681346e-10
2.869600575201014788e-10
2.749669544511901315e-10
2.634495966367580568e-10
2.523838200552642147e-10
2.417468824024602958e-10
2.315170622823354994e-10
2.216739455648578763e-10
2.121944416306313491e-10
2.030765754806611914e-10
1.942962504380592238e-10
1.858289067618005362e-10
1.776750746258161978e-10
1.698180358665213205e-10
1.622446912388642738e-10
1.549460593406104082e-10
1.479140768567228353e-10
1.411368306067850419e-10
1.346064735718050522e-10
1.283151577747145288e-10
1.222546247728256421e-10
1.164181102435578301e-10
1.107990924132352525e-10
1.053912502829008700e-10
1.001887214134879784e-10
9.518587031940620685e-11
9.037730988421450230e-11
8.575767680600153092e-11
8.132188237430305043e-11
7.706506351037806201e-11
7.298249128802917455e-11
6.906951382036408563e-11
6.532155755774751862e-11
6.173413799271517603e-11
5.830283265745188939e-11
5.502333935670397384e-11
5.189150717486490751e-11
4.890307661912726498e-11
4.605375792621752167e-11
4.333929619727336385e-11
4.075550059764991254e-11
3.829817953800119312e-11
3.596314281814130128e-11
3.374622826672432404e-11
3.164342707001066801e-11
2.965080578139897848e-11
2.776424578417559359e-11
2.597969411897641009e-11
2.429315109879710245e-11
2.270065280166595328e-11
2.119825778251619775e-11
1.978228681255216881e-11
1.844900570719259988e-11
1.719461206155799997e-11
1.601549125893851043e-11
1.490810874638123230e-11
1.386916925095330943e-11
1.289495052187267971e-11
1.198239403184122805e-11
1.112838267488892093e-11
1.032975985818297480e-11
9.583485292484021783e-12
8.886599856298799049e-12
8.236377620600217367e-12
7.630255983456406688e-12
7.065562297664821623e-12
6.539816419880635586e-12
6.050727436580569102e-12
5.595986303991256470e-12
5.173503510091973159e-12
4.781278190530714804e-12
4.417234916506092817e-12
4.079677071472320830e-12
3.766752346349397121e-12
3.476880745884863747e-12
3.208461569366650767e-12
2.960049975878771641e-12
2.730195227710382373e-12
2.517748151359030274e-12
2.321404694059306446e-12
2.139974936994357821e-12
1.972413716954949408e-12
1.817742327630239686e-12
1.674988191474225077e-12
1.543284600693565996e-12
1.421804198161325386e-12
1.309788630615371356e-12
1.206496471459669143e-12
1.111297234084412864e-12
1.023562391620153812e-12
9.427180040222108664e-13
8.682328662222317384e-13
7.996143525402324323e-13
7.364057703663748037e-13
6.781852879709173629e-13
6.245610187535732737e-13
5.751442780828856387e-13
5.296601855527763414e-13
4.877703346365768268e-13
4.491904959559917488e-13
4.136596358239386317e-13
3.809116647863020100e-13
3.507712591437813081e-13
3.230136937185251472e-13
2.974503697703580025e-13
2.739025517272040423e-13
2.522223143835145206e-13
2.322518046998464448e-13
2.138657400398851215e-13
1.969298355544795368e-13
1.813345184849801005e-13
1.669713359700075904e-13
1.537450298866164792e-13
1.415643461509709048e-13
1.303479893629693643e-13
1.200173026802572719e-13
1.105078484091499502e-13
1.017472969514792320e-13
9.367962161195465377e-14
8.625053014049172629e-14
7.941005538906566414e-14
7.311247604450194032e-14
6.731098671536152769e-14
6.196808571120044978e-14
5.704881552667253183e-14
5.251639945815418033e-14
4.834547745228735790e-14
4.450227530235286627e-14
4.096318817657202078e-14
3.770562495272680641e-14
3.470197989785722020e-14
3.193820182696816561e-14
2.939229562451975171e-14
2.704732191084962521e-14
2.488778348209606659e-14
2.289813044679991584e-14
2.106660192735394915e-14
1.937823654318363488e-14
1.782385465903780452e-14
1.639170657663679773e-14
1.507199822578200244e-14
1.385602776256033885e-14
1.273583750668709298e-14
1.170545296042851672e-14
1.075470603539585898e-14
9.878896399904365909e-15
9.072129940329443471e-15
8.328317586468483557e-15
7.642805706422467696e-15
7.011373913614674523e-15
6.429222511408600599e-15
5.892654042801980368e-15
5.398231036755837895e-15
4.942311891483305506e-15
4.521952420089024930e-15
4.134843372605069703e-15
3.777714750410951112e-15
3.448543647918892988e-15
3.145220134301044618e-15
2.865538857094527295e-15
2.607878648433809692e-15
2.370262226350409940e-15
2.151411559518480587e-15
1.949860839865837580e-15
1.764173181689254169e-15
1.593258534178274012e-15
1.436107699903515408e-15
1.291632787421244404e-15
1.158797196989332399e-15
1.036929872204809327e-15
9.252094381286278756e-16
8.229823762352343775e-16
7.294655701540649368e-16
6.442801316685882972e-16
5.667461108526719621e-16
4.964092946936697729e-16
4.327806964649661513e-16
3.753649114137160535e-16
3.238020807453910466e-16
2.776855204619832250e-16
2.365716747896545395e-16
2.000784114373515109e-16
1.678865073385626137e-16
1.396337272026035875e-16
1.150148806043265472e-16
9.376170145119868637e-17
7.554462153732483244e-17
6.005413447406164420e-17
4.702449416613148225e-17
3.623627143299923567e-17
2.752336161079744216e-17
2.062255717425741197e-17
1.510460927002460953e-17
1.067154931643407831e-17
7.299211498499055199e-18
4.896788326222508581e-18
3.288666604744517140e-18
