# bin_4_3
1.635295972995231882e-08
1.641648727537695179e-08
1.648239721415209332e-08
1.655040824052862109e-08
1.662078125902802886e-08
1.669358724120986802e-08
1.676882150577464429e-08
1.684676547232778262e-08
1.692736754279067478e-08
1.701070126842900252e-08
1.709681037249441485e-08
1.718588711183251881e-08
1.728098056992598416e-08
1.737287977242883357e-08
1.747102016201048420e-08
1.757236298098811061e-08
1.767698954489670181e-08
1.778498467562363274e-08
1.789604345642667557e-08
1.801138198458023267e-08
1.812995351829925111e-08
1.825221600427160663e-08
1.837824994038772151e-08
1.850813951632085168e-08
1.864197446223561764e-08
1.877979865959681009e-08
1.892171833036450674e-08
1.906781506212990937e-08
1.921861115742024274e-08
1.937328871692101693e-08
1.953202063153104209e-08
1.969556778379029179e-08
1.986364313044463270e-08
2.003202844414726400e-08
2.021362605629304349e-08
2.039564959492227928e-08
2.058243201828590344e-08
2.077410244319602422e-08
2.096953667614149200e-08
2.117183418310686690e-08
2.137808868571653774e-08
2.159158264127905054e-08
2.180554660961585012e-08
2.202682063731360626e-08
2.225286105482699958e-08
2.248401598565663177e-08
2.272017141095142397e-08
2.296128226117749416e-08
2.320732200763845447e-08
2.345820701551315746e-08
2.371398750208865829e-08
2.397455881763138413e-08
2.423992955238940108e-08
2.450958509038005246e-08
2.478420420726294789e-08
2.506313526160472701e-08
2.534500417365377900e-08
2.563379270100798066e-08
2.592525186903803553e-08
2.622057647123990552e-08
2.651957309893877672e-08
2.682197788279453884e-08
2.712865253423085894e-08
2.743678161650521715e-08
2.774846780540700333e-08
2.805434802934772892e-08
2.837922599287265925e-08
2.869767701413728054e-08
2.901587857840780427e-08
2.933926686741111501e-08
2.966170956774950302e-08
2.998498742946610517e-08
3.030791780816745505e-08
3.063092503816547558e-08
3.095328121950056748e-08
3.127439753769160162e-08
3.159403345097403805e-08
3.191199912138989093e-08
3.222615392414155861e-08
3.253831340557717651e-08
3.284651372164144869e-08
3.315044309089220182e-08
3.344957730418778814e-08
3.374326799973481172e-08
3.403076999749334655e-08
3.431183393076851296e-08
3.458556461544540059e-08
3.485124663157245965e-08
3.510828249313770120e-08
3.535594823944248205e-08
3.558964879091417894e-08
3.582052513933294711e-08
3.603601036529726783e-08
3.623939839196102774e-08
3.642987706076442291e-08
3.660692201331131446e-08
3.676942470294045299e-08
3.691705224341921235e-08
3.704902866781436660e-08
3.716380611048047814e-08
3.728522177172443276e-08
3.734382004575018404e-08
3.740621285718359719e-08
3.744961217991097911e-08
3.747331560268829940e-08
3.747674019782859655e-08
3.745961636777030643e-08
3.742110091541932370e-08
3.736080155044662288e-08
3.727822514209322487e-08
3.716536708505574328e-08
3.704480872043317638e-08
3.689326856191871008e-08
3.671817703012549950e-08
3.651904798857672149e-08
3.629638333803203839e-08
3.604883313394564488e-08
3.577749807123391902e-08
3.548011413648188345e-08
3.516220043665167661e-08
3.481856294676681017e-08
3.445129558035760061e-08
3.406062584645530318e-08
3.364697694999853943e-08
3.321059961345813938e-08
3.275277335444312646e-08
3.227341410363966933e-08
3.177347155450779350e-08
3.125365213275603437e-08
3.071512810046604370e-08
3.015851617964209274e-08
2.958660710845208286e-08
2.899596855382341022e-08
2.839214361642222169e-08
2.777523043924142796e-08
2.714617630092332081e-08
2.650658460997664885e-08
2.585796245587805241e-08
2.520122210673263622e-08
2.453905655607569080e-08
2.387207051414016744e-08
2.320197571909201222e-08
2.253036643471313559e-08
2.186926231501687313e-08
2.118919971793834909e-08
2.052331041329519215e-08
1.986065923753347467e-08
1.920483687009662167e-08
1.855648285795193217e-08
1.791696933814296171e-08
1.728772904418867521e-08
1.666898598930346685e-08
1.606296166963518803e-08
1.546992107107801887e-08
1.489063600996131482e-08
1.432610126148277275e-08
1.377655773435875613e-08
1.324231243348431492e-08
1.272401892752981293e-08
1.222141218285535311e-08
1.173458700995418353e-08
1.126341490994831718e-08
1.080761366963869214e-08
1.036686141441119683e-08
9.940737038318988039e-09
9.528702129691811698e-09
9.130237376088596662e-09
8.744790948104947667e-09
8.371783630655532832e-09
8.010648515255047021e-09
7.663112495186983422e-09
7.322108173126584284e-09
6.993855946550345858e-09
6.675883797775230616e-09
6.368016909594665562e-09
6.070157028796830912e-09
5.782334622738318275e-09
5.504642121609665411e-09
5.237239414042398627e-09
4.980324285756075323e-09
4.734102185935291602e-09
4.498775490751066781e-09
4.274479885016857230e-09
4.061269405523458621e-09
3.859084931126524161e-09
3.667771986335883137e-09
3.486981287324764357e-09
3.316249367903514755e-09
3.155000870998935062e-09
3.002560356581412218e-09
2.858198389571765679e-09
2.721206923170122016e-09
2.590895893181733589e-09
2.466680234253722944e-09
2.348129807502521719e-09
2.234956282465812457e-09
2.126979415588691217e-09
2.024128252351052834e-09
1.926560264055331880e-09
1.834128818533824504e-09
1.746802491489067102e-09
1.664419001227191321e-09
1.586698527109883649e-09
1.513282280199747153e-09
1.443772320876542269e-09
1.377791565631820712e-09
1.315041938465106608e-09
1.255321838447832691e-09
1.198263159759898596e-09
1.144523507633867038e-09
1.093279021880549163e-09
1.044658799999610831e-09
9.985017742057169420e-10
9.546311275597019141e-10
9.128780860042984948e-10
8.730893478657670349e-10
8.351498762573973704e-10
7.989635925837214595e-10
7.644380206213085604e-10
7.315003059945541172e-10
7.000413050370008397e-10
6.699737689621840025e-10
6.412148732050365835e-10
6.136877709182439645e-10
5.873273803049294722e-10
5.620722746095212288e-10
5.378624462693921698e-10
5.146397536390878570e-10
4.923561936222194863e-10
4.709589261058743704e-10
4.504109627216502266e-10
4.306636297774609930e-10
4.116850343877164245e-10
3.934352046327611003e-10
3.758855279982476023e-10
3.590040044927334082e-10
3.427628006686884402e-10
3.271363296447561273e-10
3.121004313377137882e-10
2.976327244649156026e-10
2.837123173259863040e-10
2.703195936437859540e-10
2.574361702848525081e-10
2.450448550099278531e-10
2.331295927808394448e-10
2.216751216713193625e-10
2.106670428268666391e-10
2.000918320472367450e-10
1.899366802307378588e-10
1.801890623929306578e-10
1.708369956777304585e-10
1.618689709099689251e-10
1.532738202103957533e-10
1.450406832790913696e-10
1.371591253549692830e-10
1.296191101361667540e-10
1.224105890728805230e-10
1.155236759557993532e-10
1.089486620563065453e-10
1.026759445340429115e-10
9.669611978886335928e-11
9.100009799903257432e-11
8.557883109579724132e-11
8.042317899286637991e-11
7.552411871724730138e-11
7.087268661241828467e-11
6.645822036769735889e-11
6.227809859118346773e-11
5.831792383066034983e-11
5.457109121906444048e-11
5.102913025718742811e-11
4.768383236346248820e-11
4.452731110497727081e-11
4.155160765651041907e-11
3.874869397543569318e-11
3.611091679104903128e-11
3.363080248903531938e-11
3.130118959943011740e-11
2.911475193850389719e-11
2.706434954556622793e-11
2.514324080221780356e-11
2.334501118845834688e-11
2.166310767235077076e-11
2.009118739354819060e-11
1.862334944123908365e-11
1.725395035756248522e-11
1.597722600627589108e-11
1.478778383493592308e-11
1.368063661115468628e-11
1.265081573913312511e-11
1.169349539349632351e-11
1.080428254273859776e-11
9.978933683850624014e-12
9.213241802681579250e-12
8.503412549818834795e-12
7.845816620119330914e-12
7.236874486836408697e-12
6.673370639096705598e-12
6.152202455872946987e-12
5.670395174399101947e-12
5.225147572055835210e-12
4.814045227698199080e-12
4.434551343058216989e-12
4.084404766465562590e-12
3.761428646443579049e-12
3.463655551666633287e-12
3.189183266843114849e-12
2.936280940382725870e-12
2.703305376006169366e-12
2.488738483521441080e-12
2.291158117134624536e-12
2.109243436899295999e-12
1.941766268265255785e-12
1.787588189002174758e-12
1.645653827367205067e-12
1.514992766257960857e-12
1.394706307214571263e-12
1.283920752515685732e-12
1.181981841699400311e-12
1.088136455433387165e-12
1.001742099622444891e-12
9.222071153994555708e-13
8.489370942744585133e-13
7.815222977562502741e-13
7.194603565111535509e-13
6.623145205786414911e-13
6.097175780129117425e-13
5.612972326971654654e-13
5.167118877368800166e-13
4.756770946403497536e-13
4.378925713805696874e-13
4.031099578365830644e-13
3.710853914009487308e-13
3.416021249711586327e-13
3.144622410279394834e-13
2.894780078857093773e-13
2.664715529330387261e-13
2.452930413796992610e-13
2.258002714402523307e-13
2.078488663256053881e-13
1.913225299313500909e-13
1.761093272063663612e-13
1.621012372424126992e-13
1.492063638025304961e-13
1.373334880387136930e-13
1.264030881693189297e-13
1.163395449419669358e-13
1.070749629581380432e-13
9.854348437726575410e-14
9.068856592252653442e-14
8.345624850115756373e-14
7.679945424451955020e-14
7.066993568847288588e-14
6.502226795710467750e-14
5.982544778780181373e-14
5.503928266015692452e-14
5.063122277220754231e-14
4.657349372428836101e-14
4.283653699289771077e-14
3.939579415289339939e-14
3.622484558257709906e-14
3.330673416234988411e-14
3.061950149742574294e-14
2.814296124964286279e-14
2.586197047833528415e-14
2.376236230020450294e-14
2.182705427080073048e-14
2.004544444667969566e-14
1.840315605106526570e-14
1.688832601387989045e-14
1.549702729315607214e-14
1.421273179976836892e-14
1.302986868561327614e-14
1.193954491974093714e-14
1.093526817797912949e-14
1.000985884546595719e-14
9.156243333976540589e-15
8.369960374264500765e-15
7.645360975465682610e-15
6.977417612032880475e-15
6.361953995579633731e-15
5.794533973727815046e-15
5.271741046278171364e-15
4.789912216566053139e-15
4.346171665205800275e-15
3.937205992770925863e-15
3.560809491753467068e-15
3.214031618807988169e-15
2.894983541295756212e-15
2.601402237698276263e-15
2.331574897850444402e-15
2.083627272387715507e-15
1.855957446361194830e-15
1.647265594229613278e-15
1.456020798422540481e-15
1.281138686479391864e-15
1.121338474380034878e-15
9.756866140685180743e-16
8.432908263532235258e-16
7.232431609185393998e-16
