# bin_3_3
1.573115924646793781e-08
1.579111889323017728e-08
1.585332354922724405e-08
1.591749217958891564e-08
1.598387870121737041e-08
1.605254627702709088e-08
1.612348813016779303e-08
1.619697646892414142e-08
1.627295532697909804e-08
1.635149375420651090e-08
1.643266228894361494e-08
1.651654394267140243e-08
1.660620775964357184e-08
1.669259949694151527e-08
1.678498230014259310e-08
1.688035477598433645e-08
1.697879080533120438e-08
1.708040215042043247e-08
1.718481790996487068e-08
1.729325520370270198e-08
1.740467960437121588e-08
1.751953625551566278e-08
1.763789436925407872e-08
1.775983053058503503e-08
1.788542507313178986e-08
1.801471321927275976e-08
1.814779098539675593e-08
1.828473025870679939e-08
1.842567796558258531e-08
1.857089460904326866e-08
1.871946337562048187e-08
1.887248676679469862e-08
1.902966987109181900e-08
1.918684556460482787e-08
1.935671960813625025e-08
1.952667699425954822e-08
1.970097812131148146e-08
1.987973899753019373e-08
2.006184099227597953e-08
2.025032343412071375e-08
2.044231182281964213e-08
2.064103185051169432e-08
2.083979257873300453e-08
2.104532822215302466e-08
2.125511483131034222e-08
2.146948269585873868e-08
2.168830429412074905e-08
2.191152506859108237e-08
2.213910125429830568e-08
2.237093771017699889e-08
2.260706908399103335e-08
2.284738207439717557e-08
2.309185675176183754e-08
2.333998463381821487e-08
2.359241743712932310e-08
2.384849170671290727e-08
2.410684842192584163e-08
2.437138408127635192e-08
2.463790714186573880e-08
2.490757725134102074e-08
2.518018934677092293e-08
2.545546935671179497e-08
2.573426409869129157e-08
2.601375285822013910e-08
2.629602728754404612e-08
2.657186568145437229e-08
2.686561502226513140e-08
2.715229362998634094e-08
2.743795581525514913e-08
2.772793476163519537e-08
2.801619339804702953e-08
2.830447970481159274e-08
2.859160767299310676e-08
2.887800536078816545e-08
2.916294905944648758e-08
2.944585355942712919e-08
2.972648476146498051e-08
3.000466060063529855e-08
3.027826262380210479e-08
3.054910379440600362e-08
3.081528335811888870e-08
3.107643068777967348e-08
3.133208217357588935e-08
3.158160856657645260e-08
3.182430772742746427e-08
3.205995003245981908e-08
3.228764936081681346e-08
3.250678582233515608e-08
3.271676364763715793e-08
3.291693606750260559e-08
3.310278318341032279e-08
3.328533777814954278e-08
3.345226268120400479e-08
3.360686712991068560e-08
3.374837648620198028e-08
3.387636113232973157e-08
3.398978512872292491e-08
3.408838964854069777e-08
3.417148607500073560e-08
3.423762393183788679e-08
3.431034277610719003e-08
3.432138535385660354e-08
3.433639212105384909e-08
3.433300259177700212e-08
3.431071726319581579e-08
3.426897252499243520e-08
3.420765737856639141e-08
3.412603675564742504e-08
3.402384759848787929e-08
3.390072517569319715e-08
3.374891057617099908e-08
3.359076427566494407e-08
3.340348957330687696e-08
3.319453002569841335e-08
3.296353494126643491e-08
3.271114779616314426e-08
3.243616853199931906e-08
3.213985082826295565e-08
3.182185228570580574e-08
3.148252367758280333e-08
3.112211261778690294e-08
3.074108180057638612e-08
3.033978347626267706e-08
2.991876330738687218e-08
2.947863777597385005e-08
2.902003413518128888e-08
2.854372769861304799e-08
2.805050511922359497e-08
2.754114982323989046e-08
2.701689414039890950e-08
2.647841591647971998e-08
2.592850450259706189e-08
2.536385300744450720e-08
2.478990779063138483e-08
2.420672725818529913e-08
2.361540413891853826e-08
2.301729586562475959e-08
2.241390227562765763e-08
2.180603957953180243e-08
2.119631348016822473e-08
2.058505278599054058e-08
1.997395600316098130e-08
1.936438423346108427e-08
1.876795455797291031e-08
1.815555758903364824e-08
1.755886685307315796e-08
1.696877548063048154e-08
1.638669308976548573e-08
1.581359736554894250e-08
1.525055253856783538e-08
1.469866948263668849e-08
1.415786586735151744e-08
1.363001861165127528e-08
1.311506759708021161e-08
1.261351545247367854e-08
1.212600471939128113e-08
1.165251398030970083e-08
1.119308470639917534e-08
1.074812940655961794e-08
1.031717948411712472e-08
9.900153158057966032e-09
9.496783673716421544e-09
9.106687713287537990e-09
8.729483673818923255e-09
8.364716027157520317e-09
8.011885395154432955e-09
7.670525631845789176e-09
7.340182291658156584e-09
7.020400630724097352e-09
6.710770442344349254e-09
6.413109987537078568e-09
6.120752916169210947e-09
5.839890318490406923e-09
5.568300913602323192e-09
5.305967209343218397e-09
5.052915903066429975e-09
4.809258442052428738e-09
4.575123412355088160e-09
4.350653510485245434e-09
4.135979236222100651e-09
3.931189470482305300e-09
3.736325850576012163e-09
3.551328518087292487e-09
3.376035972385481244e-09
3.210171706162083642e-09
3.053383031149351445e-09
2.905169862891399910e-09
2.764982028458874264e-09
2.632233361038892728e-09
2.506321419375260886e-09
2.386671701023506259e-09
2.272772293736388337e-09
2.164202412938593263e-09
2.060636186025949936e-09
1.961880968405698530e-09
1.867831686865870181e-09
1.778407676088656899e-09
1.693607697550485559e-09
1.613357163226735269e-09
1.537553628663568093e-09
1.465978587796143380e-09
1.398362425618712347e-09
1.334380414830626483e-09
1.273700926394181843e-09
1.216032528816482271e-09
1.161144035835819550e-09
1.108888562573180917e-09
1.059181369057745080e-09
1.011959207924973474e-09
9.671397321829539026e-10
9.245958475752803136e-10
8.841668031545892043e-10
8.456799498260130057e-10
8.089885120849619794e-10
7.739847217802675072e-10
7.405828938799901230e-10
7.087122486942956303e-10
6.782937389598557982e-10
6.492358519282331203e-10
6.214640199774757290e-10
5.948875721628758121e-10
5.694427349346184381e-10
5.450708879678793426e-10
5.217132974545220310e-10
4.993161785256385812e-10
4.778283459457590864e-10
4.572041585827718684e-10
4.373968194525610230e-10
4.183684574347738393e-10
4.000783669704121862e-10
3.824956669613153319e-10
3.655864394929011012e-10
3.493208189203406230e-10
3.336712907308718232e-10
3.186123928664078792e-10
3.041202931490170140e-10
2.901730309984659319e-10
2.767500352554518312e-10
2.638321559806126820e-10
2.514016658937552657e-10
2.394418204249805765e-10
2.279368635269739646e-10
2.168720097962988967e-10
2.062333518747712314e-10
1.960077332355241506e-10
1.861826195523492757e-10
1.767460758623997655e-10
1.676868232833261355e-10
1.589941080925804111e-10
1.506572817907345442e-10
1.426661492973138411e-10
1.350107647724592894e-10
1.276814562656609501e-10
1.206687409722366897e-10
1.139634666219804678e-10
1.075567908938773709e-10
1.014397946601842575e-10
9.560365902094467558e-11
9.003969019520190223e-11
8.473925692136490269e-11
7.969388808478974183e-11
7.489539111804778833e-11
7.033559210028723644e-11
6.600621173279325942e-11
6.189907304130817399e-11
5.800604881441528514e-11
5.431925260252922214e-11
5.083103082999481726e-11
4.753364472963516402e-11
4.441936834682899569e-11
4.148055116551453338e-11
3.870981798564853875e-11
3.610009362046219862e-11
3.364424777634242374e-11
3.133509142869606708e-11
2.916580981169504703e-11
2.712976101574955630e-11
2.522061358929182705e-11
2.343188736719387226e-11
2.175728912864304153e-11
2.019090828017098253e-11
1.872715054451546068e-11
1.736029868196465143e-11
1.608483901945368149e-11
1.489567359301368600e-11
1.378794903104793860e-11
1.275670462930409033e-11
1.179732523019325986e-11
1.090556798159147514e-11
1.007721099922203320e-11
9.308162627451247653e-12
8.594721339448087810e-12
7.933322663015702166e-12
7.320434424990275649e-12
6.752889066780865839e-12
6.227666115989881907e-12
5.741791714049651077e-12
5.292600667759751784e-12
4.877533793322650634e-12
4.494138538417636162e-12
4.140097742500273689e-12
3.813469836489861630e-12
3.512159491837738321e-12
3.234322854513025049e-12
2.978188411571779909e-12
2.742155602491515650e-12
2.524684978735890298e-12
2.324373931949929465e-12
2.139897823541822910e-12
1.970031608726994925e-12
1.813634794514645029e-12
1.669647549858786233e-12
1.537241295402809818e-12
1.415194678344666864e-12
1.302837580748438902e-12
1.199400123020395225e-12
1.104174832537129880e-12
1.016456099553748644e-12
9.356621664305905237e-13
8.613755335285668981e-13
7.929867356873255453e-13
7.300275828267633508e-13
6.720180874125433255e-13
6.186513478355587045e-13
5.695220230369136429e-13
5.242819782521532652e-13
4.826453555028246895e-13
4.443150439705116248e-13
4.090186997328088631e-13
3.765351851495773741e-13
3.466230306614563738e-13
3.190876815306675021e-13
2.937350703120503116e-13
2.703939084492714571e-13
2.489083964811345284e-13
2.291295888969453531e-13
2.109152970303722114e-13
1.941484006864617827e-13
1.787169027102500044e-13
1.645044529567843372e-13
1.514201185664464995e-13
1.393755953601031130e-13
1.282846434744714739e-13
1.180753652802416202e-13
1.086748114700080770e-13
1.000203289776285454e-13
9.205117984313106965e-14
8.471647257281890938e-14
7.796082571918265128e-14
7.174075695572520218e-14
6.601515022967163489e-14
6.074222460096251004e-14
5.588821944527626865e-14
5.141495516136227724e-14
4.729921295812964309e-14
4.350833190987318386e-14
4.001707151020949126e-14
3.680238758941864036e-14
3.384214746785929414e-14
3.111490435693211994e-14
2.860403411929235896e-14
2.629168416915327036e-14
2.416217879535736140e-14
2.219962450058347070e-14
2.039166261263844394e-14
1.872753437436380185e-14
1.719334394185328150e-14
1.578021432970388459e-14
1.447861989025086980e-14
1.327929725934257905e-14
1.217405025855436648e-14
1.115539672024569427e-14
1.021722520891207783e-14
9.352323080621072479e-15
8.555683835291296670e-15
7.821588831631042073e-15
7.144284185886757988e-15
6.520467693116609230e-15
5.945623679770619653e-15
5.415744669750456344e-15
4.927584339486729526e-15
4.477596419960684631e-15
4.063123844357101773e-15
3.681272382436842145e-15
3.329807308190470285e-15
3.006091450637370461e-15
2.708424803054546204e-15
2.434452501849545421e-15
2.182680788166164691e-15
1.951419938851015489e-15
1.739176564933772385e-15
1.544600523276557828e-15
1.366385191877426221e-15
1.203519097249349944e-15
1.054791013221962683e-15
9.193657917400255604e-16
7.961875714576840709e-16
6.845365171734618872e-16
5.837088751365156123e-16
4.930324755278659736e-16
