# bin_2_2
1.281876099373869317e-08
1.286178385918838946e-08
1.290641227106202823e-08
1.295233677838957126e-08
1.299978818026411008e-08
1.304880751411644076e-08
1.309945260038037144e-08
1.315174933680772944e-08
1.320572752552776490e-08
1.326149712203372585e-08
1.331904576740446131e-08
1.337837201280036708e-08
1.344277142718919505e-08
1.350275122223147851e-08
1.356780411547102358e-08
1.363483720952623749e-08
1.370388970603220244e-08
1.377500002266475798e-08
1.384782846194347564e-08
1.392353854022149476e-08
1.400102107892524543e-08
1.408072315557422862e-08
1.416265911152845228e-08
1.424685076351635259e-08
1.433334405961229667e-08
1.442213148450767369e-08
1.451326395670648056e-08
1.460676810459187337e-08
1.470274083013392945e-08
1.480141507916744267e-08
1.490179503392452735e-08
1.500494478460051747e-08
1.511052685114993425e-08
1.521864249893222797e-08
1.532898855546540727e-08
1.544184612888474248e-08
1.555710950186018868e-08
1.567484257210114266e-08
1.579384974094101234e-08
1.591717324076026616e-08
1.604183128944370281e-08
1.617105159490915290e-08
1.629796064795792561e-08
1.642923657027531471e-08
1.656264313440498397e-08
1.669807337039472142e-08
1.683547473857876639e-08
1.697473327066744175e-08
1.711575535191825481e-08
1.725839103881407413e-08
1.740262639043673043e-08
1.754854974094653640e-08
1.769554368192948536e-08
1.784318523736869399e-08
1.799245757439626877e-08
1.814245070156740568e-08
1.829163647800502354e-08
1.844432130969004808e-08
1.859567673062411330e-08
1.874719734668505543e-08
1.889857194120590647e-08
1.904950422067346627e-08
1.920082547276777161e-08
1.934971445027126927e-08
1.949824482848590884e-08
1.963735604494314143e-08
1.979093591403537506e-08
1.993448657488816439e-08
2.007390435446392988e-08
2.021453722354794018e-08
2.035056911128372758e-08
2.048356617471449886e-08
2.061249215351773123e-08
2.073778239312505404e-08
2.085894976375602159e-08
2.097534111444262189e-08
2.108687606535814648e-08
2.119308008071732206e-08
2.129316470104171359e-08
2.138788878584666870e-08
2.147589235049720285e-08
2.155697252015940258e-08
2.163084746275839947e-08
2.169708765534428620e-08
2.175525957700998589e-08
2.180511734810909744e-08
2.184634059894120742e-08
2.187837997499727266e-08
2.190095109668445960e-08
2.191371351541442457e-08
2.191238046666317388e-08
2.190840963447987065e-08
2.188972617049040928e-08
2.186000755244843819e-08
2.181883498873580386e-08
2.176608060792863904e-08
2.170148715398198048e-08
2.162478917931511369e-08
2.153586934438330694e-08
2.143369533708733002e-08
2.134202836526594087e-08
2.119387155747441623e-08
2.105450887960497482e-08
2.090234475121540364e-08
2.073732134731563484e-08
2.055950959368548120e-08
2.036916103857280209e-08
2.016607505223066953e-08
1.995050968535802170e-08
1.972257845008441489e-08
1.947518603766031609e-08
1.923082097923475681e-08
1.896751699052254147e-08
1.869306444735727265e-08
1.840773673860326078e-08
1.811216295532523839e-08
1.780667594788577301e-08
1.749177191072991606e-08
1.716811316913845213e-08
1.683617172391896253e-08
1.649658105751943412e-08
1.615007096525513052e-08
1.579722960698712466e-08
1.543878244454600559e-08
1.507550892724821554e-08
1.470809753762398894e-08
1.433734300386481919e-08
1.396404039171619461e-08
1.358889086902405483e-08
1.321275170286189191e-08
1.283637093505345668e-08
1.246195218768131265e-08
1.208607062678714812e-08
1.171353772261657684e-08
1.134388751980167095e-08
1.097763034054493638e-08
1.061548677086093909e-08
1.025806452129488209e-08
9.905604368066936423e-09
9.559688726271599637e-09
9.219740615274107596e-09
8.886587514307079292e-09
8.560518920267569636e-09
8.242049276230792499e-09
7.931269468325457604e-09
7.628556861994985973e-09
7.333833861926241767e-09
7.047441028967023937e-09
6.769352883415572270e-09
6.499631540343253129e-09
6.238459713555535085e-09
5.984888916273507651e-09
5.739940202168007705e-09
5.502866252861690148e-09
5.273616953021786827e-09
5.052013197592659983e-09
4.837869903439526105e-09
4.630845754313436576e-09
4.431099011363947279e-09
4.238069056563014073e-09
4.051664802711430556e-09
3.871697653156055778e-09
3.697992718950979561e-09
3.530395946640311727e-09
3.368773857748521048e-09
3.212996662915894356e-09
3.062986533831967166e-09
2.918689579701907444e-09
2.780052183502009250e-09
2.647039425171480966e-09
2.519641843979294327e-09
2.397842945494237368e-09
2.281621247878234384e-09
2.170950352808444797e-09
2.065764569411270740e-09
1.965960756648287501e-09
1.871402605020386169e-09
1.781893602747735637e-09
1.697182098099291540e-09
1.616993011162809544e-09
1.541012555673832229e-09
1.468936899171908807e-09
1.400456248096741560e-09
1.335302703938907687e-09
1.273244236853446833e-09
1.214118016034590453e-09
1.157775680657159320e-09
1.104124832818193922e-09
1.053094196822132585e-09
1.004620626591995512e-09
9.584805893331870898e-10
9.150486289949735463e-10
8.737576987674522705e-10
8.346273926666582381e-10
7.975230196865586875e-10
7.622931155760078208e-10
7.288027450446473137e-10
6.969222411571110701e-10
6.665536771038915693e-10
6.376196319304067215e-10
6.100563319239375763e-10
5.838022424354111545e-10
5.587912377143911241e-10
5.349505009381286447e-10
5.122085261937090751e-10
4.904927866065665509e-10
4.697401495789876290e-10
4.498955915230890762e-10
4.309098776164932272e-10
4.127384458586273974e-10
3.953383161867268586e-10
3.786439269104689650e-10
3.626845633823755721e-10
3.473490518149995471e-10
3.326256629220231343e-10
3.184844719572435171e-10
3.049021117438888359e-10
2.918414004944477581e-10
2.792848588654067390e-10
2.672102419234096133e-10
2.555885060781671687e-10
2.444023643162086060e-10
2.336349563190396752e-10
2.232668246740361325e-10
2.132816768051970702e-10
2.036645355654725688e-10
1.944026378416155209e-10
1.854835722063017748e-10
1.768937255617595708e-10
1.686223011976597562e-10
1.606582291200229985e-10
1.529935190380774779e-10
1.456169516395241582e-10
1.385203765934869297e-10
1.316953752965359460e-10
1.251339610464110530e-10
1.188286253975799083e-10
1.127722833582893095e-10
1.069579727130350684e-10
1.013789515434294075e-10
9.602868601351577674e-11
9.090081054293659670e-11
8.598914919368745368e-11
8.128775236529498412e-11
7.679076180482885511e-11
7.249230533855260980e-11
6.838660348821420445e-11
6.446791941255588344e-11
6.073064797505844222e-11
5.716933599819889756e-11
5.377847672957561358e-11
5.055255356854096095e-11
4.748606987091994714e-11
4.457364546333513719e-11
4.181004725678584924e-11
3.919000343714289545e-11
3.670816262094981036e-11
3.435933691277262500e-11
3.213841048393172101e-11
3.004042223266678916e-11
2.806029924781806988e-11
2.619303253844284551e-11
2.443380260029020250e-11
2.277795665973420581e-11
2.122076263853498071e-11
1.975756864411941331e-11
1.838395254989136882e-11
1.709564087114746380e-11
1.588828785885352242e-11
1.475773691915742050e-11
1.370006364579454730e-11
1.271137687513615009e-11
1.178785039862597902e-11
1.092591665203516283e-11
1.012212199977256899e-11
9.373034105193147364e-12
8.675476245157030747e-12
8.026397833142736229e-12
7.422788972232583587e-12
6.861876359290849981e-12
6.340988323946792555e-12
5.857539668788163915e-12
5.409093643815423413e-12
4.993442466382298680e-12
4.608356544871538760e-12
4.251801487295958381e-12
3.921809753649375141e-12
3.616575574755320737e-12
3.334358234772171732e-12
3.073550764752753698e-12
2.832626367343531175e-12
2.610160397530086034e-12
2.404817046268681718e-12
2.215344358286173760e-12
2.040574241703288880e-12
1.879415693678632066e-12
1.730846674918034944e-12
1.593921598234700094e-12
1.467751512513943270e-12
1.351441454836754833e-12
1.244382621628718679e-12
1.145781588578288795e-12
1.054980966743362391e-12
9.713665457890704415e-13
8.943739192200062002e-13
8.234809185555319445e-13
7.582047721295286530e-13
6.981005964052034833e-13
6.427588909720980363e-13
5.918032300203067683e-13
5.448848584434262808e-13
5.016845345730897954e-13
4.618648539446098576e-13
4.252363370942307204e-13
3.915099461850623881e-13
3.604569834916193077e-13
3.318647243223568329e-13
3.055389505831855341e-13
2.812998739877502477e-13
2.589856075520595579e-13
2.384341284470303233e-13
2.195158717659631384e-13
2.020971508384814303e-13
1.860592021404353878e-13
1.712933329468854976e-13
1.576912274149928328e-13
1.451736087866307216e-13
1.336488516037078818e-13
1.230390247147791142e-13
1.132647155294940087e-13
1.042680485593723615e-13
9.598471893961497044e-14
8.835519073498271188e-14
8.132934344369889670e-14
7.486307178663851848e-14
6.890845311953480635e-14
6.342492010104333201e-14
5.837548363457863098e-14
5.372584848817804981e-14
4.944613763988135027e-14
4.550306931403831129e-14
4.187335639528486866e-14
3.853053786850685071e-14
3.545142428503170720e-14
3.261653053027550396e-14
3.000530277876898548e-14
2.760112116534496543e-14
2.538660402429889637e-14
2.334656825764346319e-14
2.146791306721165521e-14
1.973789113355296556e-14
1.814427700473542987e-14
1.667541704113505689e-14
1.532347308440890645e-14
1.407768253181965042e-14
1.292972101103595700e-14
1.187201882048764403e-14
1.089770929950844210e-14
1.000035510138276662e-14
9.172944468213708394e-15
8.410813726841313385e-15
7.708591056407379823e-15
7.061281591414649217e-15
6.464875827823293942e-15
5.915125045754748628e-15
5.408556523867395623e-15
4.941765722891764313e-15
4.511515158029113539e-15
4.115142099859980015e-15
3.749803275176452914e-15
3.413277094501119087e-15
3.103104308906381901e-15
2.817615112016720845e-15
2.554712966105145526e-15
2.312689414213702324e-15
2.089969384330072923e-15
1.885053019521739253e-15
1.696655637653297406e-15
1.523727699339217793e-15
1.364944842383421509e-15
1.219403012911409998e-15
1.086072346065297771e-15
9.641546819364529974e-16
8.527947639600875915e-16
7.513088101785565872e-16
6.590231711543894951e-16
5.753036315075608543e-16
4.995348177564435677e-16
4.312511473796338252e-16
3.698884318075357453e-16
3.149779615314685930e-16
2.660233228928392463e-16
2.225809014760431081e-16
1.841322981840332735e-16
1.502375321204670399e-16
1.207080264887608605e-16
9.526439353179456950e-17
7.356638503601916991e-17
5.533814383895952810e-17
4.031744412348425341e-17
