# bin_3_3
7.042006562069644176e-12
7.087267458888083241e-12
7.134302637919278699e-12
7.183181278934507225e-12
7.233975231997485429e-12
7.286759113555344566e-12
7.341610393371282830e-12
7.398609505901263434e-12
7.457839969585484568e-12
7.519388508897756752e-12
7.583345172629669562e-12
7.649803469416425413e-12
7.718860512205310022e-12
7.790617117437450899e-12
7.865177925746803769e-12
7.942651579909682450e-12
8.023150884444207717e-12
8.106792914712998639e-12
8.193699106380169271e-12
8.283995490577319545e-12
8.377812884737340219e-12
8.475287095445328139e-12
8.576559033284872391e-12
8.681774877585526336e-12
8.791086330836661279e-12
8.904650817007398128e-12
9.022631493783044967e-12
9.145197595719864261e-12
9.272524742111727061e-12
9.404795047945011983e-12
9.542197327015612510e-12
9.684927429362981245e-12
9.833188339928266920e-12
9.987190384081482046e-12
1.014715165985320156e-11
1.031329816535572458e-11
1.048586407249466566e-11
1.066509204189599291e-11
1.085123334178265806e-11
1.104454827326529001e-11
1.124530641630091856e-11
1.145378688472651715e-11
1.167027861531852326e-11
1.189508057708936469e-11
1.212850214129485695e-11
1.237086339011763526e-11
1.262249520422429349e-11
1.288373988597957027e-11
1.315495122604858603e-11
1.343649486997625690e-11
1.372874858048553187e-11
1.403210246173047380e-11
1.434695938400461800e-11
1.467373519411001571e-11
1.501285884269619154e-11
1.536477258339372362e-11
1.572993240354028130e-11
1.610880787557851336e-11
1.650188293861190486e-11
1.690965509755351081e-11
1.733263718391027115e-11
1.777135533174492446e-11
1.822635178078928160e-11
1.869818143472604802e-11
1.918741559601825114e-11
1.969463812825027688e-11
2.022044822649463633e-11
2.076545943956075200e-11
2.133029815078433023e-11
2.191560518002144898e-11
2.252203262705901714e-11
2.315024566625319122e-11
2.380092136531008714e-11
2.447474722808453399e-11
2.517242110438900470e-11
2.589464971687274245e-11
2.664214728314049844e-11
2.741563421541281514e-11
2.821583491791747538e-11
2.904347561182995629e-11
2.989928304791540100e-11
3.078398229707377505e-11
3.169829380161849035e-11
3.264293089778210123e-11
3.361859649274494440e-11
3.462597954329417116e-11
3.566575136233005391e-11
3.673856211468095107e-11
3.784503641580777815e-11
3.898576821678740350e-11
4.016131592157144909e-11
4.137219731679510122e-11
4.261888411052734933e-11
4.390179804374365244e-11
4.522130718235901483e-11
4.657771618923180378e-11
4.797125091428804431e-11
4.940205250330270372e-11
5.087017845208139236e-11
5.237559785491335052e-11
5.391818185204615588e-11
5.549769321773669286e-11
5.711377192751960749e-11
5.876592212685983654e-11
6.045351300064994492e-11
6.217577890355187641e-11
6.393180044159706286e-11
6.572051063152394137e-11
6.754073750104056354e-11
6.939104075628584279e-11
7.126917374741984866e-11
7.317188740259031775e-11
7.509571267806218914e-11
7.703719975462450872e-11
7.899230400635945710e-11
8.095856505808047658e-11
8.293775698171883437e-11
8.493227876209612357e-11
8.694041404808476410e-11
8.895780686642831222e-11
9.098046845188325386e-11
9.300426934889598481e-11
9.502387435170928551e-11
9.703382522333216519e-11
9.902930679519729243e-11
1.010054403154508323e-10
1.029569714397910473e-10
1.048784623751233008e-10
1.067642418009130144e-10
1.086083522623184939e-10
1.104046512860607478e-10
1.121468428394969130e-10
1.138284937170981875e-10
1.154428809454368596e-10
1.169824190005456808e-10
1.184383203058937619e-10
1.198008377026524239e-10
1.210598806399638440e-10
1.222058223268683701e-10
1.232298457282804476e-10
1.241230597486062304e-10
1.248769068600551194e-10
1.254825360699597110e-10
1.259309795673659493e-10
1.262133111961576893e-10
1.263212776985470643e-10
1.262477007897280398e-10
1.259861958801353745e-10
1.255308959862418461e-10
1.248763429232695647e-10
1.240178048037003162e-10
1.229518089515145272e-10
1.216763308747941379e-10
1.201907759778190059e-10
1.184961524965777502e-10
1.165954736348945764e-10
1.144942380092448297e-10
1.122008028394395797e-10
1.097266132598976621e-10
1.070861857169948333e-10
1.042968926182262662e-10
1.013787128390890627e-10
9.835390404752225631e-11
9.524690794077215498e-11
9.208419946146573085e-11
8.889389703568248771e-11
8.570502633993384555e-11
8.254678764046191017e-11
7.944773907801370530e-11
7.643484309758164262e-11
7.353318020671926326e-11
7.076570678669924105e-11
6.815214792899955091e-11
6.570721002827125324e-11
6.343821641897497457e-11
6.134362659230637824e-11
5.941336938624061768e-11
5.762974703360067260e-11
5.596811707104816517e-11
5.439770493828497295e-11
5.288292933421696936e-11
5.138481125524790336e-11
4.986283292446007963e-11
4.827821076595919921e-11
4.659803403983674870e-11
4.479961594122103784e-11
4.287437307467487416e-11
4.083074076481272287e-11
3.869467829230432547e-11
3.650775347341065142e-11
3.432335878478414610e-11
3.220131815485012435e-11
3.020092952444464754e-11
2.837300439582712956e-11
2.675140457744984271e-11
2.534664228802698921e-11
2.414238592366435227e-11
2.309867136941488554e-11
2.215735906886547578e-11
2.125486844890053661e-11
2.033604117350324023e-11
1.936547574502241236e-11
1.833486666150745506e-11
1.726424327009069097e-11
1.619497085239312368e-11
1.517514992303870991e-11
1.424424933282807909e-11
1.342049360988789849e-11
1.269805741115348874e-11
1.205003661551532484e-11
1.144178416677561108e-11
1.084541698659694932e-11
1.025070099531238454e-11
9.664847226018336452e-12
9.104382307487714172e-12
8.583964369588990964e-12
8.107659272428387760e-12
7.669394813146992816e-12
7.258332685545446699e-12
6.866730011697849852e-12
6.493430085829880115e-12
6.140933781044437670e-12
5.811413500593309607e-12
5.503581342807469727e-12
5.214351347437036067e-12
4.941943253888172265e-12
4.685946834674991237e-12
4.445842633348577077e-12
4.220469380450158691e-12
4.008326967944567425e-12
3.808790276569736496e-12
3.621440270264934359e-12
3.445541454271471732e-12
3.279879401408026609e-12
3.123783826112863705e-12
2.976922556797965820e-12
2.838655342208353726e-12
2.708130758649109256e-12
2.584846731958648386e-12
2.468391807599549389e-12
2.358250875473623579e-12
2.253972532857560074e-12
2.155189646197279904e-12
2.061529527617757775e-12
1.972626521617088032e-12
1.888148831894074530e-12
1.807787361602257818e-12
1.731251432091982761e-12
1.658275607678503120e-12
1.588617044995127208e-12
1.522052840423533746e-12
1.458378618834090000e-12
1.397407359563967745e-12
1.338968090675121881e-12
1.282904649064189706e-12
1.229074300048696816e-12
1.177346533795248723e-12
1.127602254744999857e-12
1.079732948779602414e-12
1.033639725018438564e-12
9.892325043587713346e-13
9.464293386924598738e-13
9.051557038169951432e-13
8.653438115652447163e-13
8.269319860702938678e-13
7.898640836698186968e-13
7.540889471203360634e-13
7.195598971196645727e-13
6.862342667385227665e-13
6.540729729504449166e-13
6.230401227394172792e-13
5.931026542583062874e-13
5.642300081411675385e-13
5.363938296503395157e-13
5.095676963615236988e-13
4.837268720666089485e-13
4.588480808903234638e-13
4.349093029171816383e-13
4.118895835543324122e-13
3.897688603221426143e-13
3.685277974379600068e-13
3.481476352718349690e-13
3.286100443818421687e-13
3.098969909852465492e-13
2.919906105174639051e-13
2.748730869270240300e-13
2.585265476464839892e-13
2.429329651136646539e-13
2.280740744740797239e-13
2.139313043302801028e-13
2.004857260861359484e-13
1.877180192284951806e-13
1.756084553970566932e-13
1.641369008173205561e-13
1.532828354864492268e-13
1.430253886025290259e-13
1.333433887668974891e-13
1.242154266563854137e-13
1.156199265477651881e-13
1.075352239133272498e-13
9.993964718088907002e-14
9.281160034012264263e-14
8.612964685519023164e-14
7.987259019735822359e-14
7.401954830728218863e-14
6.855002568202077502e-14
6.344398081346414716e-14
5.868187028240161435e-14
5.424469042528489062e-14
5.011362071910165020e-14
4.627224535784111579e-14
4.270345913897676779e-14
3.939172231355910437e-14
3.632268827079074202e-14
3.348272045157795591e-14
3.085812699103008680e-14
2.843513345811639462e-14
2.620008572984443672e-14
2.413956896597248849e-14
2.224049141530965232e-14
2.049058978393417631e-14
1.887825670548733442e-14
1.739273342916293406e-14
1.602407262822565421e-14
1.476309401917169596e-14
1.360133062718060675e-14
1.253097907055945396e-14
1.154484959111049203e-14
1.063631876628449301e-14
9.799281063768079270e-15
9.028112963816685119e-15
8.317632082590726347e-15
7.663063321506790313e-15
7.060007490579336858e-15
6.504410968098166938e-15
5.992539043742016452e-15
5.520950776810596475e-15
5.086475772434811042e-15
4.686193543155311765e-15
4.317412918918759186e-15
3.977654684689927376e-15
3.664634748727755585e-15
3.376248598589036918e-15
3.110557912967690568e-15
2.865776363270525866e-15
2.640258396529985791e-15
2.432487740040443541e-15
2.241068143370708268e-15
2.064712556568192678e-15
1.902235452569840571e-15
1.752544331530374068e-15
1.614633503576752271e-15
1.487575599967335448e-15
1.370516153785965682e-15
1.262669024094759277e-15
1.163308861564012761e-15
1.071767761930245475e-15
9.874299505696184764e-16
9.097294187380615757e-16
8.381433984916110037e-16
7.721901251126312013e-16
7.114274682485231614e-16
6.554463733433240528e-16
6.038698109156830395e-16
5.563526444945815266e-16
5.125737241087526253e-16
4.722407766507988441e-16
4.350816678332859002e-16
4.008454553281848477e-16
3.693044814181072326e-16
3.402444375291501090e-16
3.134711702706932119e-16
2.888040437932165030e-16
2.660795669911065259e-16
2.451413097951153067e-16
2.258525950935491293e-16
2.080805101135889720e-16
1.917056142221461585e-16
1.766203805337183201e-16
1.627221704117745587e-16
1.499175833201106882e-16
1.381205891283677719e-16
1.272507679045353238e-16
1.172362469306344087e-16
1.080098540778284973e-16
9.950964460334157357e-17
9.167779077728673436e-17
8.446215614590656391e-17
7.781402474992615410e-17
7.168817554105865013e-17
6.604470942111345527e-17
6.084483945675496561e-17
5.605476245926452850e-17
5.164051799167991104e-17
4.757356988103102414e-17
4.382698813347792679e-17
4.037548270906721033e-17
3.719596044839597665e-17
3.426689941726904464e-17
3.156822959300651732e-17
