# bin_4_2
2.281171772240566954e-12
2.292814654957087888e-12
2.304895443784522268e-12
2.317460408960169767e-12
2.330497531223503365e-12
2.344034669808212126e-12
2.358090539106469981e-12
2.372978024466381186e-12
2.387836350095084941e-12
2.403567603435474807e-12
2.419899017840567683e-12
2.436853095288498617e-12
2.454451730939146391e-12
2.472721330127965194e-12
2.491685070960697984e-12
2.511368386747876647e-12
2.531798866960150518e-12
2.552999251161986103e-12
2.575002458572089282e-12
2.597836152403366771e-12
2.621530349842773320e-12
2.646115952397285861e-12
2.671624919721493430e-12
2.698090304506387928e-12
2.725550822171857273e-12
2.754027043301641288e-12
2.783571647912510129e-12
2.814217642820643347e-12
2.846020007943202189e-12
2.878961490044820078e-12
2.913141652354986827e-12
2.948583378113519006e-12
2.985330206172329519e-12
3.023426838416414705e-12
3.062918933022439266e-12
3.103853588216840856e-12
3.145409794197426058e-12
3.190246840545852140e-12
3.235815826020852202e-12
3.283013825867770977e-12
3.331917824021109455e-12
3.382575882299000885e-12
3.435046956383606682e-12
3.489382003701406013e-12
3.545648263344644049e-12
3.603897747965399373e-12
3.664207582399311533e-12
3.726611605180776898e-12
3.791202661928568208e-12
3.858030082374807424e-12
3.927168118951584926e-12
3.998679120047323918e-12
4.072631759872818225e-12
4.149095828461232032e-12
4.228139671183548607e-12
4.309837940069356836e-12
4.394254658677295918e-12
4.481468079712782767e-12
4.571547631812701617e-12
4.664567032469696683e-12
4.760598514361084566e-12
4.859716441796609332e-12
4.961992540824844591e-12
5.067497814837467326e-12
5.176304521453059483e-12
5.288484767680460138e-12
5.404105643363658784e-12
5.523237397339717997e-12
5.645946876417464456e-12
5.772296322029507835e-12
5.902351248807997701e-12
6.036178137875197866e-12
6.173820729027612737e-12
6.315345138088321472e-12
6.460815174693968994e-12
6.610252077618735494e-12
6.763712117242616285e-12
6.921237998115383840e-12
7.082795352831323937e-12
7.248619936083529366e-12
7.418526246888000478e-12
7.592606608365200343e-12
7.770849551330836969e-12
7.953275209859433373e-12
8.139876155609956732e-12
8.330833106209339238e-12
8.525484481959469844e-12
8.724455630537574408e-12
8.927469523458943792e-12
9.134466468860007078e-12
9.345432681395911981e-12
9.560151173064883339e-12
9.778673236275109722e-12
1.000086934347298477e-11
1.022673083660902476e-11
1.045575268797535874e-11
1.068819167012678465e-11
1.092363444985227447e-11
1.116191093333416352e-11
1.140305443610212626e-11
1.164654658661543892e-11
1.189225516807768179e-11
1.213982714211719167e-11
1.238895787804943580e-11
1.263936688991555107e-11
1.289077148287540128e-11
1.314282349799137680e-11
1.339522265235081687e-11
1.364748604163224313e-11
1.389916114957895596e-11
1.414989307902509455e-11
1.439947890179885906e-11
1.464762045933583868e-11
1.481318243020504964e-11
1.513737465897775026e-11
1.537792767412095536e-11
1.561497802550707327e-11
1.584798936655604887e-11
1.607639000994035011e-11
1.629961295048753486e-11
1.651716192033130596e-11
1.672844529704564769e-11
1.693283716925380606e-11
1.712961034823031125e-11
1.731831756863715252e-11
1.749836238903234354e-11
1.766908015508220673e-11
1.782972633718683672e-11
1.797957191390238314e-11
1.811782319645809811e-11
1.824378461594360285e-11
1.835670846135762921e-11
1.845583680614758452e-11
1.854041951845240703e-11
1.860977801256173477e-11
1.866322141617664306e-11
1.870007051731828890e-11
1.871967749226020574e-11
1.872139154992222699e-11
1.870460892791112443e-11
1.866879645352470075e-11
1.861346777018542774e-11
1.853819862102573110e-11
1.844260547728152460e-11
1.832630645570906656e-11
1.818902295282036647e-11
1.803057271311490895e-11
1.785093119515813669e-11
1.765013953201351001e-11
1.742836818701719324e-11
1.718589990861145348e-11
1.692313700945616035e-11
1.664071321944774798e-11
1.633940448295195035e-11
1.602022510331888195e-11
1.568441584983615922e-11
1.533335717681677336e-11
1.496860587251795573e-11
1.459190465932466236e-11
1.420513586277276910e-11
1.381037291247100376e-11
1.340982131753851570e-11
1.300575456080088237e-11
1.260047269650173714e-11
1.219625160443725527e-11
1.179531756382482030e-11
1.139981114687233310e-11
1.101170588953594088e-11
1.063270793727886920e-11
1.026408919910259192e-11
9.906724933898545724e-12
9.561033891529726602e-12
9.227014511328723622e-12
8.904261227062018860e-12
8.592030135634868239e-12
8.289260073916902110e-12
7.994730401673384796e-12
7.707151513624576273e-12
7.425291294542102074e-12
7.148125313762922917e-12
6.874991403202930141e-12
6.605578318796346196e-12
6.340010715037524527e-12
6.078618606607854576e-12
5.821961069668107850e-12
5.570716645511978914e-12
5.325571694187643030e-12
5.087103702770400455e-12
4.855679858322084489e-12
4.631398472100618624e-12
4.414084299495755633e-12
4.203384163252888432e-12
3.998828782022179301e-12
3.800107126593599404e-12
3.607139107513969948e-12
3.420193889770426213e-12
3.239893693802106878e-12
3.067137286613420554e-12
2.902918837598311354e-12
2.748117501460210038e-12
2.603262972929424813e-12
2.468323672362052595e-12
2.342675573180532374e-12
2.225059636150574389e-12
2.113835966192587467e-12
2.007306800998999543e-12
1.904162181381123156e-12
1.803851968881254902e-12
1.706580280553693603e-12
1.613030959182319315e-12
1.523998254420164981e-12
1.440047347661216079e-12
1.361453004820790975e-12
1.288177473627969721e-12
1.219976741739089353e-12
1.156425491054811481e-12
1.096834989963427808e-12
1.040428118785294687e-12
9.864373103896320856e-13
9.345714856688056702e-13
8.850344411237375592e-13
8.382836236590626899e-13
7.946702520826700638e-13
7.541384147177850687e-13
7.163099650659049531e-13
6.806296226097434645e-13
6.466896056385381542e-13
6.143575984213223147e-13
5.837229563877825728e-13
5.549815563556574939e-13
5.280934102684209711e-13
5.027970837152741572e-13
4.788268233817016839e-13
4.560325101835679998e-13
4.344464510509114124e-13
4.141029445522289350e-13
3.948956148284404758e-13
3.766951481938901364e-13
3.594247059616428269e-13
3.430361900984111297e-13
3.274904713531629029e-13
3.127324021436467297e-13
2.986978836963177147e-13
2.853427601730400164e-13
2.726325782321046871e-13
2.605236529430162496e-13
2.489736083564257394e-13
2.379497152805376362e-13
2.274225701737738987e-13
2.173629929062882266e-13
2.077434084026542442e-13
1.985380930685209772e-13
1.897230981357081161e-13
1.812767815674848548e-13
1.731796351950130008e-13
1.654140032489387952e-13
1.579616494700715002e-13
1.508076117732247206e-13
1.439377027307885882e-13
1.373387386648179284e-13
1.309984933224561060e-13
1.249057277695745440e-13
1.190500699384034511e-13
1.134218928170382322e-13
1.080122658056965360e-13
1.028128935656361610e-13
9.781593728910975877e-14
9.301445811832454613e-14
8.840159825940740149e-14
8.397105439603697147e-14
7.971689847416178872e-14
7.563353687361356761e-14
7.171567212651110572e-14
6.795826722359310471e-14
6.435651300034466876e-14
6.090579831055680651e-14
5.760167901181308104e-14
5.443986993708269224e-14
5.141619754806430100e-14
4.852659783713898737e-14
4.576709500407966935e-14
4.313378675692670651e-14
4.062283208413895386e-14
3.823044151942675783e-14
3.595286939803484819e-14
3.378644522420982866e-14
3.172741438338126863e-14
2.977218682836012985e-14
2.791714714569713312e-14
2.615871752200011230e-14
2.449335376794960735e-14
2.291754800407916009e-14
2.142783087321756246e-14
2.002077394287508778e-14
1.869299443072329321e-14
1.744115503431995822e-14
1.626198847082084614e-14
1.515227183744485907e-14
1.410885261040375243e-14
1.312864677751156100e-14
1.220863559666554523e-14
1.134590377014523653e-14
1.053759514979830007e-14
9.780960338830956476e-15
9.073310387967133689e-15
8.412085567815546922e-15
7.794759086106475080e-15
7.218937359847502338e-15
6.682315683113061352e-15
6.182663243132679832e-15
5.717847908366498619e-15
5.285780861731265222e-15
4.884463060718107118e-15
4.511987715817086936e-15
4.166529839769709720e-15
3.846353218283077456e-15
3.549803544230464184e-15
3.275323291772902506e-15
3.021429664818804106e-15
2.786710536766400948e-15
2.569853157195961531e-15
2.369612756698082026e-15
2.184814312226982449e-15
2.014335192834250609e-15
1.857092181347662331e-15
1.712074533638847924e-15
1.578339992769207389e-15
1.455020882500180416e-15
1.341313125041312968e-15
1.236478869055658884e-15
1.139828946320874634e-15
1.050720838509169729e-15
9.685805087785397650e-16
8.928624587790062462e-16
8.230641383710112544e-16
7.587214412062857341e-16
6.994126261282601057e-16
6.447421059794822564e-16
5.943471234672895171e-16
5.478910257261680854e-16
5.050699401135291656e-16
4.655973244365100496e-16
4.292089475016442514e-16
3.956680636908004577e-16
3.647496508545023412e-16
3.362465499384732581e-16
3.099726373386510293e-16
2.857534055382095104e-16
2.634270026611226412e-16
2.428455120250790728e-16
2.238734619926553451e-16
2.063837913327438873e-16
1.902612274941076135e-16
1.753986870182730804e-16
1.616976636388848209e-16
1.490671311151991510e-16
1.374234267306239312e-16
1.266900026786761009e-16
1.167947128908292386e-16
1.076725993446882491e-16
9.926284104337736425e-17
9.150975100328852439e-17
8.436249307680613201e-17
7.777341512691409310e-17
7.169921958990316813e-17
6.609848169262462185e-17
6.093477324862429268e-17
5.617423538464942578e-17
5.178530458213653938e-17
4.773882425261969601e-17
4.400844521658194213e-17
4.056910888689182103e-17
3.739811317760087742e-17
3.447461378142308828e-17
3.177921436630033262e-17
2.929379536387609310e-17
2.700216933939858910e-17
2.488901667987770861e-17
2.294042554463645626e-17
2.114354390788041814e-17
1.948655365819119827e-17
1.795837731051760671e-17
1.654900086198273703e-17
1.524927080119350693e-17
1.405051632081438663e-17
1.294480648031712979e-17
1.192486752041847053e-17
1.098395375729348602e-17
1.010657002311576984e-17
9.306345350177861765e-18
8.567902907071380087e-18
7.886667952758588612e-18
7.258079311610851402e-18
6.678383095854591488e-18
6.144590649395300648e-18
5.653144180645171868e-18
5.200454202983625597e-18
4.783642078552680481e-18
4.399285189274149305e-18
4.044464496459012869e-18
