# bin_3_2
3.426565769974963802e-12
3.448261900391975747e-12
3.470804194997533677e-12
3.494225340319963600e-12
3.518559269181812600e-12
3.543841187687158754e-12
3.570098327665530299e-12
3.597386560747987354e-12
3.625736091412103472e-12
3.655187622486836417e-12
3.685783384791534418e-12
3.717567180730860629e-12
3.750584400725738375e-12
3.784894037994533190e-12
3.820521579719574367e-12
3.857529219792470297e-12
3.895969614182913685e-12
3.935897297810380901e-12
3.977368498820482439e-12
4.020441475829489110e-12
4.065158024517840226e-12
4.111617095296926238e-12
4.159866248569746944e-12
4.209972920517846479e-12
4.262006888998704001e-12
4.316040256775266354e-12
4.372147802794983561e-12
4.430407136980519129e-12
4.490898360245530593e-12
4.553704167331235865e-12
4.618910479151860648e-12
4.686606227800979161e-12
4.756882819522545933e-12
4.829835140975454240e-12
4.905561520236409047e-12
4.984162828227861561e-12
5.065743877041656635e-12
5.150412981730346737e-12
5.238281484934837615e-12
5.329464929283570764e-12
5.424100141171621650e-12
5.522273657256775282e-12
5.624130973785090537e-12
5.729783874369887557e-12
5.839403126808423336e-12
5.953109114128814509e-12
6.071067980437358607e-12
6.193381708129975935e-12
6.320222664389892246e-12
6.451745962609424061e-12
6.588110962054834291e-12
6.729481126032126687e-12
6.876024555270921504e-12
7.027913867177167867e-12
7.185325818549663812e-12
7.348441126176751644e-12
7.517445061523951130e-12
7.692526289273772114e-12
7.873878832837035570e-12
8.061698803813104699e-12
8.256189202535442394e-12
8.457552757338814266e-12
8.666000682677307235e-12
8.881741490290729802e-12
9.104992774387101522e-12
9.335968875154486086e-12
9.574889817197462269e-12
9.821978544164170994e-12
1.007745711771471552e-11
1.034155327709069493e-11
1.061449089427519168e-11
1.089649582087516036e-11
1.118779316233387174e-11
1.148860486149405075e-11
1.179915237782819193e-11
1.211965490213416350e-11
1.245032798828013509e-11
1.279138321141412209e-11
1.314302540100850539e-11
1.350545100591695030e-11
1.387884802780486732e-11
1.426339498344138332e-11
1.465925960510242812e-11
1.506659829158158931e-11
1.548555281267843756e-11
1.591624818126288968e-11
1.635879122062496895e-11
1.681327122920679685e-11
1.714545448589070919e-11
1.762027727163875376e-11
1.810679003559272331e-11
1.875160867838964272e-11
1.926636224250309126e-11
1.979310660660124088e-11
2.017153687052091322e-11
2.071697045633840855e-11
2.144409922746812866e-11
2.201741631068094703e-11
2.260179691054297096e-11
2.319691504769105057e-11
2.380239419886536379e-11
2.441779579327379904e-11
2.504260368044468015e-11
2.567620261710073846e-11
2.631789457828381622e-11
2.696694175072229548e-11
2.762256591891410707e-11
2.828388108502311253e-11
2.894980167837387287e-11
2.961904900205357657e-11
3.029038319106634059e-11
3.096284642960458473e-11
3.163584577774246272e-11
3.230912117622958160e-11
3.298230355139597609e-11
3.365438076688967612e-11
3.432376578096701361e-11
3.498864841997986455e-11
3.564717229970896205e-11
3.629756761330598677e-11
3.693817744815265707e-11
3.756724624322405081e-11
3.818285580442486529e-11
3.878309596452732022e-11
3.936607405185865789e-11
3.992979381704966121e-11
4.047214744162146244e-11
4.099096477322029262e-11
4.148404706445607035e-11
4.194915464344789216e-11
4.238395615134477361e-11
4.278578319290781533e-11
4.315222939396729611e-11
4.348029161931807460e-11
4.376714170984308964e-11
4.401010014966646500e-11
4.420670236335833963e-11
4.435461660162740347e-11
4.445154049857923947e-11
4.449515799548096172e-11
4.448320312065152234e-11
4.441357510854707376e-11
4.428445135306679187e-11
4.409432785408545348e-11
4.384195295957143479e-11
4.352629168184251201e-11
4.314653673235382080e-11
4.270219724859110984e-11
4.219319812815260717e-11
4.161998497256193298e-11
4.098352544188912711e-11
4.028532631640485012e-11
3.952752480858317250e-11
3.871296434198739378e-11
3.784590518475522155e-11
3.692967026596731035e-11
3.597015238768813747e-11
3.497337891751019737e-11
3.394602217916861388e-11
3.289531759029235278e-11
3.182900899270674665e-11
3.075526974841268274e-11
2.968257157052230020e-11
2.861948427154006908e-11
2.757439286228406430e-11
2.655522213063911685e-11
2.556920336701106871e-11
2.462269901648446431e-11
2.372103562509654988e-11
2.286816504516376562e-11
2.206621295211799356e-11
2.131507023422552649e-11
2.061217431525376814e-11
1.995263906812682579e-11
1.932965000849325237e-11
1.873488187439259508e-11
1.815892768027740011e-11
1.759176943458249677e-11
1.702335286304315009e-11
1.644432078474093462e-11
1.584692454351202087e-11
1.522592865527499454e-11
1.457943390505205652e-11
1.390943753376743386e-11
1.322194935961502450e-11
1.252655573060597330e-11
1.183545824997791809e-11
1.116217417481147135e-11
1.052003484195514704e-11
9.920602152949323768e-12
9.371959523274595059e-12
8.877640899202981833e-12
8.435711214889712776e-12
8.038972589085673634e-12
7.676190926419592543e-12
7.334233839619500610e-12
7.000680409630033705e-12
6.666317598176046595e-12
6.326958148345134788e-12
5.983994311525095650e-12
5.643610631876045045e-12
5.314697224151716160e-12
5.005932154058499360e-12
4.723039649596829662e-12
4.467070041525680327e-12
4.234371536955261923e-12
4.018267599652661923e-12
3.811790252269834896e-12
3.610511502321206718e-12
3.413781829230523824e-12
3.224250410939871888e-12
3.045666538426481370e-12
2.880363801468872667e-12
2.728010355558198530e-12
2.586148691011274558e-12
2.452039721779044688e-12
2.324129196095666772e-12
2.202492274708962418e-12
2.087893817711650320e-12
1.980648635546403833e-12
1.880247448737990101e-12
1.785783262215631578e-12
1.696582611174334541e-12
1.612495719895263868e-12
1.533465223802640309e-12
1.459216061458237372e-12
1.389308067917528703e-12
1.323316766247591049e-12
1.261013979345229809e-12
1.202312841073117905e-12
1.147008409816180463e-12
1.094804962376442296e-12
1.045448949421801108e-12
9.987323433733994359e-13
9.545039259529919019e-13
9.126221563362392693e-13
8.729047682371424391e-13
8.351880863223265488e-13
7.993541987646267809e-13
7.652845403139728624e-13
7.328521718679691608e-13
7.019432725113945207e-13
6.724572813393894163e-13
6.443003139729888196e-13
6.173850038113250434e-13
5.916303435724518923e-13
5.669618130470688790e-13
5.433113883373148145e-13
5.206170314938542580e-13
4.988224192201180560e-13
4.778760835698994561e-13
4.577290580277813485e-13
4.383409866169310715e-13
4.196706436630638286e-13
4.016822887779541805e-13
3.843433523385799168e-13
3.676238174347018304e-13
3.514963945033572723e-13
3.359363574560775455e-13
3.209211302631476359e-13
3.064300120960513108e-13
2.924441010766177824e-13
2.789461279886854660e-13
2.659202373041280613e-13
2.533518307663298888e-13
2.412274457583057827e-13
2.295346267750177419e-13
2.182618048355157035e-13
2.073981913955421872e-13
1.969336795718199512e-13
1.868587532521935702e-13
1.771644033512128107e-13
1.678420511830612293e-13
1.588834664553259909e-13
1.502807400313317224e-13
1.420261617049503689e-13
1.341122023794177515e-13
1.265314498295178900e-13
1.192765584548417982e-13
1.123402036709951642e-13
1.057150401196534500e-13
9.939366592424418772e-14
9.336859199552531441e-14
8.763221795833868366e-14
8.217681406216115617e-14
7.699450987993427613e-14
7.207728995018455973e-14
6.741699588743584973e-14
6.300533527503706308e-14
5.883389539626639018e-14
5.489416283105253299e-14
5.117754638481728263e-14
4.767540263086423924e-14
4.437906475063044708e-14
4.127987378140399816e-14
3.836920844155739643e-14
3.563851615477822894e-14
3.307934411467704515e-14
3.068336811859514069e-14
2.844241909968171649e-14
2.634850718682823167e-14
2.439392980457261646e-14
2.257095748603808327e-14
2.087234020830923465e-14
1.929103423688658594e-14
1.782025641790502016e-14
1.645350596619806923e-14
1.518458391818572681e-14
1.400762170176887139e-14
1.291708051244135288e-14
1.190771873941428220e-14
1.097451488686723695e-14
1.011256300617129657e-14
9.317040770751675076e-15
8.583251740064424371e-15
7.906677732787734785e-15
7.283042429773863228e-15
6.708339347860727337e-15
6.178818160693423747e-15
5.690976912166287576e-15
5.241574976543037553e-15
4.827613788798909253e-15
4.446318304122455694e-15
4.095122409492959388e-15
3.771653672946072632e-15
3.473725170282879433e-15
3.199321276990579123e-15
2.946585980880474434e-15
2.713809485794681425e-15
2.499417846928774270e-15
2.301959968895724543e-15
2.120099355332504472e-15
1.952614670127754779e-15
1.798351629703491470e-15
1.656275894556792222e-15
1.525424578936636413e-15
1.404912030865853350e-15
1.293921155181756826e-15
1.191699711570806528e-15
1.097554328727951403e-15
1.010847766525121803e-15
9.309917765723246643e-16
8.574445481303881716e-16
7.897085946241989158e-16
7.273242338867979279e-16
6.698680711388414410e-16
6.169517895774515567e-16
5.682155118655693760e-16
5.233302145038823461e-16
4.819909976175517000e-16
4.439170042997015702e-16
4.088515960814249959e-16
3.765557708164544921e-16
3.468119403328831844e-16
3.194169422527397632e-16
2.941870260563113240e-16
2.709491702949101732e-16
2.495480876306919484e-16
2.298372234831272813e-16
2.116832385610508072e-16
1.949626264026368318e-16
1.795634258250934371e-16
1.653806442115439476e-16
1.523186537677627799e-16
1.402872452486217030e-16
1.292061843316738164e-16
1.190004488781562759e-16
1.096009379485375222e-16
1.009434253614426872e-16
9.296966878813708161e-17
8.562554649225954022e-17
7.886103977151352488e-17
7.263043080163382579e-17
6.689161205817656540e-17
6.160586552688670349e-17
5.673728586637068661e-17
5.225311063985635791e-17
4.812245734211574624e-17
4.431770297729331330e-17
4.081282684944967078e-17
3.758408452345624211e-17
3.460982215649544722e-17
3.187013411440456507e-17
2.934586690689890050e-17
2.702018830913631879e-17
2.487710318614357737e-17
2.290217398553561450e-17
2.108291892499964925e-17
1.940486762196738110e-17
1.785864552713096339e-17
1.643304738872890696e-17
1.511897032849717795e-17
1.390773883288558557e-17
1.279197774410840839e-17
1.176492806619872955e-17
1.081913108522276054e-17
9.948905214998961567e-18
9.148505466864036247e-18
8.411029750848100855e-18
7.731371225905621951e-18
