# bin_1_1
1.855244168327305479e-11
1.866853087952812028e-11
1.878912385757715901e-11
1.891439230107159780e-11
1.904451406940928852e-11
1.917967378226918099e-11
1.932006281686577484e-11
1.946587942195493846e-11
1.961732894783500356e-11
1.977462416986719041e-11
1.993798559184337699e-11
2.010764161278842336e-11
2.028382850827176085e-11
2.046679115418217563e-11
2.065678317234061248e-11
2.085406688809780444e-11
2.105891365422552702e-11
2.127160442524398848e-11
2.149242997707397396e-11
2.172169098633539379e-11
2.195969829117207450e-11
2.220677264307172241e-11
2.246324600841727253e-11
2.272946210312390409e-11
2.300577548532253707e-11
2.329255108198029725e-11
2.359016656192919194e-11
2.389901320844189049e-11
2.421949296576578572e-11
2.455201887045485093e-11
2.489701958980883864e-11
2.525493741584305201e-11
2.562622360302108725e-11
2.601134564608516958e-11
2.641078665417519341e-11
2.682503785772699717e-11
2.725460866875561191e-11
2.770002272035605103e-11
2.816181356570938886e-11
2.864053325028731278e-11
2.913674484598900977e-11
2.965102494213831495e-11
3.018396716112846493e-11
3.073617394317308953e-11
3.130826542469156102e-11
3.190087053453856079e-11
3.251463307221954154e-11
3.315020901302595015e-11
3.380826452219755385e-11
3.448947828233638641e-11
3.519453737939385709e-11
3.592413805859816091e-11
3.667898576157391171e-11
3.745979179864518973e-11
3.826727318506158040e-11
3.910215128565411989e-11
3.996514979773542211e-11
4.085699316772664145e-11
4.177840337158078765e-11
4.273009833365547747e-11
4.371278897624219445e-11
4.472717745780979445e-11
4.577395327784271838e-11
4.685379229458215454e-11
4.796735212525410519e-11
4.911526936995926579e-11
5.029815384398624417e-11
5.151658419224216323e-11
5.277109702644004216e-11
5.406217882713298083e-11
5.539026146610812380e-11
5.675572540778966394e-11
5.815890821951064367e-11
5.960009718035315270e-11
6.107950714330947128e-11
6.259726379669860541e-11
6.415338935488530241e-11
6.574780456684411793e-11
6.738035738503534345e-11
6.905084095629302772e-11
7.075896030197148867e-11
7.250428259788551189e-11
7.428622975717553904e-11
7.610410208519054648e-11
7.795705730846944967e-11
7.984407779787016577e-11
8.176400082440869736e-11
8.371557843589672053e-11
8.569747343651862243e-11
8.770815458646624058e-11
8.974568829783361002e-11
9.180762166301547315e-11
9.389137013964831537e-11
9.599494656480266550e-11
9.811683707710530079e-11
1.002547566028607933e-10
1.024050131895853973e-10
1.045633137254945680e-10
1.067256061740541419e-10
1.088880519928593357e-10
1.110465319391176928e-10
1.131961007274679236e-10
1.153316340475805311e-10
1.174496146405538699e-10
1.195474723656533590e-10
1.216206061670723278e-10
1.236620934582507205e-10
1.256649159724031640e-10
1.276230977818403540e-10
1.295311159532121721e-10
1.313825064931512020e-10
1.331695108869769357e-10
1.348841410996643907e-10
1.365187581655864410e-10
1.380657123819096516e-10
1.395171443450596390e-10
1.408651416272748208e-10
1.421019085487604027e-10
1.432197436454568234e-10
1.442109650586907329e-10
1.450679784744519863e-10
1.457833055881199882e-10
1.463494712545983624e-10
1.467590525253602572e-10
1.470050443258598925e-10
1.470811706918456065e-10
1.469821150910128787e-10
1.467033405172518153e-10
1.462408779917576170e-10
1.455915322795523221e-10
1.447531698489685288e-10
1.437249548527711243e-10
1.425073035201961365e-10
1.411019470443554945e-10
1.395120307107211437e-10
1.377419755937078412e-10
1.357976104950287601e-10
1.336854731765536852e-10
1.314139407693326037e-10
1.289927455261053390e-10
1.264328823719316742e-10
1.237462361606395454e-10
1.209454696549421394e-10
1.180440626783034755e-10
1.150563889187350278e-10
1.119975901745144224e-10
1.088832398287001226e-10
1.057290074127981467e-10
1.025503484229625902e-10
9.936234687414941762e-11
9.617970674975552095e-11
9.301667525118512113e-11
8.988678194459464402e-11
8.680240402549095843e-11
8.377483264306539101e-11
8.081279182611055627e-11
7.792488340279166571e-11
7.511791745167623589e-11
7.239717376517468198e-11
6.976654234480841844e-11
6.722833862694774851e-11
6.478288193099089781e-11
6.242799526227606695e-11
6.015884102676319480e-11
5.796875414998841394e-11
5.584998315826208482e-11
5.379389460812199772e-11
5.179103810510220302e-11
4.983128006350639055e-11
4.790440966602517200e-11
4.600090308165107634e-11
4.411272650488521600e-11
4.223415760680816342e-11
4.036247698826208595e-11
3.849846486880116939e-11
3.664675950593257587e-11
3.481606044367981792e-11
3.301796749238423765e-11
3.126736980001488861e-11
2.958077141194257739e-11
2.797490393401457970e-11
2.646456699618508308e-11
2.506013151998594399e-11
2.376545065139282821e-11
2.257654293016277501e-11
2.148151400586370373e-11
2.046260259552258399e-11
1.949927037073693426e-11
1.857526382379833673e-11
1.766684267338765636e-11
1.677882220933041742e-11
1.590157562805320006e-11
1.505279100597728253e-11
1.424207421996360112e-11
1.347954757503657494e-11
1.276955444206700793e-11
1.211207362570114359e-11
1.149461415101608799e-11
1.091729428708704974e-11
1.036704014976796888e-11
9.846883711527822730e-12
9.354829528289739870e-12
8.890403262328047435e-12
8.451926302601715064e-12
8.037000052771527423e-12
7.643596293280807592e-12
7.270985625770123526e-12
6.919156396988739166e-12
6.588882219886658001e-12
6.279863850745892005e-12
5.989741665818887757e-12
5.715266026909236119e-12
5.453679535795628656e-12
5.204916303633521586e-12
4.970472395103689042e-12
4.750440756465889630e-12
4.543124475773036119e-12
4.346274465457442078e-12
4.158795645109062310e-12
3.980919455353961705e-12
3.812564244212850254e-12
3.652781790582927521e-12
3.500623651657769072e-12
3.355640219202230256e-12
3.217596011749645465e-12
3.086059939636922404e-12
2.960451951589233159e-12
2.840335263295469549e-12
2.725421652901038787e-12
2.615399378528402300e-12
2.509922668212595133e-12
2.408697066782375773e-12
2.311462940253876117e-12
2.217980716453037394e-12
2.128030629309229438e-12
2.041420015406510327e-12
1.957967534034198636e-12
1.877499282299546609e-12
1.799854000242519558e-12
1.724888472713375380e-12
1.652479141626617425e-12
1.582514614024420083e-12
1.514882732723335560e-12
1.449506886225269814e-12
1.386294168313473331e-12
1.325167599101149443e-12
1.266057590859615646e-12
1.208901674310969845e-12
1.153643167562974547e-12
1.100230309668404684e-12
1.048615810085636128e-12
9.987562824192276227e-13
9.506114722429019736e-13
9.041439810623742917e-13
8.593190654067468844e-13
8.161038760419279294e-13
7.744669182337400091e-13
7.343779838883144679e-13
6.958078823315828064e-13
6.587279977981188376e-13
6.231100606730517540e-13
5.889259994204020663e-13
5.561477256802903272e-13
5.247469459551488199e-13
4.946950366499307237e-13
4.659629373816749487e-13
4.385210559650657002e-13
4.123391972149458658e-13
3.873865113918890145e-13
3.636314649651908565e-13
3.410418278465048111e-13
3.195846826691465449e-13
2.992264516803415815e-13
2.799327259436934827e-13
2.616692104908950532e-13
2.444004657828612048e-13
2.280909074244407763e-13
2.127046787509855559e-13
1.982067674371617511e-13
1.845590537055515247e-13
1.717266426780786592e-13
1.596737833914377763e-13
1.483650531638578491e-13
1.377654727941338131e-13
1.278406174506688613e-13
1.185567183503860126e-13
1.098807566883601749e-13
1.017805526320713021e-13
9.422483323437857301e-14
8.718328497823654803e-14
8.062659537618632799e-14
7.452650988457213940e-14
6.885591092076850882e-14
6.358882803148081959e-14
5.870027729222140458e-14
5.416650263102167389e-14
4.996463928732659321e-14
4.607305617550294534e-14
4.247128548483898949e-14
3.913997912934219097e-14
3.606088134276848103e-14
3.321687844032767051e-14
3.059182316876007830e-14
2.817047817693450910e-14
2.593808955589886468e-14
2.388078369190448459e-14
2.198554712202615432e-14
2.024018022105700402e-14
1.863315128493285692e-14
1.715362476917466886e-14
1.579153235167126653e-14
1.453757026484251657e-14
1.338315967264319007e-14
1.232040425652037991e-14
1.134202585137924932e-14
1.044131651743451751e-14
9.612132735039239282e-15
8.848784251068230683e-15
8.146044449563939110e-15
7.499100146218086326e-15
6.903524501010519567e-15
6.355237965110180868e-15
5.850487611116123571e-15
5.385819083279866498e-15
4.958048825366778104e-15
4.564250191020755175e-15
4.201723884590249137e-15
3.867986781038176996e-15
3.560751159630857978e-15
3.277916988730846234e-15
3.017545110389122985e-15
2.777852222894932523e-15
2.557194542130467986e-15
2.354065442447592068e-15
2.167071294315327990e-15
1.994928378006522610e-15
1.836462642999544772e-15
1.690585146734407938e-15
1.556295930391155506e-15
1.432671812284157929e-15
1.318870723536860965e-15
1.214107736743375831e-15
1.117666991222489881e-15
1.028889009740941058e-15
9.471632433263878074e-16
8.719268297677827483e-16
8.026669543041405111e-16
7.389079544546196166e-16
6.802170211774687571e-16
6.261881855754688596e-16
5.764471937155272139e-16
5.306585452866191937e-16
4.885049927034375031e-16
4.497045591348654729e-16
4.139821276485602435e-16
3.810975689972802481e-16
3.508211883272304905e-16
3.229572633466775325e-16
2.973022329873996938e-16
2.736849182314746212e-16
2.519427369060250198e-16
2.319267674791801307e-16
2.135009625627764834e-16
1.965640839177501744e-16
1.809527601152891941e-16
1.665455667114200760e-16
1.533099082243800432e-16
1.411247916682088292e-16
1.299058522024196840e-16
1.195775980914500672e-16
1.100673510996809427e-16
1.013107865075625875e-16
9.324647187278806442e-17
8.581937662298844515e-17
7.897841499469939005e-17
7.267394348445748576e-17
6.686142195111349704e-17
6.149913295453725011e-17
5.655084304081313194e-17
5.198198752823680962e-17
4.775862035654560534e-17
4.385050273118219228e-17
4.022906229938081287e-17
3.687443123358135071e-17
3.376575108406764354e-17
3.087941147240045835e-17
2.820575693155468922e-17
2.571764249875903653e-17
2.340395807510001590e-17
2.125198994984416752e-17
1.925566970578465332e-17
1.740370891293524875e-17
1.567772493989727880e-17
1.404877542236586635e-17
1.250504220461189161e-17
1.109929945481311230e-17
9.857826266132085269e-18
8.721567660893692425e-18
7.648563343090967971e-18
6.621144668230851160e-18
