# bin_2_1
1.175451038718736732e-11
1.182763063062907647e-11
1.190358917063305394e-11
1.198248719089836185e-11
1.206445147828657436e-11
1.214959137045031975e-11
1.223802766877496100e-11
1.232988567526864832e-11
1.242530266266226139e-11
1.252439815067708123e-11
1.262730943826466296e-11
1.273420073654410195e-11
1.284521161886933522e-11
1.296049706415575576e-11
1.308021763493304856e-11
1.320459371604636452e-11
1.333367973030049868e-11
1.346770887790447300e-11
1.360688073445982196e-11
1.375137705097838607e-11
1.390139471053010198e-11
1.405713848953413644e-11
1.421881997929853309e-11
1.438665739342159831e-11
1.456087706599746945e-11
1.474171371362890839e-11
1.492940692226928266e-11
1.512420406932988980e-11
1.532636240583023463e-11
1.553614712113981642e-11
1.575384066257148390e-11
1.597970706228723797e-11
1.621403654458380580e-11
1.645714636823963252e-11
1.670933561453454307e-11
1.697093184013687339e-11
1.724220102137979555e-11
1.752354070604316170e-11
1.781530652699691776e-11
1.811782368919008564e-11
1.843147974172000042e-11
1.875662265059670299e-11
1.909363745882995266e-11
1.944294080978566378e-11
1.980493677801153800e-11
2.018001449996300339e-11
2.056860817660115842e-11
2.097114869002546885e-11
2.138807600200371659e-11
2.181983961453015106e-11
2.226691094817303573e-11
2.272972363249527728e-11
2.320875246967629249e-11
2.370451979091356429e-11
2.421746934169216894e-11
2.474810655434210941e-11
2.529694672870821524e-11
2.586445009831502842e-11
2.645112475525464666e-11
2.705759139571018361e-11
2.768417751880092297e-11
2.833144056625959224e-11
2.899988874869020678e-11
2.969000163583508359e-11
3.040228577472397864e-11
3.113721557387599195e-11
3.189524275929934831e-11
3.267691003604737146e-11
3.348258257882939949e-11
3.431272762727960232e-11
3.516771918919152322e-11
3.604792439218591380e-11
3.695368748947042863e-11
3.788532540708488662e-11
3.884311939935417495e-11
3.982731506363328626e-11
4.083811658587261759e-11
4.187567627693949399e-11
4.294010188091934065e-11
4.403145527433463939e-11
4.514977312015305560e-11
4.629489055800682718e-11
4.746671778754942349e-11
4.866503060121484300e-11
4.988937282959982609e-11
5.113959405593184194e-11
5.241511086791827504e-11
5.371536988263881897e-11
5.503973583644955930e-11
5.638746278177252684e-11
5.775768024633817449e-11
5.914942630364860867e-11
6.056166547414170458e-11
6.199328265661813363e-11
6.344303198923023290e-11
6.490958783058734235e-11
6.639085782193803229e-11
6.788498334020882961e-11
6.938972946573645473e-11
7.090306226813058803e-11
7.242237327806879603e-11
7.394460537412846067e-11
7.546649991568674152e-11
7.698550099711578079e-11
7.849968584678541937e-11
8.000655985341606837e-11
8.150249044562511712e-11
8.298286960978431513e-11
8.444427076531965600e-11
8.588496783508907597e-11
8.730308111151747852e-11
8.869414726477074539e-11
9.005243222085949523e-11
9.137222495925406717e-11
9.264881575645290159e-11
9.387716060540130741e-11
9.505237240265604806e-11
9.616943245209644029e-11
9.722331127689200842e-11
9.820895197416694775e-11
9.912127129744058335e-11
9.995521011341554537e-11
1.007056449754543268e-10
1.013673803623049607e-10
1.019352230622670813e-10
1.024041348941022884e-10
1.027694307921179562e-10
1.030266536038005709e-10
1.031713727169180003e-10
1.031992699302604623e-10
1.031064285353556345e-10
1.028896474132671398e-10
1.025466165990496753e-10
1.020757581479615493e-10
1.014761179070772600e-10
1.007472352823596800e-10
9.988920288690400442e-11
9.890270233046757091e-11
9.778926227819841075e-11
9.655199084436069226e-11
9.519347598236210506e-11
9.371838769168570753e-11
9.213138973815817154e-11
9.043774412462234911e-11
8.864357978071073831e-11
8.675606708002338208e-11
8.478317599508355019e-11
8.273357786207921885e-11
8.061648814281219355e-11
7.844181172823881998e-11
7.622011953450811791e-11
7.396254204159459893e-11
7.168070186067385579e-11
6.938634579077518759e-11
6.709126001950484273e-11
6.480710047355085819e-11
6.254522363354012083e-11
6.031661935550325195e-11
5.813173358386578034e-11
5.600039783140603555e-11
5.393157774157942679e-11
5.193323942282822460e-11
5.001120236621199173e-11
4.816944104024839904e-11
4.640988090722435986e-11
4.473266732650392213e-11
4.313582535930162147e-11
4.161460621807148144e-11
4.016102191255917891e-11
3.876429686431085238e-11
3.741184150457347182e-11
3.609004715424214857e-11
3.478498442187838113e-11
3.348330501083978043e-11
3.217338046616087505e-11
3.084653006554511544e-11
2.949829650768823387e-11
2.812946916885152978e-11
2.674668721268221865e-11
2.536236188018364450e-11
2.399388387800442637e-11
2.266185466485921915e-11
2.138730663957300807e-11
2.018862864427398297e-11
1.907903032799566884e-11
1.806473798765978528e-11
1.714437120345282138e-11
1.630919406834339390e-11
1.554452339018106162e-11
1.483203780345908739e-11
1.415277609566262108e-11
1.349059968416598322e-11
1.283497828480732286e-11
1.218234364196696075e-11
1.153565010054531325e-11
1.090263984886157288e-11
1.029363979004355658e-11
9.719093869886709690e-12
9.186572550917041144e-12
8.698746925767548594e-12
8.253003449694326921e-12
7.842670906874779919e-12
7.458588089083293703e-12
7.091637310796543834e-12
6.735621653668804585e-12
6.389210865008749626e-12
6.056012413992258403e-12
5.741770560986027643e-12
5.450967449936529931e-12
5.183772818959883798e-12
4.935772106715263129e-12
4.700881985556040333e-12
4.474970469420922169e-12
4.258342690454598013e-12
4.054000806933830125e-12
3.863721613064143783e-12
3.686321234468034387e-12
3.518771608821389362e-12
3.359034763227977907e-12
3.207275823874975453e-12
3.064142729842209349e-12
2.929265051502675433e-12
2.801569607707334034e-12
2.680220537159569508e-12
2.565023067748551925e-12
2.455877916142304680e-12
2.352263889505401792e-12
2.253592582795960547e-12
2.159594697609592197e-12
2.070081499158504132e-12
1.984718329467732837e-12
1.903165117598870001e-12
1.825174451047320648e-12
1.750532123511986521e-12
1.679033445919130033e-12
1.610491335867970532e-12
1.544727234719242785e-12
1.481567806360504204e-12
1.420851171721452094e-12
1.362433292448081698e-12
1.306187238260349964e-12
1.251995658271128821e-12
1.199749966397875168e-12
1.149354211265916757e-12
1.100722155102838231e-12
1.053773087005458708e-12
1.008434331005043721e-12
9.646392037555467570e-13
9.223279558918499803e-13
8.814466703973571913e-13
8.419462890746737424e-13
8.037817095727615082e-13
7.669113972964020833e-13
7.312975006412032031e-13
6.969056516510875601e-13
6.637040357501118314e-13
6.316628158352725693e-13
6.007542327724867633e-13
5.709524229210474229e-13
5.422328885247742433e-13
5.145722436693738013e-13
4.879481344967287242e-13
4.623390357867756419e-13
4.377240276953616928e-13
4.140826459427512956e-13
3.913935242113001755e-13
3.696393066997405139e-13
3.487988585228226053e-13
3.288523708944402032e-13
3.097799513233937515e-13
2.915615442922809639e-13
2.741768662577668720e-13
2.576053516554655208e-13
2.418261088865118984e-13
2.268178904937362019e-13
2.125597499947626826e-13
1.990283026994395219e-13
1.862019008482375850e-13
1.740578361033388382e-13
1.625730939335691208e-13
1.517244021138014896e-13
1.414882876232116743e-13
1.318411430651992141e-13
1.227593017183595527e-13
1.142191167328841428e-13
1.061970422331615041e-13
9.866971436810514044e-14
9.161403717876811097e-14
8.500725106917974871e-14
7.882700495838850219e-14
7.305141919806452529e-14
6.765914379281862219e-14
6.262940764112681505e-14
5.794205626602187005e-14
5.357757030280074273e-14
4.951713763510301444e-14
4.574262713204051305e-14
4.223666447931044670e-14
3.898264432642304939e-14
3.596472976543059992e-14
3.316786982405006310e-14
3.057785217934940361e-14
2.818127357693063120e-14
2.596541263450187095e-14
2.391815108087004628e-14
2.202800299088867710e-14
2.028419655940158113e-14
1.867662330556902465e-14
1.719554347934817323e-14
1.583148956765737547e-14
1.457543475169736302e-14
1.341892788116090674e-14
1.235412549522946097e-14
1.137377522301503276e-14
1.047118635567238907e-14
9.640198615905917009e-15
8.875133419937400425e-15
8.170763483858662269e-15
7.522275638939510251e-15
6.925236094603264899e-15
6.375569332988284490e-15
5.869513931735715936e-15
5.403614698151791394e-15
4.974688758886359350e-15
4.579801273991460814e-15
4.216254622232144040e-15
3.881560031321058719e-15
3.573428157689558645e-15
3.289749702859785176e-15
3.028588369013108256e-15
2.788155961070384327e-15
2.566807915706959761e-15
2.363028320476727941e-15
2.175427290081690122e-15
2.002719381708552462e-15
1.843720607277059033e-15
1.697347429222744944e-15
1.562595523248212685e-15
1.438542307837903915e-15
1.324334592317401111e-15
1.219198085490207357e-15
1.122408829820642064e-15
1.033301433629133282e-15
9.512712093738120277e-16
8.757536167769877016e-16
8.062287180550960984e-16
7.422265278791717795e-16
6.833019916034366216e-16
6.290589920929292289e-16
5.791223817980476997e-16
5.331476559604173694e-16
4.908235773894700391e-16
4.518581232406659934e-16
4.159893899422143535e-16
3.829655827759135141e-16
3.525636873058794065e-16
3.245749625803725120e-16
2.988086942947250276e-16
2.750870625738181379e-16
2.532485575621746507e-16
2.331431216286151305e-16
2.146331652516268293e-16
1.975927632522839816e-16
1.819048883512324295e-16
1.674615879614955351e-16
1.541639579841843118e-16
1.419212742611338339e-16
1.306498668896360443e-16
1.202720957025400693e-16
1.107179589675955590e-16
1.019206179681045882e-16
9.382051775607555969e-17
8.636130082181071287e-17
7.949262600710567835e-17
7.316690603357528699e-17
6.734011818665077803e-17
6.197233827323593471e-17
5.702585927690089920e-17
5.246662171666033528e-17
4.826310948035034164e-17
4.438650883958084908e-17
4.080966216676090540e-17
3.750777850185902984e-17
3.446008584685294240e-17
3.164465948608442253e-17
2.904239074656730558e-17
2.663571526653070643e-17
2.440791644995008487e-17
2.234315850375914649e-17
2.042869616700812619e-17
1.865463505070484431e-17
1.701064182759655280e-17
1.548814147514264525e-17
1.407935046234410937e-17
1.278166922464773338e-17
1.159091930419346145e-17
1.050319910725492478e-17
9.501505538144835463e-18
8.568670821909350489e-18
7.692040896998821790e-18
