# bin_2_2
1.098369262607957604e-11
1.105138216589121852e-11
1.112170945699693901e-11
1.119477610281710075e-11
1.127068753251995115e-11
1.134955314053171795e-11
1.143176609136266207e-11
1.151689165785023154e-11
1.160532234430605885e-11
1.169718415837109407e-11
1.179235092564520861e-11
1.189148314893252376e-11
1.199445845305392869e-11
1.210142316407065054e-11
1.221252904180866478e-11
1.232793335982976716e-11
1.244776872109574149e-11
1.257227775923715795e-11
1.270159453808467815e-11
1.283588528475555796e-11
1.297534788047569698e-11
1.312017956162849625e-11
1.327058210884839603e-11
1.342676439090584927e-11
1.358894245288636299e-11
1.375733975812470397e-11
1.393219893163271314e-11
1.411374229027515310e-11
1.430222102671614472e-11
1.449789114788876607e-11
1.470101773298349834e-11
1.491187076408038388e-11
1.513074907758549255e-11
1.535793464855185639e-11
1.559373599608192601e-11
1.583783195549579535e-11
1.609175903374480109e-11
1.635586569636154934e-11
1.662930419002106822e-11
1.691310384477936881e-11
1.720742829238815773e-11
1.751279706254261735e-11
1.782986411619546016e-11
1.815810924130548280e-11
1.849884733443021457e-11
1.885221051831953791e-11
1.921862271063481789e-11
1.959852713727571012e-11
1.999237951045588020e-11
2.040064602526639663e-11
2.082380342380479807e-11
2.126234134926160764e-11
2.171677299444203319e-11
2.218755448789939785e-11
2.267636303130798832e-11
2.318144999487648321e-11
2.370349869103093533e-11
2.424531626383941281e-11
2.480626485931528491e-11
2.538669750065656717e-11
2.598744228777627296e-11
2.660902618128299895e-11
2.725217275730242331e-11
2.791720087439829672e-11
2.860479448524223707e-11
2.931569132415709187e-11
3.005041634128046158e-11
3.080940959673610348e-11
3.159355006772345942e-11
3.240339261886544321e-11
3.323964818894982042e-11
3.410343126876682063e-11
3.499360071992318895e-11
3.591162149747044702e-11
3.685804934978680316e-11
3.783343263830728767e-11
3.883827338563941776e-11
3.987306171497195648e-11
4.093822093422705367e-11
4.203416982085353252e-11
4.316126583025760434e-11
4.431983834567298001e-11
4.551014939484296384e-11
4.673237653378190277e-11
4.798661821872923015e-11
4.927289343842328063e-11
5.059116644040304687e-11
5.194138528925887758e-11
5.332344038926261268e-11
5.473714085683242668e-11
5.618222540795336620e-11
5.765838398863707366e-11
5.916519272531014488e-11
6.070196756168333272e-11
6.226779871546585504e-11
6.386168938839902368e-11
6.548260217099435540e-11
6.712939345189568042e-11
6.880070134015996629e-11
7.049495750955780310e-11
7.221030097930284365e-11
7.394443551992562756e-11
7.569479721190354516e-11
7.745877282484267569e-11
7.923380662382677040e-11
8.101740148684938988e-11
8.280636911736717130e-11
8.459580171907737031e-11
8.638078942284167494e-11
8.816058626335468551e-11
8.993833391242314083e-11
9.171442577453281642e-11
9.348325283231648638e-11
9.523761022649904986e-11
9.697208105858410550e-11
9.868190131926102753e-11
1.003618894857659002e-10
1.020068387633669778e-10
1.036117034298533094e-10
1.051712984202538375e-10
1.066802575650848682e-10
1.081330816292407450e-10
1.095240972567836616e-10
1.108474290679307402e-10
1.120969740098760492e-10
1.132665191945243170e-10
1.143499728865041139e-10
1.153412385946321635e-10
1.162336797024147310e-10
1.170197914250734496e-10
1.176915961051555938e-10
1.182414490034228732e-10
1.186627926731109499e-10
1.189501204791942123e-10
1.190983474196627587e-10
1.191023755054546994e-10
1.189570909185482001e-10
1.186574507618538123e-10
1.181989243707797179e-10
1.175781405401617694e-10
1.167931386121704769e-10
1.158428505349870629e-10
1.147265361153285499e-10
1.134437710406074695e-10
1.119949692125690014e-10
1.103821044697522225e-10
1.086087496934355842e-10
1.066797916646332914e-10
1.046013239591857529e-10
1.023810034923662479e-10
1.000283528266214331e-10
9.755496689782025923e-11
9.497453701587445991e-11
9.230254421959448276e-11
8.955638945652367009e-11
8.675363299378008757e-11
8.391378307921213744e-11
8.105680873101426978e-11
7.820339401204307111e-11
7.537461602674050949e-11
7.259258149324410464e-11
6.987531059821592268e-11
6.724327649356616962e-11
6.471245386733012690e-11
6.229675270578014125e-11
6.000687721106041460e-11
5.785144144752808964e-11
5.583406246888071443e-11
5.395165053701180687e-11
5.219362796974341671e-11
5.054333168820781158e-11
4.897972339066930937e-11
4.747830955461562462e-11
4.601209842627493423e-11
4.455303167810416024e-11
4.307364166261249451e-11
4.154916251177384899e-11
3.996009123867681137e-11
3.829573171795515175e-11
3.655546876780791018e-11
3.475096277354428528e-11
3.290597893414323817e-11
3.105423638876039414e-11
2.923529132766287764e-11
2.749001659340105366e-11
2.585568931250040962e-11
2.436218969347142960e-11
2.302748054140305843e-11
2.185423858508236471e-11
2.082817560388693553e-11
1.991952248118772512e-11
1.908757832448013554e-11
1.828838072809045066e-11
1.748364839180862428e-11
1.664898687462972958e-11
1.577816390364042119e-11
1.488366316179531545e-11
1.399328198358849539e-11
1.314214575467132203e-11
1.236076537385586846e-11
1.166616939037347299e-11
1.105721996107461835e-11
1.051628739331117879e-11
1.001562276840081656e-11
9.527873223838120741e-12
9.037372178302577903e-12
8.545375856301449095e-12
8.067102748068154212e-12
7.620962940033566118e-12
7.217414453161249823e-12
6.853639265358741291e-12
6.516763709385666119e-12
6.193596998787693776e-12
5.878935861645887574e-12
5.577101645354047878e-12
5.295118688158439613e-12
5.035125127022219698e-12
4.793220984941455858e-12
4.563783821449855471e-12
4.344864656457148754e-12
4.138048137319253219e-12
3.944272104092925734e-12
3.762363119966781993e-12
3.590405203738116330e-12
3.427447547449387875e-12
3.273648588133625886e-12
3.128680691511251575e-12
2.991403289674985629e-12
2.861159869486612437e-12
2.737853851070892227e-12
2.621060234257156626e-12
2.510103767104393573e-12
2.404526435165114314e-12
2.304036264192991336e-12
2.208302467358731690e-12
2.117024781687341390e-12
2.029910981514593330e-12
1.946689883298374846e-12
1.867083839156422665e-12
1.790859291520173606e-12
1.717797860799777496e-12
1.647694211177028642e-12
1.580361033893423398e-12
1.515633169952166552e-12
1.453362015964413886e-12
1.393409448426799312e-12
1.335648092311583381e-12
1.279961856671244546e-12
1.226245589935073743e-12
1.174405280088959057e-12
1.124355992190625582e-12
1.076019495791292126e-12
1.029324000868630103e-12
9.842045508473611012e-13
9.406028537069671830e-13
8.984660147747250032e-13
8.577452638644723331e-13
8.183959858565400829e-13
7.803777691851117215e-13
7.436535574522615819e-13
7.081890034896651424e-13
6.739523797507543575e-13
6.409143422474833927e-13
6.090475087394135731e-13
5.783261700689046811e-13
5.487260786236934621e-13
5.202242344207787716e-13
4.927986649613084423e-13
4.664282352579455846e-13
4.410924637765991883e-13
4.167713490589126408e-13
3.934452042273225355e-13
3.710945023994517447e-13
3.496997280997814006e-13
3.292412393951626458e-13
3.096991429898315119e-13
2.910531787933880607e-13
2.732826404139964266e-13
2.563662769084995614e-13
2.402822535478550928e-13
2.250081143785985482e-13
2.105207741773924974e-13
1.967965324920342034e-13
1.838111127606824686e-13
1.715390288742230439e-13
1.599564749664258696e-13
1.490371161692819553e-13
1.387551237982097347e-13
1.290845128048241549e-13
1.199992707289799368e-13
1.114734644482128797e-13
1.034813432082837613e-13
9.599742901476299245e-14
8.899660977502371475e-14
8.245424122524256280e-14
7.634622699788403706e-14
7.064932693128742131e-14
6.534027103058313785e-14
6.039724248229683913e-14
5.579895561327313201e-14
5.152495191481285069e-14
4.755565316305029930e-14
4.387238840840823414e-14
4.045742566221513874e-14
3.729391099907826416e-14
3.436585135489527344e-14
3.165829572823677290e-14
2.915745799599354807e-14
2.685022810792609613e-14
2.472346510339856295e-14
2.276407884444905553e-14
2.095932557682392109e-14
1.929751413671263036e-14
1.776732166702783780e-14
1.635841851663254207e-14
1.506112004388481620e-14
1.386664499366799646e-14
1.276685474228223485e-14
1.175425157473566470e-14
1.082192684834268221e-14
9.963525622759980164e-15
9.173190969515566920e-15
8.445532803956042069e-15
7.775585923266231782e-15
7.158772614059470023e-15
6.590882754401629103e-15
6.068034712596860735e-15
5.586656739868143222e-15
5.143458834098094908e-15
4.735417103746354546e-15
4.359742199457737524e-15
4.013867575815439527e-15
3.695428568714583143e-15
3.402252978650317634e-15
3.132335715448143120e-15
2.883830319540897651e-15
2.655042254536211552e-15
2.444405781567704249e-15
2.250481005038510270e-15
2.071940143043429192e-15
1.907566368116773872e-15
1.756233736509040879e-15
1.616905498682948106e-15
1.488633264513290469e-15
1.370537798507233759e-15
1.261809558505288807e-15
1.161709536751264881e-15
1.069548700987475011e-15
9.847018723918363869e-16
9.065863950446631979e-16
8.346656778648827815e-16
7.684532786250722345e-16
7.074908426915333874e-16
6.513677151363252116e-16
5.997001799596703041e-16
5.521285257287789214e-16
5.083270704063709014e-16
4.680042226838950546e-16
4.308788577000199433e-16
3.966980413411601990e-16
3.652264483705841036e-16
3.362535233419185043e-16
3.095789757378968725e-16
2.850204808903071428e-16
2.624076762903530283e-16
2.415885327045730454e-16
2.224209943682867855e-16
2.047743386645756135e-16
1.885263464267033349e-16
1.735669604474890973e-16
1.597935382813495524e-16
1.471113445739808378e-16
1.354339654006983862e-16
1.246818824572145934e-16
1.147819027258250085e-16
1.056660057307427034e-16
9.727216512543485521e-17
8.954230643230857826e-17
8.242342028337322573e-17
7.586610962872801224e-17
6.982637010851110163e-17
6.426300831341860995e-17
5.913784848957636018e-17
5.441587920032958724e-17
5.006446516248931405e-17
4.605287566221766624e-17
4.235412777328081543e-17
3.894251097619658733e-17
3.579403899109638292e-17
3.288722660502634200e-17
3.020324565141626225e-17
2.772521567005272268e-17
2.543985774020799279e-17
2.333826398963518500e-17
2.141138177756317057e-17
1.963788992297766845e-17
1.800227457220706047e-17
1.649460313387567536e-17
1.510252549075190340e-17
1.381284304292703403e-17
