# bin_4_1
2.493371155302442362e-12
2.507400621981008420e-12
2.521963476818495463e-12
2.537079278905115547e-12
2.552765400092774694e-12
2.569048730477654958e-12
2.585946631456971027e-12
2.603481458735158695e-12
2.621684797459762404e-12
2.640566979377149598e-12
2.660157401177914038e-12
2.680483371122687646e-12
2.701552934604515672e-12
2.723428140560932555e-12
2.746120424223715894e-12
2.769655297931563234e-12
2.794074510378947965e-12
2.819385975005857578e-12
2.845632897619843041e-12
2.872848532400652643e-12
2.901063956428689007e-12
2.930314438413466696e-12
2.960635206535072020e-12
2.992063597819083520e-12
3.024634462098125486e-12
3.058386434231667047e-12
3.093362587199657846e-12
3.129597060316556439e-12
3.167131145583926576e-12
3.206012959658350739e-12
3.246282540677675743e-12
3.287984185527661222e-12
3.331163174868771845e-12
3.375865775511246710e-12
3.422139302759977574e-12
3.470032050179414465e-12
3.519595461719075539e-12
3.570875106364026958e-12
3.623900945571278313e-12
3.678794484986162257e-12
3.735539388466994032e-12
3.794236682432802945e-12
3.854867473197689231e-12
3.917561818359560411e-12
3.982346620519449752e-12
4.049281115424433769e-12
4.118420313691804809e-12
4.189821019517982264e-12
4.263540510854037121e-12
4.339634553328550914e-12
4.418162835586202795e-12
4.499173700561054858e-12
4.582743745449470295e-12
4.668912168259502076e-12
4.757737158818318713e-12
4.849275378216809142e-12
4.943580120526057035e-12
5.040640436810883089e-12
5.140695632907655608e-12
5.243605915214877627e-12
5.349482812492794027e-12
5.458367246580659837e-12
5.570337215854451925e-12
5.685354226159385130e-12
5.803522552766283972e-12
5.924854502257429928e-12
6.049375553609653901e-12
6.176998144673824199e-12
6.308068285415456005e-12
6.442270896448051601e-12
6.579712099517569568e-12
6.720401958378468637e-12
6.864305997299321108e-12
7.011440687640441630e-12
7.161789214734551150e-12
7.315305813027036293e-12
7.471961704763551569e-12
7.631697340987687462e-12
7.794394127156749683e-12
7.960170843267175606e-12
8.128776020833976487e-12
8.300185841046384221e-12
8.474297148402332878e-12
8.650994686177191138e-12
8.830147150026301216e-12
9.011638561269323409e-12
9.195258562772201105e-12
9.380894314906827084e-12
9.568354614341393259e-12
9.757436552137923115e-12
9.947919119369743648e-12
1.013951689945877409e-11
1.033200427221900509e-11
1.052512343586356963e-11
1.071871761234168743e-11
1.091247330620504905e-11
1.110603762866183855e-11
1.129903175774826458e-11
1.149101309567499458e-11
1.168186459947019637e-11
1.187096430954485102e-11
1.205796094658581908e-11
1.224233266114816708e-11
1.242366344451884354e-11
1.260161484888860735e-11
1.277575486228291996e-11
1.294569885570383018e-11
1.311086355849101844e-11
1.327073154525168968e-11
1.342481452804061275e-11
1.357264403842524970e-11
1.371369174472249773e-11
1.384741949845523465e-11
1.397327446516222026e-11
1.409068113573881065e-11
1.419906953945818020e-11
1.429795658027213644e-11
1.438683853898292085e-11
1.446523852547792442e-11
1.453267241419677028e-11
1.458868967683270460e-11
1.463289596845760970e-11
1.466482458443104960e-11
1.468406436800692063e-11
1.469022656446004095e-11
1.468313994855202311e-11
1.466261325018051492e-11
1.462846566673425161e-11
1.458048464148254380e-11
1.451858620345019625e-11
1.444270135308702776e-11
1.435291005398376697e-11
1.424933785569963461e-11
1.413217198392564543e-11
1.400170624361938682e-11
1.385828535896445685e-11
1.370230863502895991e-11
1.353425249019645717e-11
1.335459257354656957e-11
1.316396169501624221e-11
1.296298359114433020e-11
1.275232763129487505e-11
1.253269444470591214e-11
1.230482019612468890e-11
1.206935996329740712e-11
1.182701562431864039e-11
1.157850090813989273e-11
1.132455321956549132e-11
1.106587420585188115e-11
1.080319164525981230e-11
1.053722520485601466e-11
1.026865055548963279e-11
9.998233008227717171e-12
9.726651738839130845e-12
9.454624336985250953e-12
9.182913001683838229e-12
8.912220580564377432e-12
8.643268054334526445e-12
8.376699109732791594e-12
8.113067494081165726e-12
7.852974256464512049e-12
7.596857811515238202e-12
7.345123535840745697e-12
7.097923815742739338e-12
6.855454666619077229e-12
6.617761192580133917e-12
6.384887935281381529e-12
6.156837921060606314e-12
5.933538229073270348e-12
5.714839731073907423e-12
5.500507573719184501e-12
5.290331875795515517e-12
5.084048223804401015e-12
4.881459600479878103e-12
4.682435013499962746e-12
4.486940836497525702e-12
4.295083594461785449e-12
4.107122846781894218e-12
3.923493618890695168e-12
3.744830985868170230e-12
3.571936142780838177e-12
3.405785676533119992e-12
3.247294745491422087e-12
3.097119756830404217e-12
2.955524946631451088e-12
2.822255133057627886e-12
2.696613620023040683e-12
2.577536995063617361e-12
2.463755477345942589e-12
2.354002930577867428e-12
2.247223063802512138e-12
2.142772126944195317e-12
2.040511395407594371e-12
1.940704574846992403e-12
1.843802181315867211e-12
1.750263790248819142e-12
1.660461023375692291e-12
1.574666250197340384e-12
1.493046104795544215e-12
1.415718042298526258e-12
1.342765245198981956e-12
1.274215997448407223e-12
1.209999654388851394e-12
1.149909738690419676e-12
1.093598912636542239e-12
1.040619566248621798e-12
9.904383075200641390e-13
9.425685388776041367e-13
8.966610771128293640e-13
8.525262685187859241e-13
8.100396247094333575e-13
7.691632550589769347e-13
7.300058415853278716e-13
6.929006812495219836e-13
6.582408013153109665e-13
6.262122518068414503e-13
5.966274868800200700e-13
5.689905382836895009e-13
5.426817681920499930e-13
5.172347655719382952e-13
4.925146652674514387e-13
4.686637898196935400e-13
4.460201702985632378e-13
4.248448435962296832e-13
4.051716285984617541e-13
3.867621109092439533e-13
3.692393312751118963e-13
3.523531364423396783e-13
3.360624419244773962e-13
3.205367249600929208e-13
3.059201659781978596e-13
2.921514935874446977e-13
2.790540230340186321e-13
2.664625511632302240e-13
2.543653542941164982e-13
2.428516374510901759e-13
2.319269535040026157e-13
2.215138493413832698e-13
2.115382495651417764e-13
2.019711486313183819e-13
1.928227814701185421e-13
1.840841797267039875e-13
1.757148477580496467e-13
1.676905207961068364e-13
1.600055195873361477e-13
1.526431281914922978e-13
1.455812310857158927e-13
1.388064346982951189e-13
1.323087396161400748e-13
1.260762435427945700e-13
1.200972569206298604e-13
1.143612040481488534e-13
1.088579429609618493e-13
1.035781131472408290e-13
9.851330642278351388e-14
9.365548355324956028e-14
8.899687682113318612e-14
8.453028311727305937e-14
8.024898119627543351e-14
7.614652915751283770e-14
7.221678578351984861e-14
6.845364797163637432e-14
6.485211335663591291e-14
6.140651389218806829e-14
5.811167543211393352e-14
5.496260794007828725e-14
5.195448341286863379e-14
4.908261685815878266e-14
4.634245510490965350e-14
4.372956289400824804e-14
4.123960996663489805e-14
3.886836271665085067e-14
3.661167626612443763e-14
3.446548553244866911e-14
3.242580933702076340e-14
3.048873289021273113e-14
2.865041371059719234e-14
2.690708018809687243e-14
2.525502610479468121e-14
2.369061456848811275e-14
2.221027865735382084e-14
2.081052245672073907e-14
1.948792263075395940e-14
1.823913041057137525e-14
1.706087409977557453e-14
1.594996181845710936e-14
1.490328285924513637e-14
1.391781557586065694e-14
1.299062117359801218e-14
1.211885023188281697e-14
1.129974318199703797e-14
1.053063371624713290e-14
9.808952737382287034e-15
9.132220809543917472e-15
8.498051112798800301e-15
7.904141111083682369e-15
7.348283295661600840e-15
6.828358871167185770e-15
6.342344148330456824e-15
5.888305246155228908e-15
5.464395678054987111e-15
5.068861587175644262e-15
4.700039736942856134e-15
4.356347725559871439e-15
4.036264679881424525e-15
3.738342805754890392e-15
3.461206082694905842e-15
3.203548347431351019e-15
2.964127213072917348e-15
2.741758539536713894e-15
2.535323498269171438e-15
2.343759464076694462e-15
2.166065965671433091e-15
2.001306254984625552e-15
1.848601268417730674e-15
1.707130145908532452e-15
1.576115963127484614e-15
1.454834910914927306e-15
1.342609995112406703e-15
1.238800677318047665e-15
1.142814952457260918e-15
1.054101355455020554e-15
9.721583321114103805e-16
8.965180184955749867e-16
8.267175666920453038e-16
7.623166870355809549e-16
7.029014085489126359e-16
6.480919291335285858e-16
5.975353103035559434e-16
5.509113866369459960e-16
5.079164997586326400e-16
4.682712063483892903e-16
4.317144480927568447e-16
3.980126368545009576e-16
3.669419697363046973e-16
3.382953510769380119e-16
3.118891096036106954e-16
2.875457940706945159e-16
2.651041893494705320e-16
2.444140135443796863e-16
2.253406476208809639e-16
2.077570018241174807e-16
1.915466318481137631e-16
1.766012650717084613e-16
1.628238674658607081e-16
1.501222769752260560e-16
1.384115643293940324e-16
1.276160074330743671e-16
1.176625036396900699e-16
1.084854305261472711e-16
1.000255594940682059e-16
9.222515611975487987e-17
8.503345321459790230e-17
7.840293149982030902e-17
7.228993437238610864e-17
6.665344160736948871e-17
6.145652658666836950e-17
5.666482308522464665e-17
5.224660059911205688e-17
4.817300899296320161e-17
4.441681996613208310e-17
4.095301010682947795e-17
3.775938188748533517e-17
3.481446612078119006e-17
3.209858796823203446e-17
2.959405929832293565e-17
2.728438195418279428e-17
2.515447598428480825e-17
2.319012153930750203e-17
2.137824603517190106e-17
1.970764867631411936e-17
1.816675675308470211e-17
1.674559039251995164e-17
1.543472995297674484e-17
1.422525020108128940e-17
1.310896104532654467e-17
1.207811724900567794e-17
1.112628320638421794e-17
1.024734115592514122e-17
9.435709429271921244e-18
8.685890200673478123e-18
7.992784469147095526e-18
7.351956095612230258e-18
6.759797661515542232e-18
6.212822214540763268e-18
5.707494573421018797e-18
5.240611805087682068e-18
4.809225594720311980e-18
4.410412731684433559e-18
4.042056448314222433e-18
3.702194685123211034e-18
3.388358054792923109e-18
3.097478694496990722e-18
2.826852349682995968e-18
2.575923293200543938e-18
2.346625923463584759e-18
2.138495706276689046e-18
1.948082477765297230e-18
1.772235816345573692e-18
1.609033817137876029e-18
