# bin_4_3
3.977750056408421568e-12
4.003084900022294643e-12
4.029410505466549275e-12
4.056765313947236502e-12
4.085189216199059039e-12
4.114723665552979201e-12
4.145411700819839360e-12
4.177297987163175156e-12
4.210429267036841142e-12
4.244852877932042328e-12
4.280618764842660397e-12
4.317779568878720046e-12
4.356388669154109656e-12
4.396501904618299593e-12
4.438177243844434503e-12
4.481474815129094863e-12
4.526456994147686226e-12
4.573188527378888826e-12
4.621736608401522536e-12
4.672170938709328371e-12
4.724563825044963811e-12
4.778990195999419051e-12
4.835527834051076958e-12
4.894257506780627238e-12
4.955263362851520613e-12
5.018631113305952836e-12
5.084451166714887980e-12
5.152819589600488662e-12
5.223825244504528313e-12
5.297575926635164214e-12
5.374173062551184690e-12
5.453724513213821820e-12
5.536341469156336375e-12
5.622139523500745481e-12
5.711238672336752118e-12
5.803761910795764180e-12
5.899838860564421379e-12
5.999602188194390309e-12
6.103189292394433299e-12
6.210743032088502831e-12
6.322410932395021784e-12
6.438345641315878911e-12
6.558705607552738498e-12
6.683654140693606683e-12
6.813360728285346494e-12
6.948000057209308692e-12
7.087753087911254703e-12
7.232806914517385260e-12
7.383354681119335063e-12
7.539596131129711351e-12
7.701737316895770981e-12
7.869990969188839536e-12
8.044576776200890347e-12
8.225721313939263734e-12
8.413676206497425334e-12
8.608629229147335967e-12
8.810882262541360453e-12
9.020673468647644028e-12
9.238282013664596028e-12
9.463947127715731123e-12
9.697952469380853153e-12
9.940613132118337673e-12
1.019221077060639452e-11
1.045304920532738173e-11
1.072343990962831421e-11
1.100370230785017723e-11
1.129416371142885415e-11
1.159515968626038934e-11
1.190703376341654414e-11
1.223013713590826195e-11
1.256482831847622617e-11
1.291147358448452617e-11
1.327044651882472340e-11
1.364212768235966221e-11
1.402690347840223983e-11
1.442516561913240312e-11
1.483731122113257381e-11
1.526375711843630643e-11
1.570487873814096208e-11
1.616110267212433225e-11
1.663283873488117780e-11
1.712049947146396414e-11
1.762449714541651089e-11
1.814524247519913823e-11
1.868314320555753141e-11
1.923860426088188414e-11
1.981200072210268480e-11
2.040376167034197436e-11
2.101424632513376571e-11
2.164382055894648427e-11
2.229283383443862660e-11
2.296163784091986177e-11
2.365050929599216167e-11
2.435976125848997815e-11
2.508965948283719263e-11
2.584044177036946102e-11
2.661230775068377306e-11
2.740541962724254516e-11
2.821989993482848905e-11
2.905582794149782874e-11
2.991323486484500467e-11
3.079209668809225984e-11
3.169232730757268844e-11
3.261377664117554522e-11
3.355623721771993821e-11
3.451943478305080834e-11
3.550301920559413025e-11
3.650656510783633069e-11
3.752957253498713622e-11
3.857141365134139212e-11
3.963124049842573166e-11
4.070806834142108903e-11
4.180097657713630330e-11
4.290877609282909193e-11
4.402933371074196320e-11
4.516017733007180664e-11
4.629989290807001019e-11
4.744800389552404453e-11
4.860386960778675188e-11
4.976652385793276676e-11
5.093528845558884567e-11
5.210942138387704495e-11
5.328708464256093193e-11
5.446564233729912666e-11
5.564231970208943820e-11
5.681408467228065228e-11
5.797789677244604888e-11
5.913092953920207041e-11
6.027025477082971555e-11
6.139272659044014232e-11
6.249508855691720821e-11
6.357393318252196015e-11
6.462570215421011950e-11
6.564676048618591732e-11
6.663336485267228684e-11
6.758151387909992383e-11
6.848679311663262566e-11
6.934432459786010814e-11
7.014887900292106282e-11
7.089497936454568079e-11
7.157707694645689548e-11
7.218968673732294667e-11
7.272750540956032565e-11
7.318543606099698027e-11
7.355836884843696091e-11
7.384119032053119724e-11
7.402891142755190012e-11
7.411677542531246803e-11
7.410035614077994289e-11
7.397560545759515367e-11
7.373889785972127609e-11
7.338707028270818673e-11
7.291747772014737312e-11
7.232803094069432118e-11
7.161727288449896480e-11
7.078459032116606914e-11
6.983040967240849255e-11
6.875632198555274771e-11
6.756536067427912217e-11
6.626178763931043742e-11
6.485177610774095199e-11
6.334315004964009765e-11
6.174540481140779340e-11
6.006960083747413295e-11
5.832822976536156591e-11
5.653505191512988566e-11
5.470492576549623115e-11
5.285365345928707121e-11
5.099767228295508605e-11
4.915367518084702862e-11
4.733794256513843070e-11
4.556615354975808370e-11
4.385306288064217370e-11
4.221212713711434577e-11
4.065475263625107413e-11
3.918947831314174329e-11
3.782126116924318504e-11
3.655091107047991276e-11
3.537472306752068127e-11
3.428429253421035780e-11
3.326701306930510765e-11
3.230674560753646652e-11
3.138443344386483145e-11
3.047906427648176929e-11
2.956881930342978932e-11
2.863253474957812505e-11
2.765166482119813906e-11
2.661257705475907258e-11
2.550864696022054693e-11
2.434171345603757721e-11
2.312269941169514567e-11
2.187113329797944274e-11
2.061357710006613309e-11
1.938086964110013901e-11
1.820450395228459499e-11
1.711248433552917381e-11
1.612514917891676375e-11
1.525184129190409144e-11
1.448897158544881293e-11
1.382027110106610199e-11
1.321988924395746148e-11
1.265710125823166704e-11
1.210256380332520048e-11
1.153454847760384894e-11
1.094364554956897022e-11
1.033382249161240102e-11
9.720098157908450779e-12
9.123470120688171383e-12
8.564406541735471977e-12
8.056159862112382071e-12
7.601414671004551127e-12
7.192572994627118238e-12
6.815943889910731015e-12
6.457699183805829736e-12
6.108749396031745458e-12
5.767220050150387095e-12
5.436666376642141756e-12
5.123000131053698647e-12
4.830304726395659709e-12
4.559255214365370804e-12
4.307743900470361846e-12
4.072264342400265545e-12
3.850066887734563251e-12
3.639439053424019580e-12
3.440067517091662697e-12
3.252454164213807480e-12
3.076804132873692270e-12
2.912708615312105932e-12
2.758841509331675758e-12
2.613990409287718901e-12
2.477666864518134185e-12
2.349622097751637711e-12
2.229592053485273374e-12
2.116935482796401313e-12
2.010927587179606873e-12
1.911255490232439588e-12
1.817606379868846371e-12
1.729518680661665903e-12
1.646618543665128031e-12
1.568539520620905461e-12
1.494904232069571238e-12
1.425435729293505192e-12
1.359868276636972413e-12
1.297900946761124123e-12
1.239284354136666461e-12
1.183813640626989558e-12
1.131272901307806216e-12
1.081449510393486143e-12
1.034154412953007516e-12
9.892132548996985785e-13
9.464614628309035714e-13
9.057473244423963813e-13
8.669321570851132013e-13
8.298892724794907020e-13
7.945010585422458167e-13
7.606610508089619518e-13
7.282710417427227345e-13
6.972410875881717658e-13
6.674888785922623069e-13
6.389390358320719339e-13
6.115225962865933593e-13
5.851765581328850839e-13
5.598433845267463443e-13
5.354705448287267722e-13
5.120101082841436713e-13
4.894183573445009194e-13
4.676554152017154920e-13
4.466848937654191826e-13
4.264735686894748953e-13
4.069910738003275783e-13
3.882096186190479294e-13
3.701037275475865225e-13
3.526499990147680298e-13
3.358268848431970632e-13
3.196144861885884463e-13
3.039943688880544932e-13
2.889493924907486314e-13
2.744635562997425717e-13
2.605218580250201343e-13
2.471101659385818164e-13
2.342151019744493597e-13
2.218239351018740906e-13
2.099244844255706963e-13
1.985050290895957514e-13
1.875542269230746225e-13
1.770610377522427026e-13
1.670146544032290865e-13
1.574044377580694991e-13
1.482198586784076420e-13
1.394504447272675771e-13
1.310857329685727200e-13
1.231152298746856687e-13
1.155283766572958982e-13
1.083145230032936972e-13
1.014628382678729148e-13
9.496257839497461175e-14
8.880265895749619201e-14
8.297194535323072980e-14
7.745919165795131170e-14
7.225305754732359210e-14
6.734213185539402226e-14
6.271496022275852523e-14
5.836007801772271502e-14
5.426604462921613662e-14
5.042147807224173620e-14
4.681509255425386415e-14
4.343573462658092086e-14
4.027241386908756331e-14
3.731433798472103510e-14
3.455096608770467011e-14
3.197204915366754716e-14
2.956762482222001448e-14
2.732808808072312577e-14
2.524436621019392048e-14
2.330794075288724088e-14
2.151068933470308636e-14
1.984485217898878860e-14
1.830285940577998808e-14
1.687727790778102181e-14
1.556064032204908858e-14
1.434552151433491706e-14
1.322464892959580368e-14
1.219098133584697836e-14
1.123788892690375198e-14
1.035918340238801115e-14
9.549101649343653721e-15
8.802308093331085468e-15
8.113878234596779607e-15
7.479265789105144308e-15
6.894274933932824043e-15
6.355031997193287212e-15
5.857963456878274271e-15
5.399772976015023418e-15
4.977422326753448372e-15
4.588108750867555844e-15
4.229248054536544414e-15
3.898459337275362753e-15
3.593546176342741531e-15
3.312484331010874119e-15
3.053407352010421221e-15
2.814596367469824379e-15
2.594465433955547930e-15
2.391552648107825508e-15
2.204512166910061816e-15
2.032101759593061867e-15
1.873176346288429622e-15
1.726682230815220178e-15
1.591645671260108985e-15
1.467171762824868514e-15
1.352433555573867041e-15
1.246670426607441478e-15
1.149178422305493483e-15
1.059311497223753707e-15
9.764721039386015406e-16
9.001118097015548057e-16
8.297245717386940712e-16
7.648412072698429276e-16
7.050332498522451166e-16
6.499027610462660861e-16
5.990838339733975830e-16
5.522369528862568998e-16
5.090560021129598553e-16
4.692509091591077193e-16
4.325586805250169220e-16
3.987369376627518220e-16
3.675579263288555513e-16
3.388180675743697181e-16
3.123257554303412883e-16
2.879048153483580916e-16
2.653935238589521591e-16
2.446424592112364878e-16
2.255137329992701740e-16
2.078814259603223645e-16
1.916269874207998638e-16
1.766440431466293912e-16
1.628325437801024004e-16
1.500999554557748864e-16
1.383637418627377595e-16
1.275451376219657201e-16
1.175724281719208669e-16
1.083794715472373479e-16
9.990438230930371665e-17
9.209290386133911657e-17
8.489122526616295006e-17
7.825292916745749198e-17
7.213396358938342260e-17
6.649297759726036498e-17
6.129309417146841719e-17
5.649960436589214803e-17
5.208029758224521029e-17
4.800733839597504713e-17
4.425227069610118178e-17
4.079035885964737903e-17
3.759928671012052960e-17
3.465759493408436099e-17
3.194586422519469691e-17
2.944669540237885484e-17
2.714299727498767120e-17
2.501962992157046246e-17
2.306218052128823269e-17
