# bin_3_1
2.509026221653348113e-12
2.524698023617432640e-12
2.540977498197788433e-12
2.557887847710106065e-12
2.575453143320825633e-12
2.593698330438931831e-12
2.612649167987700059e-12
2.632332278234107824e-12
2.652775218651810065e-12
2.674006549501703916e-12
2.696055860419825097e-12
2.718953867086071523e-12
2.742732533426385715e-12
2.767424928304528741e-12
2.793065174456726084e-12
2.819688678945611654e-12
2.847332239946369925e-12
2.876033862639725692e-12
2.905832443071515953e-12
2.936768199808114280e-12
2.968882845803990832e-12
3.002219796480768960e-12
3.036823873137115140e-12
3.072741241930385822e-12
3.110019803309015675e-12
3.148709252417015884e-12
3.188860115187197466e-12
3.230524532200456214e-12
3.273756820763322430e-12
3.318612949042572590e-12
3.365150469754449015e-12
3.413429132627858364e-12
3.463510190406323476e-12
3.515456244209570017e-12
3.569332295010300954e-12
3.625205129261675786e-12
3.683143413118024629e-12
3.743217964152716470e-12
3.805500917130878988e-12
3.870066593572073915e-12
3.936991378563239377e-12
4.006350542140298752e-12
4.078233810617933745e-12
4.152713841294509889e-12
4.229877757953214827e-12
4.309811656712056443e-12
4.392602677265598839e-12
4.478337074683622810e-12
4.567112883842171349e-12
4.659023180216609574e-12
4.754155176987593087e-12
4.852608009123611836e-12
4.954479093550364110e-12
5.059863392746322501e-12
5.168868516544752360e-12
5.281595085568053868e-12
5.398136580827251439e-12
5.518598197207675847e-12
5.643082986741930096e-12
5.771691243212081103e-12
5.904527309584560883e-12
6.041689814541154767e-12
6.183283689879526387e-12
6.329404273563093687e-12
6.480154107719822155e-12
6.635625848198855511e-12
6.795914204556840524e-12
6.961112283037386969e-12
7.131305208066972587e-12
7.306579598067302116e-12
7.487010716819822340e-12
7.672671940948494334e-12
7.863633023610567818e-12
8.059955289997652094e-12
8.261693843237494268e-12
8.468895351518141111e-12
8.681596983671366224e-12
8.899827601846046077e-12
9.123605727675836882e-12
9.352937783081236978e-12
9.587820199427509781e-12
9.828237221474211450e-12
1.007415798092041680e-11
1.032553839053518085e-11
1.058231730371130308e-11
1.084441401499024473e-11
1.111172832449968436e-11
1.138414658118221921e-11
1.166154230354041392e-11
1.194376609693954228e-11
1.223063402343244857e-11
1.252192211081682804e-11
1.281738438098978340e-11
1.311679692873715097e-11
1.341996742173063037e-11
1.372665854525524916e-11
1.403651132621141155e-11
1.434908834805446439e-11
1.466395273334674745e-11
1.498067585209401778e-11
1.529880683481168049e-11
1.561783575066137896e-11
1.593717557643919493e-11
1.625621315840253344e-11
1.657436227485321035e-11
1.689102077968047679e-11
1.720551825018696279e-11
1.751712667495511030e-11
1.782512227393933876e-11
1.812880709215965188e-11
1.842744331133951405e-11
1.872024023641746407e-11
1.900640440409382630e-11
1.928513808722391440e-11
1.955555729686271960e-11
1.981668508693677446e-11
2.006751049669568393e-11
2.030718242835841801e-11
2.053465909568497069e-11
2.074891714588922535e-11
2.094898428758916417e-11
2.113391291707448693e-11
2.130273164203694408e-11
2.145448259938427426e-11
2.158826503052519734e-11
2.170322067614327556e-11
2.179852562499287477e-11
2.187337829505648398e-11
2.192700849496936603e-11
2.195870705125566921e-11
2.196784228129797741e-11
2.196670173334237606e-11
2.191628017567859758e-11
2.185472648320303028e-11
2.176892711396700014e-11
2.165872336581527078e-11
2.152408722357543690e-11
2.136509256424751927e-11
2.118203315145086567e-11
2.097508631238443052e-11
2.074474662571343046e-11
2.049155034961851147e-11
2.021614289490229792e-11
1.991927757819211072e-11
1.960179746460815268e-11
1.926464699234661861e-11
1.890885973452504868e-11
1.853557840061191489e-11
1.814601895942772081e-11
1.774149729312379291e-11
1.732342502863686131e-11
1.689331140441619576e-11
1.645278129306180132e-11
1.600351716618465062e-11
1.554726203309022957e-11
1.508583409298110320e-11
1.462111343535071058e-11
1.415505123478106971e-11
1.368962828763733371e-11
1.322683063426137511e-11
1.276863765714160141e-11
1.231699119808949298e-11
1.187370984346400110e-11
1.144059213269991074e-11
1.101915813482559120e-11
1.061075293219621796e-11
1.021647613292960729e-11
9.837105752057808719e-12
9.473035577151247228e-12
9.124216362853960996e-12
8.790116995382562302e-12
8.469719999934879704e-12
8.161556214634165204e-12
7.863778541005203499e-12
7.574265867955344422e-12
7.290763738431108165e-12
7.011080058008396032e-12
6.733316680955721341e-12
6.456070952209890270e-12
6.178618521286224549e-12
5.901057518846011396e-12
5.624334889948029836e-12
5.350150939155372496e-12
5.080771387740285428e-12
4.818739591751493362e-12
4.566521728093462832e-12
4.326201527298168614e-12
4.099234809958488824e-12
3.886327813865070164e-12
3.687409622153747972e-12
3.501728382398667850e-12
3.328041350543035586e-12
3.164813928790242506e-12
3.010406960945653874e-12
2.863193608307181525e-12
2.721739499984024051e-12
2.584996136260311710e-12
2.452484032251900476e-12
2.324307539754291343e-12
2.201062634442893353e-12
2.083565306211883143e-12
1.972526096576562025e-12
1.868267353154110115e-12
1.770681142080656363e-12
1.679329732603322938e-12
1.593558941884267798e-12
1.512645449701645708e-12
1.435900826626139586e-12
1.362881438319722221e-12
1.293396974255706876e-12
1.227455041732399523e-12
1.165133339734707399e-12
1.106411123169484616e-12
1.051186533528179710e-12
9.992833868493942721e-13
9.504848674104185488e-13
9.045295800551319956e-13
8.611566607700331643e-13
8.201390506288912570e-13
7.812945495257652957e-13
7.445080159170999620e-13
7.096904934020506561e-13
6.767796268490870898e-13
6.457100543254235613e-13
6.163797311741453480e-13
5.886504250822429412e-13
5.623719458512721750e-13
5.374202562681602017e-13
5.137113718954974825e-13
4.911998706561787448e-13
4.698346645413432090e-13
4.495393380920385112e-13
4.302214342231624547e-13
4.117900286707034006e-13
3.941941259930451865e-13
3.774107215633333672e-13
3.613939345388063356e-13
3.460820462128328277e-13
3.314246667463428635e-13
3.173857038263780404e-13
3.039315668868695715e-13
2.910285072781383655e-13
2.786429047434501278e-13
2.667475893475681496e-13
2.553166716325369379e-13
2.443253500395255630e-13
2.337505127404460475e-13
2.235719936229893708e-13
2.137715636082890380e-13
2.043324554168456056e-13
1.952391477151767705e-13
1.864773923819595276e-13
1.780339375133803944e-13
1.698966574828697904e-13
1.620546167448555713e-13
1.544976820182632016e-13
1.472163059856437906e-13
1.402016667410020281e-13
1.334456355608633282e-13
1.269405474153108773e-13
1.206792336290665667e-13
1.146548778387738087e-13
1.088610481140254674e-13
1.032916011740717795e-13
9.794064546957562683e-14
9.280251229194465586e-14
8.787172044445972245e-14
8.314294523459264830e-14
7.861099367286173332e-14
7.427078125809468953e-14
7.011731096513840019e-14
6.614565591012242691e-14
6.235094421829744041e-14
5.872834550845326059e-14
5.527305988916035903e-14
5.198030882894056550e-14
4.884532804356245484e-14
4.586336176550722131e-14
4.302965932432750050e-14
4.033947328761953977e-14
3.778805930618369276e-14
3.537067735896130012e-14
3.308259485873874960e-14
3.091909091976367809e-14
2.887546203071738110e-14
2.694702877956214413e-14
2.512914353257462475e-14
2.341719950293559012e-14
2.180663969807878265e-14
2.029296549688061729e-14
1.887174551787116167e-14
1.753862581330515043e-14
1.628934117875577498e-14
1.511972346477725216e-14
1.402570251911611473e-14
1.300330808261008418e-14
1.204868204074573586e-14
1.115809033906643812e-14
1.032792928929653083e-14
9.554728744790334164e-15
8.835153019577629920e-15
8.166006002534483349e-15
7.544236611467907161e-15
6.966935473093477404e-15
6.431329550847968285e-15
5.934781389342167625e-15
5.474788557041475217e-15
5.048978760978393888e-15
4.655097266881818174e-15
4.290997774638413886e-15
3.954662556062330371e-15
3.644162219076871054e-15
3.357641234361192706e-15
3.093365975641053169e-15
2.849693361783248231e-15
2.625072731055249153e-15
2.418050201412514497e-15
2.227274000223265061e-15
2.051489177935511846e-15
1.889528905808370184e-15
1.740315468850887297e-15
1.602855154540907469e-15
1.476231814760440690e-15
1.359599151662527907e-15
1.252171998999494249e-15
1.153225168284736433e-15
1.062089643718860439e-15
9.781496843235241501e-16
9.008379280677588121e-16
8.296329160911473762e-16
7.640528690704233059e-16
7.036545542108508387e-16
6.480287920322643729e-16
5.968000720753073061e-16
5.496210484561680025e-16
5.061714757412822682e-16
4.661577930287855628e-16
4.293079437154262913e-16
3.953717817210976036e-16
3.641183195486451423e-16
3.353365268449961943e-16
3.088303696655676588e-16
2.844192360966631740e-16
2.619387471099911139e-16
2.412355789762966414e-16
2.221684521559133701e-16
2.046094559129466156e-16
1.884377215892615661e-16
1.735453134500659977e-16
1.598301908542381138e-16
1.471983302082532990e-16
1.355659443948320790e-16
1.248522799337695124e-16
1.149858812081410662e-16
1.058991824046544296e-16
9.753059314958447627e-17
8.982343836456446756e-17
8.272557023866927438e-17
7.618845198041242019e-17
7.016798143093749608e-17
6.462315382173689267e-17
5.951636520998102215e-17
5.481320813628530749e-17
5.048167455615000311e-17
4.649221947605612586e-17
4.281779886988974354e-17
3.943358085449382129e-17
3.631659556100190320e-17
3.344628017214720301e-17
3.080445840849314794e-17
2.836538481992973918e-17
2.612152967741858111e-17
2.405437038670345187e-17
2.215003786434323547e-17
2.039552250969048871e-17
1.877874375914606711e-17
1.728877571631562771e-17
1.591533566608679114e-17
1.464920091182508013e-17
1.348173626807825689e-17
1.240498208896322870e-17
1.141167426989803003e-17
1.049502477830382070e-17
9.648900199318740413e-18
8.867691108696610234e-18
8.146263776823845279e-18
7.479879007485990326e-18
6.864189479670246123e-18
6.294849239964687071e-18
5.768312363804869952e-18
5.281529241462169928e-18
4.831717470529272270e-18
4.415187551017998384e-18
4.028768629801811541e-18
3.670180521131154874e-18
3.340594213311448519e-18
3.042436646739248672e-18
2.770624134650180601e-18
2.519613377546787244e-18
2.287230715503515963e-18
