# bin_4_4
5.384225475623021879e-12
5.415384052026614522e-12
5.447758712983835496e-12
5.481414061042692835e-12
5.516369295735998902e-12
5.552686967384966104e-12
5.590778294035074144e-12
5.629622785181266523e-12
5.670350419116678105e-12
5.712668222603900424e-12
5.756625457870680960e-12
5.802295482747613368e-12
5.849738619926726503e-12
5.899027920976552880e-12
5.950231685557675258e-12
6.003423328082399474e-12
6.058681608366495186e-12
6.116080557330593981e-12
6.175704608971681157e-12
6.237639155329708035e-12
6.301969717173201593e-12
6.368793199796767415e-12
6.438199256399440948e-12
6.510289138511516305e-12
6.585169146105214244e-12
6.662936812475560669e-12
6.743697891240476827e-12
6.827584495606906418e-12
6.914724230147112237e-12
7.005170174165713861e-12
7.099122330951200874e-12
7.196687280997686032e-12
7.298001082975284916e-12
7.403204576623216759e-12
7.512447171669106795e-12
7.625871686476443825e-12
7.742350935489258993e-12
7.865908312648914107e-12
7.992865245449512373e-12
8.124650134490900905e-12
8.261469969288360201e-12
8.403502029232920126e-12
8.550933457335771866e-12
8.703973572891200128e-12
8.862826506476482206e-12
9.027698326148254560e-12
9.198819997270656354e-12
9.376404817967322418e-12
9.560684999117975121e-12
9.751921120695407179e-12
9.950352676692976418e-12
1.015625098730236829e-11
1.036986965896251114e-11
1.059148865350478745e-11
1.082139326466236691e-11
1.105988083291920908e-11
1.130724578418540600e-11
1.156380722316086063e-11
1.182988730260777801e-11
1.210581217569636585e-11
1.239192644106626607e-11
1.268858231181306584e-11
1.299614702164521394e-11
1.331498391975648203e-11
1.364547969106467785e-11
1.398802590255356085e-11
1.434302120867232622e-11
1.471088301590351595e-11
1.509203484980456226e-11
1.548690130278503081e-11
1.589593552413697926e-11
1.631967623655538159e-11
1.675913574794557657e-11
1.721264248620126532e-11
1.768301386502058897e-11
1.816990435129396094e-11
1.867385296465464973e-11
1.919535436230503285e-11
1.973439784667594560e-11
2.029311808440547287e-11
2.087043595138290640e-11
2.146742737686421957e-11
2.208463439618670332e-11
2.272260119442066921e-11
2.338187338991913690e-11
2.406293016441790552e-11
2.476651598476153081e-11
2.549297341517853939e-11
2.624289985977512278e-11
2.701681730044006215e-11
2.781531193215620570e-11
2.863870795691292900e-11
2.948766171639782546e-11
3.036264382372343670e-11
3.126396007570934902e-11
3.219216454596927633e-11
3.314766044682961866e-11
3.413065551568581598e-11
3.514161809684989708e-11
3.618060374279074542e-11
3.724828876603749070e-11
3.834445983177449155e-11
3.946928295013649945e-11
4.062286369796048255e-11
4.180515750771354497e-11
4.301601984477749688e-11
4.425543423448559774e-11
4.552319256922173012e-11
4.681869600698624117e-11
4.814162748434607915e-11
4.949135243472511372e-11
5.086722914765645460e-11
5.226851537097422593e-11
5.369426469812713440e-11
5.514315586533280149e-11
5.661344997925630070e-11
5.810309878712407144e-11
5.960996105727478528e-11
6.113197134759162694e-11
6.266675901576930503e-11
6.421196100942219942e-11
6.576671563468889192e-11
6.733193699007461000e-11
6.890801838701767588e-11
7.049245441257829127e-11
7.208062068428652598e-11
7.366857476212282515e-11
7.525317989158758830e-11
7.683101504426996226e-11
7.839778937465707846e-11
7.994968070275008380e-11
8.148272556061867660e-11
8.299245267588574622e-11
8.447442967758241160e-11
8.592401208832497727e-11
8.733635231874119532e-11
8.870636951012159958e-11
9.002875079912026850e-11
9.129800010882039791e-11
9.250820810215999657e-11
9.365271746505304345e-11
9.472401213047124924e-11
9.571411581627697827e-11
9.661532215221419525e-11
9.742050771218041905e-11
9.812294567183578977e-11
9.871585839785086489e-11
9.919223244206547345e-11
9.954489149402453369e-11
9.976681625638157306e-11
9.985137019668346354e-11
9.979265542628420678e-11
9.958568114707250287e-11
9.922595585351757852e-11
9.870925045489040764e-11
9.803176197889175214e-11
9.719063608266103231e-11
9.618436534888539894e-11
9.501279040121604448e-11
9.367700908964579454e-11
9.217955391786040904e-11
9.052488113162062491e-11
8.871973030246845661e-11
8.677324350947580904e-11
8.469693666241966743e-11
8.250464157705906684e-11
8.021187930912894226e-11
7.783630310296197991e-11
7.539708762759095023e-11
7.291487725429941303e-11
7.041149837933449961e-11
6.790948382007135068e-11
6.543150917609315480e-11
6.299981251610124566e-11
6.063545280015055544e-11
5.835767319985721472e-11
5.618358746551863354e-11
5.412771769385937524e-11
5.220091572207728901e-11
5.040852758007431129e-11
4.874901280613189483e-11
4.721398923216195189e-11
4.578918692787463937e-11
4.445546898976770073e-11
4.318931085511084806e-11
4.196334872357198555e-11
4.074783982280098969e-11
3.951250087453606599e-11
3.822886364280994742e-11
3.687334162786800018e-11
3.543050738143090310e-11
3.389582741294645165e-11
3.227743868322206491e-11
3.059642006189600370e-11
2.888512133967210679e-11
2.718376532153833468e-11
2.553599967816133734e-11
2.398387335251242135e-11
2.256224241360760209e-11
2.129312027978284939e-11
2.018141989170993834e-11
1.921330368818086036e-11
1.835825584706355224e-11
1.757488277229477277e-11
1.681940135395799943e-11
1.605514145024023035e-11
1.526023961101216521e-11
1.443161037144863772e-11
1.358457774984201918e-11
1.274760258596376304e-11
1.195294677756644138e-11
1.122567853219569448e-11
1.057601703470532578e-11
9.997815769887894051e-12
9.472383963736874061e-12
8.976359772428260542e-12
8.491243697474328593e-12
8.010443984219891036e-12
7.539909810194170855e-12
7.092004306773116546e-12
6.677257610883138571e-12
6.298140673285145181e-12
5.948936916164754364e-12
5.620412941058688069e-12
5.305904072800668690e-12
5.005017895320334345e-12
4.721260991837936054e-12
4.457485980415834523e-12
4.212583389362614189e-12
3.982660034198803699e-12
3.765157473023303131e-12
3.559992132418124305e-12
3.368063309142888274e-12
3.188978871183619042e-12
3.020836981883063733e-12
2.862389346405540278e-12
2.713519947241336809e-12
2.574131358483944864e-12
2.443519850407461159e-12
2.320635380233041269e-12
2.204924616795767123e-12
2.096285344033183430e-12
1.994241105780752944e-12
1.898064565154285968e-12
1.807352848266510950e-12
1.721872412745633456e-12
1.641260121267132499e-12
1.565134452388093209e-12
1.493198544976468839e-12
1.425176505615870937e-12
1.360788922476228619e-12
1.299776224352414296e-12
1.241902295141067274e-12
1.186948674350217063e-12
1.134713320508129191e-12
1.085010123235671928e-12
1.037667819539438794e-12
9.925290176409035237e-13
9.494490917391215482e-13
9.082951284291437613e-13
8.689451159941631300e-13
8.312871367219398487e-13
7.952185416469277103e-13
7.606452401408996896e-13
7.274810742030664710e-13
6.956471928107792932e-13
6.650714821472127396e-13
6.356880127916950186e-13
6.074365238158416757e-13
5.802619344672740564e-13
5.541131876591115745e-13
5.289456528400331465e-13
5.047164202864971227e-13
4.813868448628970227e-13
4.589214624404913257e-13
4.372876736130768778e-13
4.164554439680608137e-13
3.963970552942359427e-13
3.770868255229064819e-13
3.585009036639452301e-13
3.406170575074768306e-13
3.234144845549127889e-13
3.068736416843555948e-13
2.909760889540043395e-13
2.757043496156917192e-13
2.610417814498550803e-13
2.469724542919447556e-13
2.334810723688780131e-13
2.205528347959929767e-13
2.081733773703232694e-13
1.963286844736830211e-13
1.850050168647649752e-13
1.741888444370622822e-13
1.638667867656177793e-13
1.540255589059237040e-13
1.446519192595264113e-13
1.357326553060452409e-13
1.272545133136172717e-13
1.192042009081456740e-13
1.115683636621553251e-13
1.043335777180392342e-13
9.748634971541492960e-14
9.101312036349424519e-14
8.490029952430654271e-14
7.913425421967967871e-14
7.370135782040410127e-14
6.858801517955251577e-14
6.378069646966490752e-14
5.926598795437512438e-14
5.503057221173640547e-14
5.106144359739164505e-14
4.734555332544861865e-14
4.387033943873181040e-14
4.062349230492210761e-14
3.759312039535682832e-14
3.476784786620716062e-14
3.213682238649058681e-14
2.968976407026482764e-14
2.741706633665441515e-14
2.530963563994869012e-14
2.335837975347285993e-14
2.155380688940722590e-14
1.988619966312763829e-14
1.834609569609216732e-14
1.692441510792112816e-14
1.561239815851962971e-14
1.440177605138224624e-14
1.328484659096518979e-14
1.225444385070177982e-14
1.130391252274617376e-14
1.042708870758879441e-14
9.618271097424264812e-15
8.872190613139812537e-15
8.183990203182136161e-15
7.549179874657531969e-15
6.963616194300106073e-15
6.423483834412075480e-15
5.925255335501794044e-15
5.465679217667596500e-15
5.041753820268001722e-15
4.650717773791417340e-15
4.290016665476866468e-15
3.957295035430446625e-15
3.650385430294683502e-15
3.367283390979354979e-15
3.106141747823527735e-15
2.865253730055649685e-15
2.643051016430573652e-15
2.438086660069044215e-15
2.249020424241905391e-15
2.074615907744321782e-15
1.913741666448458972e-15
1.765345031298840240e-15
1.628455189223556276e-15
1.502181790080597681e-15
1.385705164882836477e-15
1.278258248896099513e-15
1.179146939440112480e-15
1.087723104858092290e-15
1.003389332350482896e-15
9.255887543620351164e-16
8.538284257523182054e-16
7.876282549580868930e-16
7.265663051604216351e-16
6.702344329285935900e-16
6.182701703342440686e-16
5.703407829105772241e-16
5.261224474791570238e-16
4.853327289870691117e-16
4.477111544020836863e-16
4.130019588852061227e-16
3.809843985044217596e-16
3.514496595714865985e-16
3.242050851290378180e-16
2.990728888500447884e-16
2.758924927110100638e-16
2.545062216079155683e-16
2.347751851423558866e-16
2.165768937736296166e-16
1.997895966278199874e-16
1.843038582759349536e-16
1.700187371298634856e-16
1.568393213251176028e-16
1.446819788226199759e-16
1.334675319978361970e-16
1.231228314502942983e-16
1.135796571146360009e-16
1.047763435709364914e-16
9.665535436626901082e-17
8.916350486921779582e-17
8.225248150200116243e-17
7.587772777607791215e-17
6.999658450785158646e-17
6.457086418273916453e-17
5.956579191051214444e-17
5.494901476717712983e-17
5.069007082758578855e-17
4.676132030293346875e-17
4.313729403296340560e-17
3.979401808702046359e-17
