# 2pt_angle
2.602875669890280987e-03
3.276446424361905124e-03
4.124830101102024658e-03
5.193236574293580952e-03
6.537186450638044627e-03
8.230407014720176814e-03
1.036070179763923758e-02
1.304290123491618110e-02
1.641985979403928070e-02
2.067031134346031251e-02
2.602152411370738452e-02
3.275855185409323050e-02
4.123740293286091291e-02
5.191267454299773598e-02
6.534625863169879478e-02
2.602916050453265087e-03
3.276459498157910551e-03
4.124891853323509397e-03
5.193246406111413048e-03
6.537284971012751085e-03
8.230408519688502123e-03
1.036079364244952943e-02
1.304300925738693419e-02
1.641995681910314933e-02
2.067033308857564242e-02
2.602159488954290320e-02
3.275873174517923703e-02
4.123761666006335591e-02
5.191260124469602999e-02
6.534641941317481661e-02
2.067459030162122589e-03
2.603021036955780517e-03
3.276556749765516512e-03
4.125008873490154659e-03
5.193359760359407204e-03
6.537422046932363576e-03
8.230600149917230782e-03
1.036098138644087931e-02
1.304319166250336726e-02
1.642011464727845607e-02
2.067065964689271743e-02
2.602166677840397208e-02
3.275914014437022320e-02
4.123803162576476083e-02
5.191281317246400351e-02
6.534671706046189799e-02
2.067487137572715170e-03
2.603080362558740646e-03
3.276576057673988209e-03
4.124950969370604244e-03
5.193484745219738297e-03
6.537318361546625399e-03
8.230794058324233942e-03
1.036102020253435591e-02
1.304322675272613294e-02
1.642011876020501790e-02
2.067070035800651698e-02
2.602174203109628922e-02
3.275959978439182962e-02
4.123811785317467449e-02
5.191327497553032549e-02
6.534739535067798921e-02
1.642143842538179837e-03
2.067349815390054531e-03
2.602896926677029325e-03
3.276411285822607242e-03
4.124880005999457915e-03
5.193165594254540995e-03
6.537263819047569105e-03
8.230321223875281672e-03
1.036071278672671611e-02
1.304292180827562597e-02
1.641978015129120713e-02
2.067006096358727993e-02
2.602129999027672988e-02
3.275850366613436426e-02
4.123747936141063108e-02
5.191197342009348792e-02
6.534609203594925197e-02
1.642207826907787814e-03
2.067413117024674389e-03
2.602979308809537026e-03
3.276477721256985855e-03
4.124948516223073645e-03
5.193253040544231272e-03
6.537365982564376926e-03
8.230480370443216120e-03
1.036083818339748538e-02
1.304307747826404656e-02
1.641987756919960351e-02
2.067030059287207691e-02
2.602122796804341373e-02
3.275884282491414723e-02
4.123761875271311772e-02
5.191219587801462060e-02
6.534617103915051073e-02
1.642237939690055319e-03
2.067442691041255099e-03
2.603048758616611103e-03
3.276517731533824026e-03
4.124984451534263914e-03
5.193390877456486796e-03
6.537330304776518310e-03
8.230670508880856551e-03
1.036096217155845628e-02
1.304321110538396965e-02
1.641996650617500927e-02
2.067039714637707026e-02
2.602138743752634847e-02
3.275933863077584718e-02
4.123760907282619792e-02
5.191256331549160691e-02
6.534683484284291299e-02
1.304335575082563817e-03
1.642148098541014282e-03
2.067318391216837851e-03
2.602908598604217107e-03
3.276351421232885641e-03
4.124845822766127178e-03
5.193128820050845786e-03
6.537192314304378360e-03
8.230352174118884048e-03
1.036068053344938247e-02
1.304293536573145756e-02
1.641974146938446344e-02
2.067022820633037175e-02
2.602095030311820517e-02
3.275885406105298603e-02
4.123757409351911513e-02
5.191225951184648413e-02
6.534602412664249071e-02
1.304387164449618587e-03
1.642158129625994733e-03
2.067372945150709046e-03
2.603009671848748388e-03
3.276437105729051481e-03
4.124879218652344193e-03
5.193309483561398508e-03
6.537178470701816325e-03
8.230603814177818445e-03
1.036084017092026022e-02
1.304306516930040828e-02
1.641980371303249087e-02
2.067029536764718525e-02
2.602101747010733893e-02
3.275933344511175460e-02
4.123748778058806269e-02
5.191261656926864088e-02
6.534668286364408996e-02
1.304303345692969839e-03
1.642104921820942195e-03
2.067333476565892843e-03
2.603046520458738092e-03
3.276342310817812256e-03
4.124704208059617148e-03
5.193432032931113995e-03
6.536844508203544339e-03
8.230755985508309697e-03
1.036069231192019574e-02
1.304290284704772221e-02
1.641960977454764645e-02
2.067008845767171962e-02
2.602066137215084882e-02
3.275951448113374742e-02
4.123716520970836796e-02
5.191267211524474429e-02
6.534721951370094095e-02
3.275855185409323050e-02
4.123740293286091291e-02
5.191267454299773598e-02
6.534625863169879478e-02
2.602159488954290320e-02
3.275873174517923703e-02
4.123761666006335591e-02
5.191260124469602999e-02
6.534641941317481661e-02
2.602166677840397208e-02
3.275914014437022320e-02
4.123803162576476083e-02
5.191281317246400351e-02
6.534671706046189799e-02
2.602174203109628922e-02
3.275959978439182962e-02
4.123811785317467449e-02
5.191327497553032549e-02
6.534739535067798921e-02
2.067006096358727993e-02
2.602129999027672988e-02
3.275850366613436426e-02
4.123747936141063108e-02
5.191197342009348792e-02
6.534609203594925197e-02
2.067030059287207691e-02
2.602122796804341373e-02
3.275884282491414723e-02
4.123761875271311772e-02
5.191219587801462060e-02
6.534617103915051073e-02
1.641996650617500927e-02
2.067039714637707026e-02
2.602138743752634847e-02
3.275933863077584718e-02
4.123760907282619792e-02
5.191256331549160691e-02
6.534683484284291299e-02
1.641974146938446344e-02
2.067022820633037175e-02
2.602095030311820517e-02
3.275885406105298603e-02
4.123757409351911513e-02
5.191225951184648413e-02
6.534602412664249071e-02
1.641980371303249087e-02
2.067029536764718525e-02
2.602101747010733893e-02
3.275933344511175460e-02
4.123748778058806269e-02
5.191261656926864088e-02
6.534668286364408996e-02
1.304290284704772221e-02
1.641960977454764645e-02
2.067008845767171962e-02
2.602066137215084882e-02
3.275951448113374742e-02
4.123716520970836796e-02
5.191267211524474429e-02
6.534721951370094095e-02
