# 2pt_theory
5.500853374984874626e-06
4.415289064590580202e-06
3.543737894205477571e-06
2.854981135216042583e-06
2.313449262113154631e-06
1.885094614182489340e-06
1.541809063110809647e-06
1.261050772545434611e-06
1.026875187497416662e-06
8.284808115085790641e-07
6.591833872755822305e-07
5.148585217876165780e-07
3.931830806033331841e-07
2.923068483553149716e-07
2.107232612674908814e-07
7.018605418964684959e-06
5.639019279618838755e-06
4.539652104877056697e-06
3.673173874571437787e-06
2.989658067805157730e-06
2.444576113471363166e-06
2.002569931760926522e-06
1.636602533390983110e-06
1.328090395158852592e-06
1.064954101206425335e-06
8.400998724199771175e-07
6.489869278728255899e-07
4.890809286182469799e-07
3.580268843632977348e-07
2.535667959703879775e-07
1.114655364716282030e-05
8.960920259802801681e-06
7.208399532649411568e-06
5.819625870423349794e-06
4.726378930108028660e-06
3.860988914046486211e-06
3.165566551782700926e-06
2.595894617610905843e-06
2.119222816440497517e-06
1.714063461374086323e-06
1.366918204004401140e-06
1.070044014418790791e-06
8.185500454698641432e-07
6.095385397051398787e-07
4.399735556823804559e-07
3.066429331704298550e-07
1.208835483771252044e-05
9.725083558478881231e-06
7.832086202741970021e-06
6.331069944552385404e-06
5.146606320927175013e-06
4.206126912859059604e-06
3.447084394528743726e-06
2.823221444140296815e-06
2.299932028901725362e-06
1.854891160873608958e-06
1.474042653734827153e-06
1.149259546861106138e-06
8.752289517414036930e-07
6.487313312179313835e-07
4.662112917692515677e-07
3.226123018043242595e-07
1.499911909700172056e-05
1.210850864257450941e-05
9.748325575502832252e-06
7.861198079236033913e-06
6.365172286462875667e-06
5.183373189988348794e-06
4.241924539039246600e-06
3.479530058706828535e-06
2.850155343024218095e-06
2.320440995647746001e-06
1.868860620379198538e-06
1.482055303033937360e-06
1.152297337579359885e-06
8.745723039713327742e-07
6.455448044992424945e-07
4.614200078701472959e-07
3.181730170777810587e-07
2.094802532238974714e-05
1.689184217066420096e-05
1.362191923627863390e-05
1.102917176655672984e-05
8.977739532177555335e-06
7.349917663567135085e-06
6.039543103592559390e-06
4.962922832436077313e-06
4.060868367596669144e-06
3.292176599746861065e-06
2.632000514611544151e-06
2.065534643877017862e-06
1.584541735619510918e-06
1.183036930595532208e-06
8.563775943555362597e-07
5.983218666693089900e-07
4.020641655343726080e-07
2.319062773213542675e-05
1.870752776674565259e-05
1.510305120835026963e-05
1.224768717428742106e-05
9.986064003909345729e-06
8.185202758611809408e-06
6.729674561726818289e-06
5.528512928166679122e-06
4.517553636464698909e-06
3.653839573288495127e-06
2.911829663271429951e-06
2.275942252484613013e-06
1.737508540764060932e-06
1.289937217158145642e-06
9.279197765530719578e-07
6.440014299560243742e-07
4.284872753937903907e-07
4.290544053547130546e-05
3.472697842094362922e-05
2.812463073735128156e-05
2.285815810700391300e-05
1.868399018530602330e-05
1.534684708739513705e-05
1.264535191973041076e-05
1.041425658299995269e-05
8.533273844068528022e-06
6.924665652812386207e-06
5.538110362932685416e-06
4.346013347076490260e-06
3.332011251095342321e-06
2.485847421078038367e-06
1.796525453368214940e-06
1.252878179463881662e-06
8.396300362969083215e-07
5.435593575091828729e-07
5.047970290208371507e-05
4.090112654056832073e-05
3.320010712144672336e-05
2.706518159486672351e-05
2.219242518029016615e-05
1.827524645709197531e-05
1.507848069051821960e-05
1.241635249544937510e-05
1.015451531933046410e-05
8.211062526774586906e-06
6.532874562516160283e-06
5.092194574864523477e-06
3.871952736040005384e-06
2.860632368528618731e-06
2.044043774105885481e-06
1.406981172052724551e-06
9.298337297899173399e-07
5.955708063671426632e-07
6.394991805665991593e-05
5.201632474980840933e-05
4.244430572236264332e-05
3.479284778318095949e-05
2.866347184477694777e-05
2.367048862013250264e-05
1.953276674115547623e-05
1.604178350662855559e-05
1.304482615511709990e-05
1.046017967204655312e-05
8.231646641353122305e-06
6.331560565099052526e-06
4.740146010476602970e-06
3.440642072274914154e-06
2.409821708541463870e-06
1.623224307699529100e-06
1.053782651566410758e-06
6.558243475428647376e-07
4.084548200603335175e-07
3.386393923462033676e-07
2.829508220849408277e-07
2.375765423729870309e-07
6.408571239593830552e-07
5.298641415881253041e-07
4.418947755450956175e-07
3.709203283403610397e-07
3.121288821030671782e-07
8.262255910961982745e-07
6.866578784841626704e-07
5.754375188822725546e-07
4.847542407170597893e-07
4.084773341102583113e-07
9.021801083728135751e-07
7.509083437565929795e-07
6.297772431339201672e-07
5.303795520657871214e-07
4.457839177933197624e-07
1.098206379422221233e-06
9.080921147493905025e-07
7.574646917388640648e-07
6.363513353432838479e-07
5.364489940973791623e-07
4.516520712689032016e-07
1.551741492715505310e-06
1.292852989352859291e-06
1.086236026200177498e-06
9.175117062388134315e-07
7.755042522611742396e-07
6.524550673444346782e-07
2.089009699422333549e-06
1.728389693618700213e-06
1.443463392618120605e-06
1.214848222000886855e-06
1.027118232603227583e-06
8.679513335339568161e-07
7.286542100095124201e-07
3.190490785592885071e-06
2.670336159930687679e-06
2.253316338841098913e-06
1.910430734924287703e-06
1.619690712882390970e-06
1.366023367438737534e-06
1.141531749354949021e-06
3.793093795674762740e-06
3.188937019930040276e-06
2.700598253070839421e-06
2.294264035603544304e-06
1.945314392040960757e-06
1.638219731564986585e-06
1.363855733548585353e-06
5.855587307551764155e-06
4.917602801605242772e-06
4.162852856474576964e-06
3.540427371669318121e-06
3.010499547412701943e-06
2.546549796871853868e-06
2.134070739187568119e-06
1.752454836838190154e-06
