# 2pt_data
9.580433688810000684e-06
4.112325913790000395e-06
1.854433170549999908e-06
4.750139507239999912e-06
2.490301510450000100e-06
9.921843971919999723e-07
2.688558199340000044e-07
1.154357161820000016e-07
1.057963149640000009e-06
1.294833200190000100e-06
2.914631443220000119e-07
1.743103506059999973e-08
1.617347879449999907e-07
-5.230554346270000127e-08
-8.328495518749999724e-08
5.929799812970000234e-06
6.453656362900000067e-06
5.181588801109999937e-06
4.554721559070000234e-06
5.287618014210000126e-06
2.221900282439999974e-06
-3.262652649699999975e-07
9.385659787429999781e-07
5.363842273860000313e-07
5.277718825119999885e-07
5.623227649839999645e-07
2.894131318670000261e-07
-2.655902051790000122e-08
2.700887221210000079e-08
-2.101787086169999929e-07
1.148970434680000035e-05
7.491613069269999649e-06
9.259087126439999833e-06
4.713740599099999721e-06
1.149493926209999961e-06
3.257267675969999983e-06
3.180388727490000037e-06
8.610323379179999966e-07
2.632477549239999984e-06
1.274856884850000045e-06
8.317257860679999742e-07
3.378050856799999992e-07
2.505950827240000167e-07
3.499382547990000264e-07
5.127386805619999939e-11
-1.404493585910000046e-08
3.113918974670000054e-06
5.062920300479999806e-06
1.047963714359999934e-05
6.901424561940000057e-06
4.783897051169999988e-06
1.970404256600000019e-06
3.233696494800000006e-06
2.615333715690000010e-06
1.981799694230000123e-06
1.376026810969999992e-06
1.612871044270000055e-06
1.143088623210000043e-06
4.171694021989999856e-07
3.880378994260000052e-09
-5.248176952600000059e-07
2.520815877929999787e-07
6.121709636290000356e-06
8.124974850389999551e-06
3.181003964180000109e-06
1.766610156459999864e-05
7.160982066540000108e-06
6.714344147159999843e-06
2.730341124960000067e-06
2.584373085510000093e-06
4.436366637070000064e-06
1.480001932589999990e-06
1.395844779559999907e-06
2.241898868930000037e-06
1.888156966190000019e-06
6.030426957189999609e-07
3.303155392679999803e-07
-1.508141735519999983e-07
3.685798164239999738e-07
1.341273710729999997e-05
8.288913557469999423e-06
8.834327740230000465e-06
7.524226854059999685e-06
4.786565918539999890e-06
6.119154030809999931e-06
3.777658532799999942e-06
5.409229270259999625e-06
4.046638122399999815e-06
2.611286712870000209e-06
2.289533145459999997e-06
2.148148328059999789e-06
1.408297616140000106e-06
9.054402178010000216e-07
9.668104072759999224e-07
3.652291350420000039e-07
6.408245922049999742e-09
2.742332411669999936e-05
1.374764891070000080e-05
1.490972674670000072e-05
9.011597700800000552e-06
7.916215771149999629e-06
6.395519602060000177e-06
6.943441376019999763e-06
1.696075136859999926e-06
5.600484626370000004e-06
2.758137424820000023e-06
3.188301908619999922e-06
1.451712617239999941e-06
1.678390455710000055e-06
9.054516316199999918e-07
1.169088016389999907e-06
1.435145739650000046e-07
3.479564969809999909e-07
4.107268334740000332e-05
2.712321029910000068e-05
2.480296965739999849e-05
2.177900058600000126e-05
1.288699975089999937e-05
1.583221595710000153e-05
6.699440689309999950e-06
9.611591255900000196e-06
6.420318070919999622e-06
5.883282886280000324e-06
5.890190524319999610e-06
3.915609712219999777e-06
3.718380559410000095e-06
1.949325585060000080e-06
1.380134274230000101e-06
9.295400032229999606e-07
3.129922769350000152e-07
-3.889170452820000244e-07
3.999617887490000071e-05
2.877594416009999833e-05
2.550113324600000020e-05
2.632583146019999950e-05
1.879890000050000071e-05
1.363630795219999998e-05
1.325123098209999924e-05
1.243646634560000051e-05
8.589426180890000361e-06
7.913444068780000129e-06
5.389125360989999701e-06
4.440491121430000051e-06
3.403622476149999915e-06
2.202297767880000019e-06
1.453267237910000078e-06
1.919442998989999943e-06
5.173454555259999701e-08
3.904101282420000140e-07
5.651675121630000037e-05
2.893957722989999893e-05
4.070577360430000164e-05
2.744828140589999839e-05
2.484729207829999996e-05
1.758499043810000031e-05
9.458189643659999755e-06
1.897016784589999983e-05
1.831765954069999920e-05
9.911759932729999716e-06
4.860315285730000248e-06
6.364480134829999904e-06
3.527126745730000103e-06
2.539838955319999921e-06
2.094070481490000045e-06
9.756716769639999313e-07
-1.835794123020000066e-07
1.680021612990000094e-06
5.331043608249999950e-07
1.556496126560000081e-07
3.365768130319999983e-07
5.661963531049999841e-07
3.677577635349999761e-07
7.453309051100000048e-07
4.968708676489999761e-07
3.476670100960000098e-07
4.503875900010000194e-07
9.206515810089999828e-07
4.965818497429999909e-07
3.353630162729999781e-07
1.292606719360000002e-07
1.762670808959999998e-07
1.601969856640000093e-06
5.807983666429999831e-07
4.489550560370000175e-07
5.394055758209999981e-07
4.433177563609999773e-07
6.846422086839999472e-07
2.435205536479999978e-07
1.109607264139999957e-06
5.620701906500000118e-07
2.954731128840000037e-07
4.778891830070000398e-07
1.206607266189999984e-06
1.178639686229999935e-06
7.940798897960000015e-07
9.598267797699999081e-07
5.491491283460000191e-07
5.739647890209999522e-07
8.901757293330000045e-07
3.110887895109999900e-06
5.576944873170000529e-07
9.747932396979999412e-07
4.363186233780000066e-07
9.697020351439999466e-08
1.017535043430000044e-06
3.914404292319999793e-06
8.704912658650000424e-07
1.079716063539999963e-06
1.325083179770000061e-06
1.057652659430000043e-06
1.291754876200000006e-06
7.454167217419999924e-07
4.762827948159999978e-06
2.612950434089999998e-06
2.714509091900000098e-06
1.986186549599999972e-06
1.946686597630000144e-06
1.453444468740000043e-06
1.282272828120000106e-06
2.959773901290000049e-06
5.137736000559999841e-06
5.091386027859999645e-06
1.967055703219999990e-06
2.015196351189999857e-06
2.430933986609999807e-06
1.849383751810000093e-06
2.241886863010000040e-06
