# 2pt_simulation
7.018805005744418169e-06
3.529942708844563627e-06
1.164401868188421444e-06
1.655436298013521634e-06
3.739791993854877990e-06
1.334439934142523566e-06
7.188825223987528622e-07
6.691898149593741717e-07
1.405282298197941719e-06
1.481200462965452055e-06
1.041282921979780453e-06
-1.198125222154349971e-07
2.795910778986038800e-07
5.442943622057887783e-07
1.819516299808330422e-07
8.347828282515955544e-06
5.048133015904272057e-06
9.779676071329289837e-06
1.700208527352430034e-06
3.060553918247928546e-06
1.768264692208517813e-06
2.106340149262101122e-06
1.812233412853653844e-06
9.560310448828706932e-07
1.768411722000288247e-06
1.394649878013136256e-06
4.431645265606230623e-07
5.658460906792889302e-07
1.061560641169289891e-07
2.662266768877402736e-07
1.886057472582167448e-05
8.416515620781647220e-06
1.299776966106819319e-05
5.889803029124089270e-06
6.115252070293539811e-06
3.087102800705874107e-06
2.183150399790186742e-06
2.857973721937835157e-06
1.951469066245289826e-06
1.831419753293977318e-06
2.463344398415196175e-06
1.899642199684112795e-06
6.975900585446018851e-07
3.836479266011191837e-07
3.589082883151342795e-07
2.661774560456230490e-07
1.136352132247362670e-08
9.747084847095835862e-06
6.514104576438304505e-06
4.247689560334648569e-06
-1.472702567821931966e-06
5.230485962940943328e-06
2.094317138426726010e-06
2.990105344317126042e-06
3.494416310650091045e-06
4.908064291354875278e-07
1.754316748638290211e-06
1.643767397699890660e-06
8.093358630176180681e-07
4.494917484511198198e-07
4.661089926817039537e-07
4.638793215900395187e-07
5.475359257359959389e-06
1.104780101816323978e-05
2.038139328118724583e-05
9.310396775033539637e-06
7.823993632235619740e-06
2.317487699303957137e-06
2.384167306371240315e-06
2.763902402259518135e-06
3.418891718839932504e-06
3.483441565685440530e-06
1.914333954848129180e-06
1.460026942353898309e-06
1.493953268412356288e-06
4.160383937183296847e-07
1.080257760930534025e-06
5.631852119549341397e-07
2.820405582986838967e-07
1.445857126411432900e-05
2.591105967647160574e-05
1.583918602434177274e-05
7.461067728579682512e-06
5.826556892842703919e-06
7.132857936403260334e-06
5.541356026829229527e-06
2.531582606028055682e-06
3.842331100284270387e-06
4.192548640284412840e-06
2.919802182273211808e-06
2.226966136718013737e-06
1.658928202872178320e-06
1.265545126121885501e-06
6.165371086420742460e-07
4.243839950027906347e-07
2.840107767110381772e-07
2.332596144978580789e-05
1.581232642365487084e-05
9.246808317370542739e-06
1.449529128552240121e-05
8.015966322247617811e-06
7.451259252208731066e-06
5.392489949059054609e-06
6.412948944324651346e-06
2.630871762710804994e-06
1.869254252074952786e-06
2.756796185953190787e-06
2.107998318029132020e-06
5.377331111736113609e-07
1.256907824190815974e-06
9.168599510682449681e-07
8.115250528336333220e-07
3.406787914908834514e-07
1.978066832116713564e-05
4.406048386428004532e-05
2.847514724115619210e-05
1.990422504767670972e-05
1.766946475313231705e-05
1.868792235640170753e-05
1.221390603900780166e-05
1.143246804467106602e-05
9.295530481836597621e-06
5.175457998241303739e-06
5.342541356798623932e-06
4.296837593076809356e-06
4.007550132717328822e-06
1.814377300339820696e-06
2.093988811105361529e-06
1.091691734411198014e-06
9.384545068895818768e-07
7.546477427385914608e-07
4.662238095237030474e-05
4.499175642670624189e-05
2.464046426743750427e-05
2.778166829982401292e-05
2.170974949296060929e-05
1.930031299813450590e-05
1.090288074558931912e-05
1.448586175557725290e-05
9.636357858397868307e-06
6.600189021664254902e-06
6.133298900647922642e-06
4.751924828368599986e-06
4.013372617208823759e-06
2.431279896367841253e-06
2.185086668751548588e-06
9.529378055567706781e-07
7.818944634018210072e-07
7.504076483338328887e-07
6.136675549134738730e-05
3.744420422443025696e-05
4.247932438582512429e-05
4.191591315474480677e-05
1.996834502273195160e-05
3.604179132823040325e-05
1.415725080161901052e-05
1.545166513348315040e-05
1.793316011923114974e-05
8.425608346805823790e-06
6.494481818244744388e-06
4.885402388962037613e-06
4.188410187899948153e-06
4.043069813479213087e-06
1.629901894089998672e-06
-5.789703113356908753e-07
1.567066808305171655e-06
8.532887189683696704e-08
1.147620651881295094e-06
4.888581674475676228e-07
5.596461720795176492e-07
3.857436517280300270e-07
7.954852710030265376e-07
6.286603229753572436e-07
6.608491178828908873e-08
4.257527619172110769e-07
3.735374360711564437e-07
7.475284416783747976e-07
5.130142943701958272e-07
5.022333452785810653e-07
4.266458606569218444e-07
5.288098309958525073e-07
-4.908515899045535501e-08
5.684680218871035104e-07
7.836033060457137633e-07
7.761438333478242806e-07
7.942599017604328062e-07
1.339700021265497642e-06
-8.824349264796873276e-08
1.058168418660910888e-06
4.693395060805401814e-07
7.811988366063692282e-07
6.624275528270198851e-07
1.532452513784994929e-06
1.577336412131918045e-06
8.683300345667142869e-07
1.213801124369007552e-06
8.272895045369111490e-07
3.319233554549983236e-07
2.441492900272020732e-06
9.487779834112513227e-07
1.694457840503816673e-06
1.256754284605698388e-06
1.145177013173714816e-06
7.967042076000527989e-07
9.877236646029819595e-07
3.013009825417255371e-06
2.582970388967852276e-06
1.739509072219862554e-06
2.075135821265900232e-06
1.822017522769011383e-06
9.237268268506919718e-07
1.152595905319865746e-06
3.635469732508309622e-06
2.889738945111091096e-06
2.611107635013982539e-06
1.034921984161569578e-06
1.439239586066465560e-06
1.708667972657964091e-06
1.204005172831039221e-06
5.666798415057579151e-06
4.437740672631166635e-06
4.050453553528756910e-06
3.132728580864066785e-06
2.766375969205907213e-06
2.834901235652359458e-06
2.404078513670217649e-06
9.672419505207202314e-07
