# k_h
1.016883197735296562e-05
1.123546553571941331e-05
1.241398058482445776e-05
1.371611324429977685e-05
1.515483018010854721e-05
1.674445593380369246e-05
1.850082298915367573e-05
2.044141911028418690e-05
2.258556924061849713e-05
2.495462467777542770e-05
2.757217407634016126e-05
3.046428719244431704e-05
3.365975862834602594e-05
3.719041342264972627e-05
4.109140718355774879e-05
4.540158261079341173e-05
5.016386421630159020e-05
5.542567305383272469e-05
6.123940693214535713e-05
6.766295700799673796e-05
7.476028986275196075e-05
8.260207687271758914e-05
9.126640361500903964e-05
1.008395629469305277e-04
1.114168626372702420e-04
1.231036440003663301e-04
1.360162859782576561e-04
1.502833620179444551e-04
1.660469570197165012e-04
1.834640133893117309e-04
2.027080045081675053e-04
2.239705354440957308e-04
2.474633511155843735e-04
2.734203881118446589e-04
3.021000884473323822e-04
3.337881062179803848e-04
3.687999560497701168e-04
4.074842727277427912e-04
4.502262745518237352e-04
4.974516341462731361e-04
5.496304947882890701e-04
6.072825635783374310e-04
6.709819426760077477e-04
7.413628627546131611e-04
8.191262022592127323e-04
9.050462977029383183e-04
9.999787434935569763e-04
1.104868948459625244e-03
1.220761332660913467e-03
1.348810037598013878e-03
1.490289927460253239e-03
1.646610093303024769e-03
1.819327007979154587e-03
2.010160591453313828e-03
2.221011091023683548e-03
2.453978406265377998e-03
2.711382228881120682e-03
2.995785558596253395e-03
3.310020780190825462e-03
3.657216904684901237e-03
4.040831234306097031e-03
4.464683588594198227e-03
4.932994954288005829e-03
5.450428929179906845e-03
6.022137589752674103e-03
6.653814110904932022e-03
7.351748645305633545e-03
8.122891187667846680e-03
8.974920958280563354e-03
9.916322305798530579e-03
1.095646992325782776e-02
1.210572011768817902e-02
1.337551884353160858e-02
1.477850880473852158e-02
1.632866263389587402e-02
1.804141514003276825e-02
1.993382349610328674e-02
2.202473022043704987e-02
2.433495782315731049e-02
2.688750997185707092e-02
2.970780618488788605e-02
3.282392770051956177e-02
3.626691177487373352e-02
4.007103294134140015e-02
4.407813772559165955e-02
4.808524250984191895e-02
5.209234729409217834e-02
5.609944835305213928e-02
6.010655313730239868e-02
6.411365419626235962e-02
6.812076270580291748e-02
7.212786376476287842e-02
7.613496482372283936e-02
8.014207333326339722e-02
8.414917439222335815e-02
9.012512862682342529e-02
9.610107541084289551e-02
1.020770221948623657e-01
1.080529764294624329e-01
1.140289232134819031e-01
1.200048774480819702e-01
1.259808242321014404e-01
1.319567710161209106e-01
1.379327178001403809e-01
1.439086794853210449e-01
1.498846262693405151e-01
1.558605730533599854e-01
1.618365198373794556e-01
1.678124666213989258e-01
1.737884283065795898e-01
1.797643750905990601e-01
1.857403218746185303e-01
1.917162686586380005e-01
1.976922303438186646e-01
2.036681771278381348e-01
2.096441239118576050e-01
2.156200706958770752e-01
2.215960174798965454e-01
2.275719791650772095e-01
2.335479259490966797e-01
2.395238727331161499e-01
2.454998195171356201e-01
2.514757812023162842e-01
2.574517130851745605e-01
2.634276747703552246e-01
2.694036364555358887e-01
2.753795683383941650e-01
2.813555300235748291e-01
2.873314619064331055e-01
2.933074235916137695e-01
2.992833852767944336e-01
3.052593171596527100e-01
3.112352788448333740e-01
3.172112107276916504e-01
3.231871724128723145e-01
3.291631340980529785e-01
3.351390659809112549e-01
3.411150276660919189e-01
3.470909595489501953e-01
3.530669212341308594e-01
3.590428829193115234e-01
3.650188148021697998e-01
3.709947764873504639e-01
3.769707083702087402e-01
3.829466700553894043e-01
3.889226317405700684e-01
3.948985636234283447e-01
4.008745253086090088e-01
4.068504571914672852e-01
4.128264188766479492e-01
4.188023805618286133e-01
4.247783124446868896e-01
4.307542741298675537e-01
4.367302060127258301e-01
4.427061676979064941e-01
4.486821293830871582e-01
4.546580612659454346e-01
4.606340229511260986e-01
4.666099548339843750e-01
4.725859165191650391e-01
4.785618782043457031e-01
4.845378100872039795e-01
4.905137717723846436e-01
4.964897334575653076e-01
5.024656653404235840e-01
5.084416270256042480e-01
5.690805912017822266e-01
7.942159175872802734e-01
1.108417630195617676e+00
1.546921372413635254e+00
2.158902645111083984e+00
3.012991428375244141e+00
4.204968452453613281e+00
5.868505954742431641e+00
8.190159797668457031e+00
1.143028926849365234e+01
1.595225334167480469e+01
