# d_z
7.748604531704036402e-01
7.709439997371232423e-01
7.670401672512104918e-01
7.631494505989671051e-01
7.592723269086776305e-01
7.554092557496565608e-01
7.515606793421507614e-01
7.477270227774956979e-01
7.439086942479169462e-01
7.401060852853702521e-01
7.363195710088052959e-01
7.325495103792519780e-01
7.287962464621193792e-01
7.250601066961097629e-01
7.213414031681542049e-01
7.176404328937858734e-01
7.139574781023751981e-01
7.102928065266638225e-01
7.066466716960458916e-01
7.030193132330568861e-01
6.994109571525477520e-01
6.958218161630352894e-01
6.922520899697353070e-01
6.887019655788030326e-01
6.851716176023219251e-01
6.816612085635996854e-01
6.781708892023484703e-01
6.747007987793456341e-01
6.712510653801860849e-01
6.678218062177642134e-01
6.644131279331316753e-01
6.610251268944048464e-01
6.576578894934099750e-01
6.543114924397743781e-01
6.509860030521876784e-01
6.476814795465815067e-01
6.443979713209854188e-01
6.411355192368397571e-01
6.378941558965656178e-01
6.346739059171988551e-01
6.314747861999241429e-01
6.282968061953487782e-01
6.251399681643821094e-01
6.220042674345913625e-01
6.188896926519269481e-01
6.157962260277173305e-01
6.127238435808531891e-01
6.096725153750874870e-01
6.066422057513921606e-01
6.036328735553271319e-01
6.006444723593795665e-01
5.976769506802535048e-01
5.947302521910867723e-01
5.918043159285933941e-01
5.888990764951297363e-01
5.860144642556941452e-01
5.831504055298790679e-01
5.803068227787984146e-01
5.774836347870223596e-01
5.746807568395562171e-01
5.718981008939052479e-01
5.691355757472791321e-01
5.663930871989805160e-01
5.636705382080448024e-01
5.609678290461844741e-01
5.582848574461104496e-01
5.556215187452951954e-01
5.529777060252502041e-01
5.503533102463926685e-01
5.477482203785778436e-01
5.451623235273768131e-01
5.425955050561787063e-01
5.400476487042001894e-01
5.375186367004856081e-01
5.350083498739819365e-01
5.325166677597740206e-01
5.300434687015646018e-01
5.275886299504858323e-01
5.251520277603288767e-01
5.227335374792765332e-01
5.203330336382274712e-01
5.179503900357929069e-01
5.155854798200572020e-01
5.132381755671824308e-01
5.109083493569430701e-01
5.085958728452733002e-01
5.063006173339109628e-01
5.040224538372161112e-01
5.017612531462501968e-01
4.995168858901887776e-01
4.972892225951518475e-01
4.950781337405240623e-01
4.928834898128431896e-01
4.907051613573311100e-01
4.885430190271392581e-01
4.863969336303792246e-01
4.842667761750133470e-01
4.821524179116670195e-01
4.800537303744371043e-01
4.779705854197560111e-01
4.759028552633814413e-01
4.738504125155705293e-01
4.718131302145011641e-01
4.697908818580017187e-01
4.677835414336456443e-01
4.657909834472681032e-01
4.638130829499619856e-01
4.618497155636054896e-01
4.599007575049747776e-01
4.579660856084920018e-01
4.560455773476594366e-01
4.541391108552287892e-01
4.522465649421500422e-01
4.503678191153476784e-01
4.485027535943688637e-01
4.466512493269449435e-01
4.448131880035094965e-01
4.429884520707119133e-01
4.411769247439679131e-01
4.393784900190827458e-01
4.375930326829855499e-01
4.358204383236096713e-01
4.340605933389536930e-01
4.323133849453566491e-01
4.305787011850205070e-01
4.288564309328096735e-01
4.271464639023589416e-01
4.254486906515186906e-01
4.237630025871662598e-01
4.220892919694096412e-01
4.204274519152106926e-01
4.187773764014534605e-01
4.171389602674819841e-01
4.155120992171303373e-01
4.138966898202700029e-01
4.122926295138947816e-01
4.106998166027651109e-01
4.091181502596325514e-01
4.075475305250641500e-01
4.059878583068851632e-01
4.044390353792604031e-01
4.029009643814290831e-01
4.013735488161125908e-01
3.998566930476104009e-01
3.983503022996004450e-01
3.968542826526592626e-01
3.953685410415157531e-01
3.938929852520529629e-01
3.924275239180724517e-01
3.909720665178330057e-01
3.895265233703764096e-01
3.880908056316523247e-01
3.866648252904550387e-01
3.852484951641808597e-01
3.838417288944188099e-01
3.824444409423838342e-01
3.810565465842026267e-01
3.796779619060619559e-01
3.783086037992268724e-01
3.769483899549397887e-01
3.755972388592067057e-01
3.742550697874804655e-01
3.729218027992458051e-01
3.715973587325172023e-01
3.702816591982529548e-01
3.689746265746953746e-01
3.676761840016406491e-01
3.663862553746461415e-01
3.651047653391812364e-01
3.638316392847258940e-01
3.625668033388236844e-01
3.613101843610938557e-01
3.600617099372068197e-01
3.588213083728286623e-01
3.575889086875392309e-01
3.563644406087259076e-01
3.551478345654603963e-01
3.539390216823599111e-01
3.527379337734373732e-01
3.515445033359443916e-01
3.503586635442090258e-01
3.491803482434735484e-01
3.480094919437332068e-01
3.468460298135812025e-01
3.456898976740589435e-01
3.445410319925186204e-01
3.433993698764971625e-01
3.422648490676051813e-01
3.411374079354332900e-01
3.400169854714775175e-01
3.389035212830855404e-01
3.377969555874266727e-01
3.366972292054854488e-01
3.356042835560829607e-01
3.345180606499252862e-01
3.334385030836816699e-01
3.323655540340934023e-01
3.312991572521151173e-01
3.302392570570893415e-01
3.291857983309552926e-01
3.281387265124936503e-01
3.270979875916076862e-01
3.260635281036419197e-01
3.250352951237389099e-01
3.240132362612357375e-01
3.229972996540999564e-01
3.219874339634061777e-01
3.209835883678540114e-01
3.199857125583274176e-01
3.189937567324973577e-01
3.180076715894657458e-01
3.170274083244540853e-01
3.160529186235345178e-01
3.150841546584057240e-01
3.141210690812128448e-01
3.131636150194114232e-01
3.122117460706770320e-01
3.112654162978591432e-01
3.103245802239804618e-01
3.093891928272816672e-01
3.084592095363112851e-01
3.075345862250609130e-01
3.066152792081467404e-01
3.057012452360353683e-01
3.047924414903163126e-01
3.038888255790196946e-01
3.029903555319789499e-01
3.020969897962396122e-01
3.012086872315133390e-01
3.003254071056765673e-01
2.994471090903149668e-01
2.985737532563128016e-01
2.977053000694868112e-01
2.968417103862646678e-01
2.959829454494088408e-01
2.951289668837833724e-01
2.942797366921660607e-01
2.934352172511031642e-01
2.925953713068093487e-01
2.917601619711095440e-01
2.909295527174245999e-01
2.901035073767999628e-01
2.892819901339769850e-01
2.884649655235060339e-01
2.876523984259021227e-01
2.868442540638423410e-01
2.860404979984045859e-01
2.852410961253473709e-01
2.844460146714310467e-01
2.836552201907788229e-01
2.828686795612785354e-01
2.820863599810242150e-01
2.813082289647970691e-01
2.805342543405862643e-01
2.797644042461479019e-01
2.789986471256030720e-01
2.782369517260742664e-01
2.774792870943591505e-01
2.767256225736425823e-01
2.759759278002454352e-01
2.752301727004106136e-01
2.744883274871251500e-01
2.737503626569791071e-01
2.730162489870600617e-01
2.722859575318830605e-01
2.715594596203556033e-01
2.708367268527779315e-01
2.701177310978774004e-01
2.694024444898768800e-01
2.686908394255974053e-01
2.679828885615939127e-01
2.672785648113242818e-01
2.665778413423504078e-01
2.658806915735730803e-01
2.651870891724974477e-01
2.644970080525316236e-01
2.638104223703149898e-01
2.631273065230793629e-01
2.624476351460392487e-01
2.617713831098140154e-01
2.610985255178786546e-01
2.604290377040453519e-01
2.597628952299737559e-01
2.591000738827108907e-01
2.584405496722593787e-01
2.577842988291739190e-01
2.571312978021867424e-01
2.564815232558596558e-01
2.558349520682647871e-01
2.551915613286912521e-01
2.545513283353796341e-01
2.539142305932824972e-01
2.532802458118513789e-01
2.526493519028493728e-01
2.520215269781899137e-01
2.513967493478000415e-01
2.507749975175097568e-01
2.501562501869650235e-01
2.495404862475661123e-01
2.489276847804296200e-01
2.483178250543745524e-01
2.477108865239317781e-01
2.471068488273770736e-01
2.465056917847870954e-01
2.459073953961182779e-01
2.453119398393076855e-01
2.447193054683968749e-01
2.441294728116769341e-01
2.435424225698560596e-01
2.429581356142476722e-01
2.423765929849803213e-01
2.417977758892284057e-01
2.412216656994633224e-01
2.406482439517255711e-01
2.400774923439161768e-01
2.395093927341090390e-01
2.389439271388819619e-01
2.383810777316681118e-01
2.378208268411259041e-01
2.372631569495283477e-01
2.367080506911707627e-01
2.361554908507977613e-01
2.356054603620471311e-01
2.350579423059134532e-01
2.345129199092281513e-01
2.339703765431582205e-01
2.334302957217215257e-01
2.328926611003201419e-01
2.323574564742898751e-01
2.318246657774670483e-01
2.312942730807718283e-01
2.307662625908077081e-01
2.302406186484773076e-01
2.297173257276142466e-01
2.291963684336304485e-01
2.286777315021795987e-01
2.281613997978353126e-01
2.276473583127847367e-01
2.271355921655379417e-01
2.266260865996505558e-01
2.261188269824626895e-01
2.256137988038509901e-01
2.251109876749960437e-01
2.246103793271631011e-01
2.241119596104972078e-01
2.236157144928318796e-01
2.231216300585115997e-01
2.226296925072271116e-01
2.221398881528651725e-01
2.216522034223699644e-01
2.211666248546185487e-01
2.206831390993085895e-01
2.202017329158587611e-01
2.197223931723217560e-01
2.192451068443095341e-01
2.187698610139303668e-01
2.182966428687387883e-01
2.178254397006965104e-01
2.173562389051452159e-01
2.168890279797915932e-01
2.164237945237028615e-01
2.159605262363142042e-01
2.154992109164471925e-01
2.150398364613392010e-01
2.145823908656837031e-01
2.141268622206812244e-01
2.136732387131010658e-01
2.132215086243534341e-01
2.127716603295719544e-01
2.123236822967063397e-01
2.118775630856251924e-01
2.114332913472288245e-01
2.109908558225719322e-01
2.105502453419959563e-01
2.101114488242711020e-01
2.096744552757476843e-01
2.092392537895172433e-01
2.088058335445826252e-01
2.083741838050370554e-01
2.079442939192528705e-01
2.075161533190786056e-01
2.070897515190449623e-01
2.066650781155798533e-01
2.062421227862317186e-01
2.058208752889015558e-01
2.054013254610831951e-01
2.049834632191119277e-01
2.045672785574213781e-01
2.041527615478086199e-01
2.037399023387067576e-01
2.033286911544662234e-01
2.029191182946431249e-01
2.025111741332957793e-01
2.021048491182886320e-01
2.017001337706040009e-01
2.012970186836607889e-01
2.008954945226411881e-01
2.004955520238237976e-01
2.000971819939250107e-01
1.997003753094462875e-01
1.993051229160294202e-01
