# f_z
5.062323741237911845e-01
5.122718642937695854e-01
5.182652546206185651e-01
5.242116294274171695e-01
5.301101235087009034e-01
5.359599216096573304e-01
5.417602578475808617e-01
5.475104150785126134e-01
5.532097242120768144e-01
5.588575634775783119e-01
5.644533576444683565e-01
5.699965772003188214e-01
5.754867374894520049e-01
5.809233978153782729e-01
5.863061605101771434e-01
5.916346699739338799e-01
5.969086116873082437e-01
6.021277112002598741e-01
6.072917330999043628e-01
6.124004799603994798e-01
6.174537912776980608e-01
6.224515423919105839e-01
6.273936433999401929e-01
6.322800380609588933e-01
6.371107026971902787e-01
6.418856450923686729e-01
6.466049033901328791e-01
6.512685449945083693e-01
6.558766654745166180e-01
6.604293874748483617e-01
6.649268596344093396e-01
6.693692555144536982e-01
6.737567725378905692e-01
6.780896309412520750e-01
6.823680727406884472e-01
6.865923607132629058e-01
6.907627773946959371e-01
6.948796240946182312e-01
6.989432199302847426e-01
7.029539008796055199e-01
7.069120188542502570e-01
7.108179407935035776e-01
7.146720477794419324e-01
7.184747341739377013e-01
7.222264067779006202e-01
7.259274840130984785e-01
7.295783951268228762e-01
7.331795794195956617e-01
7.367314854960494985e-01
7.402345705390518393e-01
7.436892996070840756e-01
7.470961449548356725e-01
7.504555853769212526e-01
7.537681055745808489e-01
7.570341955451840299e-01
7.602543499943141825e-01
7.634290677701773831e-01
7.665588513200429777e-01
7.696442061683965719e-01
7.726856404164550440e-01
7.756836642626723233e-01
7.786387895438413587e-01
7.815515292963779448e-01
7.844223973373566361e-01
7.872519078648555491e-01
7.900405750771507529e-01
7.927889128102961758e-01
7.954974341936116300e-01
7.981666513226015613e-01
8.007970749488126927e-01
8.033892141861489478e-01
8.059435762331460529e-01
8.084606661107219816e-01
8.109409864149070835e-01
8.133850370840711719e-01
8.157933151801612937e-01
8.181663146834708966e-01
8.205045263004645539e-01
8.228084372841899530e-01
8.250785312668146299e-01
8.273152881038323692e-01
8.295191837294908499e-01
8.316906900230025546e-01
8.338302746851078417e-01
8.359384011245685198e-01
8.380155283541821376e-01
8.400621108959094308e-01
8.420785986947306734e-01
8.440654370408395835e-01
8.460230664998107386e-01
8.479519228503724637e-01
8.498524370294375796e-01
8.517250350840482875e-01
8.535701381299076740e-01
8.553881623161726511e-01
8.571795187962033546e-01
8.589446137039640217e-01
8.606838481357900195e-01
8.623976181372372540e-01
8.640863146947462825e-01
8.657503237318586731e-01
8.673900261097374775e-01
8.690057976317470123e-01
8.705980090518605774e-01
8.721670260866745128e-01
8.737132094308105446e-01
8.752369147755031387e-01
8.767384928301713565e-01
8.782182893467879170e-01
8.796766451468619463e-01
8.811138961508623302e-01
8.825303734099136932e-01
8.839264031396070198e-01
8.853023067557725945e-01
8.866584009120672683e-01
8.879949975392408268e-01
8.893124038859460123e-01
8.906109225609669666e-01
8.918908515767455247e-01
8.931524843940912284e-01
8.943961099679643700e-01
8.956220127942304821e-01
8.968304729572860179e-01
8.980217661784630767e-01
8.991961638651216893e-01
9.003539331603496176e-01
9.014953369931859584e-01
9.026206341292947188e-01
9.037300792220175349e-01
9.048239228637359188e-01
9.059024116374817526e-01
9.069657881687340772e-01
9.080142911773448899e-01
9.090481555295432115e-01
9.100676122899640230e-01
9.110728887736566639e-01
9.120642085980276148e-01
9.130417917346757006e-01
9.140058545610827423e-01
9.149566099121191343e-01
9.158942671313345940e-01
9.168190321219995553e-01
9.177311073978687839e-01
9.186306921336390152e-01
9.195179822150753024e-01
9.203931702887822031e-01
9.212564458115990451e-01
9.221079950995972885e-01
9.229480013766621083e-01
9.237766448226426563e-01
9.245941026210522384e-01
9.254005490063080819e-01
9.261961553104947065e-01
9.269810900096402406e-01
9.277555187694964678e-01
9.285196044908111679e-01
9.292735073540865365e-01
9.300173848638142449e-01
9.307513918921829221e-01
9.314756807222517310e-01
9.321904010905843752e-01
9.328957002293414291e-01
9.335917229078272150e-01
9.342786114734884517e-01
9.349565058923641203e-01
9.356255437889828830e-01
9.362858604857118294e-01
9.369375890415518882e-01
9.375808602903837885e-01
9.382158028786642401e-01
9.388425433025735511e-01
9.394612059446174612e-01
9.400719131096848535e-01
9.406747850605641226e-01
9.412699400529207505e-01
9.418574943697404223e-01
9.424375623552401215e-01
9.430102564482516492e-01
9.435756872150810048e-01
9.441339633818492949e-01
9.446851918663181635e-01
9.452294778092049654e-01
9.457669246049927869e-01
9.462976339322403119e-01
9.468217057833966388e-01
9.473392384941258237e-01
9.478503287721471438e-01
9.483550717255966322e-01
9.488535608909156593e-01
9.493458882602707760e-01
9.498321443085124827e-01
9.503124180196781401e-01
9.507867969130435748e-01
9.512553670687315943e-01
9.517182131528808542e-01
9.521754184423835143e-01
9.526270648491949045e-01
9.530732329442244133e-01
9.535140019808100442e-01
9.539494499177854081e-01
9.543796534421438160e-01
9.548046879913061336e-01
9.552246277749968373e-01
9.556395457967362672e-01
9.560495138749532940e-01
9.564546026637255061e-01
9.568548816731512474e-01
9.572504192893610542e-01
9.576412827941727102e-01
9.580275383843961379e-01
9.584092511907948975e-01
9.587864852967072915e-01
9.591593037563357349e-01
9.595277686127070549e-01
9.598919409153113813e-01
9.602518807374237353e-01
9.606076471931135341e-01
9.609592984539486737e-01
9.613068917653979639e-01
9.616504834629371334e-01
9.619901289878644013e-01
9.623258829028302763e-01
9.626577989070859154e-01
9.629859298514555910e-01
9.633103277530380426e-01
9.636310438096413744e-01
9.639481284139556072e-01
9.642616311674688800e-01
9.645716008941302988e-01
9.648780856537655382e-01
9.651811327552473063e-01
9.654807887694283330e-01
9.657770995418378801e-01
9.660701102051481026e-01
9.663598651914137028e-01
9.666464082440890948e-01
9.669297824298268562e-01
9.672100301500621278e-01
9.674871931523858493e-01
9.677613125417114937e-01
9.680324287912392967e-01
9.683005817532204240e-01
9.685658106695258507e-01
9.688281541820239484e-01
9.690876503427682254e-01
9.693443366240016568e-01
9.695982499279780509e-01
9.698494265966063343e-01
9.700979024209190893e-01
9.703437126503703380e-01
9.705868920019639079e-01
9.708274746692171497e-01
9.710654943309624532e-01
9.713009841599887784e-01
9.715339768315276459e-01
9.717645045315859154e-01
9.719925989651273524e-01
9.722182913641068680e-01
9.724416124953606522e-01
9.726625926683525325e-01
9.728812617427819998e-01
9.730976491360552316e-01
9.733117838306213354e-01
9.735236943811766963e-01
9.737334089217408728e-01
9.739409551726040393e-01
9.741463604471515270e-01
9.743496516585650191e-01
9.745508553264041751e-01
9.747499975830705710e-01
9.749471041801565097e-01
9.751422004946795896e-01
9.753353115352073610e-01
9.755264619478720700e-01
9.757156760222784886e-01
9.759029776973068282e-01
9.760883905668127358e-01
9.762719378852257046e-01
9.764536425730491187e-01
9.766335272222615993e-01
9.768116141016245368e-01
9.769879251618939220e-01
9.771624820409422485e-01
9.773353060687881566e-01
9.775064182725390349e-01
9.776758393812461367e-01
9.778435898306737650e-01
9.780096897679860790e-01
9.781741590563507449e-01
9.783370172794620956e-01
9.784982837459856864e-01
9.786579774939250242e-01
9.788161172949114697e-01
9.789727216584207525e-01
9.791278088359145482e-01
9.792813968249112211e-01
9.794335033729856255e-01
9.795841459816990726e-01
9.797333419104620189e-01
9.798811081803292522e-01
9.800274615777299081e-01
9.801724186581334264e-01
9.803159957496515586e-01
9.804582089565787584e-01
9.805990741628726193e-01
9.807386070355726959e-01
9.808768230281628142e-01
9.810137373838744290e-01
9.811493651389338044e-01
9.812837211257544601e-01
9.814168199760738842e-01
9.815486761240387326e-01
9.816793038092354040e-01
9.818087170796707674e-01
9.819369297947021513e-01
9.820639556279167071e-01
9.821898080699633660e-01
9.823145004313365014e-01
9.824380458451120735e-01
9.825604572696386985e-01
9.826817474911830885e-01
9.828019291265304158e-01
9.829210146255423775e-01
9.830390162736716286e-01
9.831559461944339162e-01
9.832718163518395782e-01
9.833866385527845200e-01
9.835004244494006675e-01
9.836131855413683400e-01
9.837249331781894313e-01
9.838356785614232880e-01
9.839454327468858397e-01
9.840542066468115356e-01
9.841620110319807546e-01
9.842688565338113538e-01
9.843747536464158010e-01
9.844797127286253335e-01
9.845837440059798107e-01
9.846868575726857031e-01
9.847890633935419968e-01
9.848903713058344556e-01
9.849907910211987971e-01
9.850903321274542268e-01
9.851890040904065504e-01
9.852868162556221998e-01
9.853837778501735034e-01
9.854798979843558682e-01
9.855751856533767619e-01
9.856696497390182721e-01
9.857632990112719096e-01
9.858561421299477656e-01
9.859481876462575789e-01
9.860394440043726005e-01
9.861299195429561459e-01
9.862196224966721658e-01
9.863085609976692814e-01
9.863967430770411715e-01
9.864841766662644229e-01
9.865708695986121768e-01
9.866568296105471259e-01
9.867420643430906413e-01
9.868265813431713607e-01
9.869103880649525706e-01
9.869934918711373850e-01
9.870759000342554934e-01
9.871576197379271500e-01
9.872386580781097321e-01
9.873190220643229820e-01
9.873987186208558198e-01
9.874777545879547258e-01
9.875561367229923615e-01
9.876338717016190927e-01
9.877109661188965273e-01
9.877874264904125123e-01
9.878632592533796997e-01
9.879384707677173472e-01
9.880130673171152456e-01
9.880870551100822130e-01
9.881604402809784915e-01
9.882332288910311568e-01
9.883054269293354288e-01
9.883770403138391059e-01
9.884480748923137883e-01
9.885185364433087818e-01
9.885884306770928998e-01
9.886577632365806112e-01
9.887265396982437560e-01
9.887947655730106034e-01
9.888624463071503667e-01
9.889295872831445067e-01
9.889961938205450442e-01
9.890622711768197739e-01
9.891278245481848197e-01
9.891928590704243129e-01
9.892573798196985235e-01
9.893213918133388907e-01
9.893849000106319513e-01
9.894479093135909453e-01
9.895104245677164290e-01
9.895724505627451206e-01
9.896339920333876439e-01
