# bin_3_1
-3.333945294929101502e-10
-3.352846147713399166e-10
-3.372463097697995140e-10
-3.392822187007916715e-10
-3.413950289106220732e-10
-3.435875136411286726e-10
-3.458625394999530615e-10
-3.482230806017283310e-10
-3.506721902160516919e-10
-3.532112184286231568e-10
-3.558470623724288568e-10
-3.585812768047223527e-10
-3.614172980231906371e-10
-3.643586956320977670e-10
-3.674127480908091130e-10
-3.705750873372749225e-10
-3.738541571022171857e-10
-3.772532614583672518e-10
-3.807788960324152808e-10
-3.844336487448603960e-10
-3.882221675864390998e-10
-3.921440914501044548e-10
-3.962112478460364244e-10
-4.004256099854516696e-10
-4.047921643835893322e-10
-4.093161782909287713e-10
-4.140025644357740225e-10
-4.188563292060055920e-10
-4.238917209093964527e-10
-4.290966407700382738e-10
-4.344852757504732687e-10
-4.400633399789211302e-10
-4.458366710910704975e-10
-4.518112339252714597e-10
-4.579877873855333048e-10
-4.643844408078178984e-10
-4.710024351936495137e-10
-4.778436257173982291e-10
-4.849174910273726958e-10
-4.922308586348859165e-10
-4.997920849803281671e-10
-5.076042154968374986e-10
-5.157064751803363170e-10
-5.240502305331899271e-10
-5.326249296059477071e-10
-5.415163303942484413e-10
-5.506949675865581845e-10
-5.601678001362145838e-10
-5.699418097266275573e-10
-5.800240506492737884e-10
-5.904215482131313601e-10
-6.011417610317457250e-10
-6.121899627877466884e-10
-6.235737902018116762e-10
-6.352998990066024451e-10
-6.473766763458401931e-10
-6.598068999127866915e-10
-6.725978825425736015e-10
-6.857520872309903992e-10
-6.992834491394221276e-10
-7.131917278885785232e-10
-7.274805338243522450e-10
-7.421549976617872707e-10
-7.572177798948687900e-10
-7.726737390208280451e-10
-7.885250310478536367e-10
-8.047743384007768781e-10
-8.214329179305863295e-10
-8.384842129232318019e-10
-8.559341923276118100e-10
-8.737846019955935702e-10
-8.920309264170395453e-10
-9.106700811987595159e-10
-9.296983481296859014e-10
-9.491105025803866094e-10
-9.689001218150573453e-10
-9.890598791841990950e-10
-1.009580853655422801e-09
-1.030448206735852433e-09
-1.051656983197815578e-09
-1.073192682128998949e-09
-1.095041300934933270e-09
-1.117186399541801121e-09
-1.139609112679611810e-09
-1.162288374882151603e-09
-1.185199694028244954e-09
-1.208321682807717825e-09
-1.231629352914231140e-09
-1.255095079616738831e-09
-1.278689076385812667e-09
-1.302377856954980645e-09
-1.326124995224501768e-09
-1.349893630139079065e-09
-1.373642608416236850e-09
-1.397344498589677779e-09
-1.420953086239735837e-09
-1.444418208987259563e-09
-1.467687389394126267e-09
-1.490716171636283913e-09
-1.513436089006441574e-09
-1.535798147445115615e-09
-1.557742211658795700e-09
-1.579203202334733897e-09
-1.600127162554160126e-09
-1.620459654259305070e-09
-1.640132614836764351e-09
-1.659069472600055578e-09
-1.677203366451751767e-09
-1.694462200237791717e-09
-1.710766037268092115e-09
-1.726049556713905235e-09
-1.740232184729559720e-09
-1.753235502252711058e-09
-1.764974387494224324e-09
-1.775371066378629181e-09
-1.784355876378462945e-09
-1.791849668786532606e-09
-1.797782567228813883e-09
-1.802087436616191780e-09
-1.804704012349299500e-09
-1.805563381283143328e-09
-1.804613522841214652e-09
-1.801804141354912081e-09
-1.797088984428336277e-09
-1.790432258471588114e-09
-1.781803996775324707e-09
-1.771193206558266691e-09
-1.758589231237808068e-09
-1.743997438300725707e-09
-1.727431089097199152e-09
-1.708916339432276953e-09
-1.688495139626219387e-09
-1.666218390452182960e-09
-1.642155273695291935e-09
-1.616384996979516800e-09
-1.588996415976341179e-09
-1.560092912612834089e-09
-1.529781340252240082e-09
-1.498182289773651906e-09
-1.465422911061705578e-09
-1.431643469231032823e-09
-1.396978302945898022e-09
-1.361569846165330926e-09
-1.325558726624800611e-09
-1.289087976717651624e-09
-1.252298856227566091e-09
-1.215330554729109590e-09
-1.178320375931330134e-09
-1.141391824055773628e-09
-1.104668726260787737e-09
-1.068261700650296015e-09
-1.032276817133339802e-09
-9.968187161343607925e-10
-9.619710720433567098e-10
-9.278119597190887077e-10
-8.944114005586231375e-10
-8.618225301446382456e-10
-8.300935123445326008e-10
-7.992599850631497845e-10
-7.693437996693346785e-10
-7.403550456896094832e-10
-7.122890830930805637e-10
-6.851243356672259930e-10
-6.588242657554875046e-10
-6.333404936372074705e-10
-6.086182610008026353e-10
-5.845979741042890280e-10
-5.612209910917759590e-10
-5.384253916024433472e-10
-5.161515015049753881e-10
-4.943473530645691705e-10
-4.729711281546952351e-10
-4.519967351932432193e-10
-4.314137789911091559e-10
-4.112316972265905435e-10
-3.914804623245010383e-10
-3.722079351475799331e-10
-3.534803694429381608e-10
-3.353755674637297198e-10
-3.179803493775199434e-10
-3.013823900195324167e-10
-2.856572068141088082e-10
-2.708566401091089046e-10
-2.569984119438705016e-10
-2.440567648286740367e-10
-2.319626134712275233e-10
-2.206147072674622702e-10
-2.098943133351548307e-10
-1.996846623994919355e-10
-1.898892969402333357e-10
-1.804462147909179773e-10
-1.713374529501361274e-10
-1.625847564943243503e-10
-1.542299820931118921e-10
-1.463102988365780442e-10
-1.388411797314233650e-10
-1.318128074221526660e-10
-1.251982337518338153e-10
-1.189655256238617366e-10
-1.130890915427501703e-10
-1.075500363691582360e-10
-1.023304041878041955e-10
-9.740533926933838958e-11
-9.274527548454270150e-11
-8.832422458770091086e-11
-8.412674727152259249e-11
-8.014871839132747585e-11
-7.638983979474875885e-11
-7.284994022968607451e-11
-6.952027569936081905e-11
-6.638088691347855843e-11
-6.340767699157838428e-11
-6.058045543482178055e-11
-5.789310846649295006e-11
-5.534829971875262935e-11
-5.294321255961653200e-11
-5.066616708688506949e-11
-4.850208336632867088e-11
-4.644087912637749424e-11
-4.447928716772862114e-11
-4.261388336550909656e-11
-4.083772674428169321e-11
-3.914335534255977522e-11
-3.752531360872494705e-11
-3.597958296346273418e-11
-3.450188660584063887e-11
-3.308740640794408207e-11
-3.173189013246840178e-11
-3.043200209822591809e-11
-2.918461278335515181e-11
-2.798652577701911585e-11
-2.683481779790096305e-11
-2.572692162982898401e-11
-2.466046561274661991e-11
-2.363326362824752672e-11
-2.264333523600315408e-11
-2.168885141798319815e-11
-2.076810760959480990e-11
-1.987958818646511332e-11
-1.902189216477060016e-11
-1.819376479711985340e-11
-1.739405809228030544e-11
-1.662171944812756245e-11
-1.587579470813966083e-11
-1.515541690507492420e-11
-1.445978929284370239e-11
-1.378817959588935270e-11
-1.313991494776641881e-11
-1.251437337044565588e-11
-1.191097630569194499e-11
-1.132918257207090364e-11
-1.076848343977271846e-11
-1.022839668779040383e-11
-9.708462512862596166e-12
-9.208239028544858476e-12
-8.727298435450102744e-12
-8.265223726213650790e-12
-7.821605521600813225e-12
-7.396039730988630014e-12
-6.988125058991693175e-12
-6.597461309070285009e-12
-6.223647778792854511e-12
-5.866281866642156380e-12
-5.524958419492170450e-12
-5.199268630059046252e-12
-4.888799846508474516e-12
-4.593135219862496756e-12
-4.311853456313618818e-12
-4.044529255708829310e-12
-3.790733476261200756e-12
-3.550033399125378796e-12
-3.321993431995705974e-12
-3.106175838805020414e-12
-2.902141511834598281e-12
-2.709450873819099541e-12
-2.527664852161681160e-12
-2.356345975228081978e-12
-2.195059440227593150e-12
-2.043373962310493923e-12
-1.900863105149724998e-12
-1.767106332286490662e-12
-1.641689976955944926e-12
-1.524208191063681880e-12
-1.414263846988514558e-12
-1.311469385305667059e-12
-1.215447570303801272e-12
-1.125832083857364824e-12
-1.042268475232454200e-12
-9.644140922445640691e-13
-8.919387393007411059e-13
-8.245248252287603356e-13
-7.618676647935585080e-13
-7.036758623629012972e-13
-6.496712557965815487e-13
-5.995882554047897136e-13
-5.531734112625995045e-13
-5.101861869527532712e-13
-4.703984193787525760e-13
-4.335945663477384917e-13
-3.995711505571000743e-13
-3.681363402484316730e-13
-3.391098094200913873e-13
-3.123218543255655037e-13
-2.876125146208166319e-13
-2.648302418400843769e-13
-2.438327467427492514e-13
-2.244867953057310469e-13
-2.066677667659541291e-13
-1.902586895698524350e-13
-1.751498364651283892e-13
-1.612395937611544885e-13
-1.484332898013265604e-13
-1.366436318268289903e-13
-1.257900842831112456e-13
-1.157981861655226143e-13
-1.066000286885078927e-13
-9.813239121638830691e-14
-9.033727294707293813e-14
-8.316127842940028364e-14
-7.655499094514941912e-14
-7.047367955375087291e-14
-6.487540281706181628e-14
-5.972180691674026877e-14
-5.497758301951035651e-14
-5.060998509319664692e-14
-4.658956596606174860e-14
-4.288851524005380965e-14
-3.948123876175918231e-14
-3.634467141081820921e-14
-3.345745172739413985e-14
-3.079958972822497624e-14
-2.835286658054551170e-14
-2.610029289441527640e-14
-2.402676166008165228e-14
-2.211797314966560046e-14
-2.036057019731789126e-14
-1.874312250074412647e-14
-1.725416537763856394e-14
-1.588349153836699816e-14
-1.462139748603658074e-14
-1.345973253448774079e-14
-1.239034260968586259e-14
-1.140581151971433963e-14
-1.049959462798214571e-14
-9.665316042101131577e-15
-8.897306509129270369e-15
-8.190296787993247876e-15
-7.539454423457338189e-15
-6.940296236095671271e-15
-6.388652345808448873e-15
-5.880984031873929247e-15
-5.413797771192246645e-15
-4.983725007640705905e-15
-4.586936839417588057e-15
-4.222244291832709827e-15
-3.886484426111008022e-15
-3.577384581322911580e-15
-3.292802802280872653e-15
-3.030812282383831970e-15
-2.789609625265098336e-15
-2.567556123236668450e-15
-2.363112213925525152e-15
-2.174877993184894479e-15
-2.001584510844397159e-15
-1.842025307542851450e-15
-1.695103175673891029e-15
-1.559825385871229411e-15
-1.435242111799665304e-15
-1.320517604034455202e-15
-1.214821168597813421e-15
-1.117500608025021844e-15
-1.027821409382483182e-15
-9.451894512019047104e-16
-8.690228589485475596e-16
-7.988008822478117414e-16
-7.340173692884717446e-16
-6.741770972640538446e-16
-6.189006785735002954e-16
-5.678109277303411538e-16
-5.205752497174147769e-16
-4.768665100550230811e-16
-4.363724954867531846e-16
-3.988336121899327531e-16
-3.640667448329736047e-16
-3.318666035745110649e-16
-3.020299800031742804e-16
-2.743860499566946216e-16
-2.487682975766766472e-16
-2.250076454666092157e-16
-2.029930175702724888e-16
-1.826407195697053069e-16
-1.638389708585920223e-16
-1.464309050127203621e-16
-1.302029602066627084e-16
-1.150622123890902599e-16
-1.012753473886546897e-16
-8.895715368028856112e-17
-7.773258566783932398e-17
-6.733138120933807769e-17
-5.764708841843043798e-17
