# bin_4_2
-2.560264027296163371e-10
-2.573519822380128611e-10
-2.587281894332588545e-10
-2.601558458686154937e-10
-2.616374918721367608e-10
-2.631757343534001428e-10
-2.647716850512914703e-10
-2.664272680224485744e-10
-2.681456627934901046e-10
-2.699285746887256574e-10
-2.717783126604413951e-10
-2.737244418330664524e-10
-2.756875705999210494e-10
-2.777522191593212596e-10
-2.798936720021715583e-10
-2.821146241610687147e-10
-2.844178583111821698e-10
-2.868030099541312842e-10
-2.892827174954194519e-10
-2.918503238885212164e-10
-2.945121831879747515e-10
-2.972715216526959521e-10
-3.001316725110307453e-10
-3.030960681419875141e-10
-3.061684831077818642e-10
-3.093518711654461755e-10
-3.126503436694774382e-10
-3.160680943444864734e-10
-3.196111259415733762e-10
-3.232757791143354572e-10
-3.270739600649873409e-10
-3.310072807805534846e-10
-3.350801056251279416e-10
-3.392969183788776188e-10
-3.436620858029995518e-10
-3.481803385314623621e-10
-3.528563812983597123e-10
-3.576950581940494308e-10
-3.627019713742573308e-10
-3.678806201119250813e-10
-3.732371009414430528e-10
-3.787768461898936928e-10
-3.845048687736082691e-10
-3.904264335027839689e-10
-3.965471744465651121e-10
-4.028725452823595911e-10
-4.094085667022421646e-10
-4.161602227848433629e-10
-4.231329991839289305e-10
-4.303336463130243239e-10
-4.377675039200760881e-10
-4.454403834268740353e-10
-4.533580699705654075e-10
-4.615263648983586798e-10
-4.699509297733320624e-10
-4.786381201550139713e-10
-4.875930500586428753e-10
-4.968139242117895968e-10
-5.063295106565741324e-10
-5.161220781610678281e-10
-5.262044791198718705e-10
-5.365809098755907356e-10
-5.472690885203816023e-10
-5.582436702756017312e-10
-5.695361976759962696e-10
-5.811425794815848548e-10
-5.930669033160774761e-10
-6.053123548394141518e-10
-6.178613972515904711e-10
-6.307816831681152966e-10
-6.440108601351711734e-10
-6.575756441768888629e-10
-6.714671258149263165e-10
-6.856961346535367119e-10
-7.002608618261252012e-10
-7.151580066633665796e-10
-7.303891200927396712e-10
-7.459513812594596577e-10
-7.618416515337313426e-10
-7.780564620402009123e-10
-7.945930460481980631e-10
-8.114434644375411409e-10
-8.286016965751722423e-10
-8.460595928402226603e-10
-8.638067039693465455e-10
-8.818570968893279550e-10
-9.001362620081295635e-10
-9.186912158428096664e-10
-9.374887864683219996e-10
-9.565121160186068022e-10
-9.757314376210377651e-10
-9.951744647882462340e-10
-1.014777761623045857e-09
-1.034544742538936848e-09
-1.054433860319341634e-09
-1.074408783925804728e-09
-1.094472567749968974e-09
-1.114580024061124878e-09
-1.134701371527541536e-09
-1.154828157090265952e-09
-1.174860865391150800e-09
-1.194818107442514165e-09
-1.214636301854683188e-09
-1.234277780634048040e-09
-1.253699412320695928e-09
-1.272862211037656314e-09
-1.291758136686093485e-09
-1.310218301191146416e-09
-1.328310938272199598e-09
-1.345952369623343205e-09
-1.363108479809106476e-09
-1.379760958661644243e-09
-1.395822407362323921e-09
-1.411259578642632737e-09
-1.426006679103599070e-09
-1.439999398906728212e-09
-1.453178690857137059e-09
-1.465484701206504175e-09
-1.476863933949110313e-09
-1.487261491419875695e-09
-1.496639259098872052e-09
-1.504910486856525321e-09
-1.512011556453356577e-09
-1.517932551882509152e-09
-1.522607354967435225e-09
-1.525986306816011757e-09
-1.528021587778275503e-09
-1.528668179950525929e-09
-1.527884406575055883e-09
-1.525631731421118923e-09
-1.521873599483744118e-09
-1.516574590508832131e-09
-1.509709156694233409e-09
-1.501260257971604002e-09
-1.491221237616981461e-09
-1.479587795731544943e-09
-1.466362206129953212e-09
-1.451551256049441483e-09
-1.435170942098996620e-09
-1.417246184651528769e-09
-1.397811299526357162e-09
-1.376907512796754961e-09
-1.354583445564647168e-09
-1.330895504747599029e-09
-1.305904431287251949e-09
-1.279682478349484911e-09
-1.252307295001089848e-09
-1.223870475352293514e-09
-1.194465017954086686e-09
-1.164196543178532147e-09
-1.133178328056425635e-09
-1.101528137364383372e-09
-1.069379805129215272e-09
-1.036865570907090884e-09
-1.004127485271862204e-09
-9.713135055420725792e-10
-9.385677111358301649e-10
-9.049201362818313325e-10
-8.727989740088774727e-10
-8.411673427477283950e-10
-8.111933626424807278e-10
-7.809522761869795478e-10
-7.516041701609530470e-10
-7.232490857742810862e-10
-6.950984868637911361e-10
-6.698140597620207351e-10
-6.448239288534798848e-10
-6.209965245483744347e-10
-5.982924126719717309e-10
-5.766311608681808544e-10
-5.558963109707965540e-10
-5.359419837222429037e-10
-5.166008835221887591e-10
-4.976939909558692932e-10
-4.790434248554680634e-10
-4.604868449979331718e-10
-4.418933393965667810e-10
-4.231783126251841805e-10
-4.043161532339691753e-10
-3.853471224373751597e-10
-3.663787301522697427e-10
-3.475778093644155290e-10
-3.291526253028218835e-10
-3.113273074635763933e-10
-2.943154369055007096e-10
-2.782956595827907398e-10
-2.633909677809091666e-10
-2.496536105534240144e-10
-2.370572948109018615e-10
-2.254984564256489555e-10
-2.148094628107881859e-10
-2.047831995771680717e-10
-1.952067660675834716e-10
-1.858989130690406671e-10
-1.767422659872535131e-10
-1.676997291433755954e-10
-1.588142431272430406e-10
-1.501904580653144847e-10
-1.419609456812822017e-10
-1.342411332746232344e-10
-1.270956386976835828e-10
-1.205232225005967043e-10
-1.144592348504215527e-10
-1.087960462554480754e-10
-1.034179698150479155e-10
-9.824272191309641372e-11
-9.324596808983632526e-11
-8.845836130426368133e-11
-8.393316747086630873e-11
-7.970602474553568321e-11
-7.577140694635418853e-11
-7.208661000742364988e-11
-6.860094895014159755e-11
-6.528445798885987517e-11
-6.213587998207544000e-11
-5.916580796498261210e-11
-5.637401731057406686e-11
-5.374423428808568946e-11
-5.125561934031403702e-11
-4.889661007186925309e-11
-4.666462575951653848e-11
-4.455548579933255977e-11
-4.256003681324668504e-11
-4.066857651028668478e-11
-3.887445828839089064e-11
-3.717324684787205642e-11
-3.551487007749000403e-11
-3.402407812361536780e-11
-3.252287947528951014e-11
-3.113451779379607800e-11
-2.981259861899034062e-11
-2.855189463224059470e-11
-2.738215348905030247e-11
-2.623056889471543867e-11
-2.512949745401000081e-11
-2.407591348264535548e-11
-2.306689265957741579e-11
-2.209972310797852378e-11
-2.117195091118892458e-11
-2.028132519928414549e-11
-1.942575973341808306e-11
-1.860331720585338643e-11
-1.781222395224522068e-11
-1.705088083123568713e-11
-1.631782666525066659e-11
-1.561171062754761883e-11
-1.493130018067971824e-11
-1.427547634658919424e-11
-1.364321333243397100e-11
-1.303356842815912400e-11
-1.243000857942234045e-11
-1.186377757689544275e-11
-1.131774829629438610e-11
-1.079124652122139746e-11
-1.029664966311938578e-11
-9.806764877673086348e-12
-9.334684256364372460e-12
-8.879901238798108980e-12
-8.441939673654286688e-12
-8.020349721068377522e-12
-7.614704442463328026e-12
-7.224596613964714516e-12
-6.849635788926223636e-12
-6.489445865169474622e-12
-6.143663224289312045e-12
-5.811933944362828459e-12
-5.493912655770125467e-12
-5.189260636688394867e-12
-4.897644679906443203e-12
-4.618735756206262362e-12
-4.352207802585410795e-12
-4.097736842530997362e-12
-3.855000168746816010e-12
-3.623675578725334343e-12
-3.403440745436510309e-12
-3.193972747698439762e-12
-2.994947453563876992e-12
-2.806040476402055284e-12
-2.626925317498713547e-12
-2.457274633802943253e-12
-2.296760122238328754e-12
-2.145052818277346498e-12
-2.001823560307662076e-12
-1.866743579474456439e-12
-1.739485161941770951e-12
-1.619722381729536604e-12
-1.507131523955200541e-12
-1.401393403574592045e-12
-1.302191893106376148e-12
-1.209216273044852843e-12
-1.122161619388482319e-12
-1.040729475644416156e-12
-9.646283561342421323e-13
-8.935743265333905749e-13
-8.272917537664324240e-13
-7.655134872153961817e-13
-7.079826965309226729e-13
-6.544509163754560027e-13
-6.046798852344445320e-13
-5.584413432729505011e-13
-5.155164799101522883e-13
-4.756994646719379645e-13
-4.387919262272934808e-13
-4.046075941914731227e-13
-3.729687102071075346e-13
-3.437072463463239830e-13
-3.166648183363192618e-13
-2.916926457279600499e-13
-2.686497363055722196e-13
-2.474001805151756272e-13
-2.278144105651428473e-13
-2.097682601625281253e-13
-1.931448413443155239e-13
-1.778344055620910052e-13
-1.637343183431746055e-13
-1.507504175548097452e-13
-1.387946238498365102e-13
-1.277859624512133282e-13
-1.176496991804964425e-13
-1.083165629230052253e-13
-9.972372037503857529e-14
-9.181228701051308041e-14
-8.452834257422389653e-14
-7.782219302598426369e-14
-7.164771465792024156e-14
-6.596337887082434980e-14
-6.072999502318673425e-14
-5.591179704105802342e-14
-5.147553434155572017e-14
-4.739155011678130778e-14
-4.363158007265276299e-14
-4.016991996655592259e-14
-3.698258336636996908e-14
-3.404844727055244344e-14
-3.134710312462353697e-14
-2.885972833166531651e-14
-2.657005267378399125e-14
-2.446203788603803582e-14
-2.252127103647885923e-14
-2.073425789241751373e-14
-1.908912988367751438e-14
-1.757452598182155276e-14
-1.618009142544242350e-14
-1.489617682148691010e-14
-1.371424266085270705e-14
-1.262608708152858501e-14
-1.162416930617364658e-14
-1.070184796126540834e-14
-9.852622377400902024e-15
-9.070715436076646077e-15
-8.350946030557490041e-15
-7.688195142372939218e-15
-7.078048404165066659e-15
-6.516265816186534801e-15
-5.999077127540588249e-15
-5.522885811436445561e-15
-5.084476759398202401e-15
-4.680659660126985975e-15
-4.309314615326610270e-15
-3.967431207661402558e-15
-3.651981538351273955e-15
-3.361876865166771392e-15
-3.094820422347586147e-15
-2.848923446141629568e-15
-2.622493922958191541e-15
-2.413983063576083654e-15
-2.221975241549955422e-15
-2.045187538829967478e-15
-1.882399175559254390e-15
-1.732475555583918109e-15
-1.594434563722347194e-15
-1.467285077183702792e-15
-1.350165697337850423e-15
-1.242298261772791541e-15
-1.142936022207615328e-15
-1.051427124191084607e-15
-9.671229632483399644e-16
-8.894346822176237717e-16
-8.178326185896708651e-16
-7.518259945961893626e-16
-6.909792317566429373e-16
-6.348791187449049791e-16
-5.831417205389308688e-16
-5.354358595968279187e-16
-4.914072044396375293e-16
-4.507640515919554373e-16
-4.132333356819699100e-16
-3.785553383509805298e-16
-3.465031104061613981e-16
-3.168548745970677185e-16
-2.894389750385704298e-16
-2.641014703012784769e-16
-2.407219280493466050e-16
-2.192374438969562379e-16
-1.995856987529115282e-16
-1.815103194076301040e-16
-1.648448255777229263e-16
-1.494925558686925174e-16
-1.353255541931272148e-16
-1.222016241326853217e-16
