# bin_2_2
-1.630482965159700569e-10
-1.637885934532392374e-10
-1.645567527571915013e-10
-1.653527203170083323e-10
-1.661784167477024675e-10
-1.670346426970591261e-10
-1.679224073073210949e-10
-1.688162758693551851e-10
-1.697965591115426256e-10
-1.707856934355551318e-10
-1.718109290053828640e-10
-1.729004291058224574e-10
-1.739742832324614999e-10
-1.751150729083403016e-10
-1.762970098279348721e-10
-1.775214444870298612e-10
-1.787897712489353145e-10
-1.801033175921118565e-10
-1.814636883036336486e-10
-1.828723448890963417e-10
-1.843308164762574877e-10
-1.858406633540991434e-10
-1.874034863935624313e-10
-1.890208608071030933e-10
-1.906948134691549448e-10
-1.924263965558553309e-10
-1.942179044740831951e-10
-1.960710538086353088e-10
-1.979902069178036856e-10
-1.999694249820031150e-10
-2.020182787717692489e-10
-2.041361742613337628e-10
-2.063250621604012866e-10
-2.085416573906008678e-10
-2.109236939561231675e-10
-2.133374676406336534e-10
-2.158301891709485755e-10
-2.184039684888708826e-10
-2.210615501326254995e-10
-2.238032115141723322e-10
-2.266329355793830646e-10
-2.295520381676408160e-10
-2.325627689334688666e-10
-2.356670605409306335e-10
-2.388671827255529569e-10
-2.421651332814877052e-10
-2.455633897725944870e-10
-2.490633134891492326e-10
-2.526667332807635170e-10
-2.563764322708395146e-10
-2.601940413574564939e-10
-2.639964978351961543e-10
-2.680604217119765388e-10
-2.723120353781664319e-10
-2.765787313403569699e-10
-2.809618230260774413e-10
-2.855120519191278958e-10
-2.900426328370096718e-10
-2.948225339696496562e-10
-2.996838986843330419e-10
-3.046672365925815154e-10
-3.097731377059701684e-10
-3.150110423829344243e-10
-3.203551923306058761e-10
-3.258311040641292627e-10
-3.314301645705385514e-10
-3.371524386599135698e-10
-3.429952024111654400e-10
-3.489606601888166886e-10
-3.550906932150896206e-10
-3.612452948448744749e-10
-3.675664072667089344e-10
-3.739940100798429306e-10
-3.805337254130083604e-10
-3.871819207763287257e-10
-3.939315217764929970e-10
-4.007806827896061439e-10
-4.077247851209574107e-10
-4.147555915325095833e-10
-4.218721606940576472e-10
-4.290650132866911146e-10
-4.363280649341458717e-10
-4.436537365891939252e-10
-4.510339822395510694e-10
-4.584592598199784072e-10
-4.659416165788036567e-10
-4.734127399365272538e-10
-4.809188283717896651e-10
-4.884301589219379138e-10
-4.959264188210987158e-10
-5.034241654663583793e-10
-5.108778764138900424e-10
-5.182920016688900246e-10
-5.256483538435959743e-10
-5.329294495082337532e-10
-5.401223622090530960e-10
-5.472129638440412427e-10
-5.541741556531311216e-10
-5.609938097585127452e-10
-5.676629588456917215e-10
-5.741496890715448649e-10
-5.804300247724295215e-10
-5.865026011991401519e-10
-5.923304207795561750e-10
-5.979238119923866734e-10
-6.031888928082521030e-10
-6.081810929338193387e-10
-6.128515191532297414e-10
-6.171802221303410920e-10
-6.211571314984291893e-10
-6.247363033776022087e-10
-6.279252176567861578e-10
-6.306931643918308158e-10
-6.330419296426488069e-10
-6.348830953760943309e-10
-6.362705307685976130e-10
-6.371555803134487787e-10
-6.375214257355844488e-10
-6.373641248348850625e-10
-6.366647924747381618e-10
-6.354093123166042033e-10
-6.335911257447954168e-10
-6.312003323666240895e-10
-6.282394029440388966e-10
-6.246785018505458174e-10
-6.205408863235038925e-10
-6.158179640865581827e-10
-6.105108990050771593e-10
-6.046250413616535845e-10
-5.981772691346945654e-10
-5.911589283409534624e-10
-5.835995129739599953e-10
-5.755182265472958746e-10
-5.669246743252039274e-10
-5.578473154984372452e-10
-5.483111895005469696e-10
-5.383415559403340849e-10
-5.279732406133019464e-10
-5.172358163753037125e-10
-5.061657730355396386e-10
-4.948022728374947854e-10
-4.831679687353985779e-10
-4.713156930001270199e-10
-4.592789609625211741e-10
-4.470985858170898782e-10
-4.348098361140198208e-10
-4.224490098042583672e-10
-4.100555377445572951e-10
-3.976637385830420022e-10
-3.853056331863374172e-10
-3.730054942228635853e-10
-3.608043307791038827e-10
-3.487248771308086390e-10
-3.367899384637487137e-10
-3.250227698505368535e-10
-3.134468755020714638e-10
-3.020787603092610791e-10
-2.909369294364125394e-10
-2.800381949487431539e-10
-2.693966405429903513e-10
-2.590273106893148795e-10
-2.489441523920752751e-10
-2.391589623859702672e-10
-2.296821434146244677e-10
-2.205215431708519296e-10
-2.116813693071544385e-10
-2.031622037164547696e-10
-1.949593987374137248e-10
-1.870614424439727699e-10
-1.794507304617239779e-10
-1.721043148063340080e-10
-1.649939979920697270e-10
-1.580882565984453160e-10
-1.513545732644887482e-10
-1.447626409825175820e-10
-1.382883723247947280e-10
-1.319184211594700644e-10
-1.256527475271457541e-10
-1.195054471436305023e-10
-1.135030881775918078e-10
-1.076817059487735441e-10
-1.020816201657819254e-10
-9.674109360244883405e-11
-9.169019297651751574e-11
-8.694666430068862571e-11
-8.251373629968873093e-11
-7.838009848428553974e-11
-7.452199764274716364e-11
-7.090709292898582007e-11
-6.749900062609123886e-11
-6.426172905126214283e-11
-6.116388265494862337e-11
-5.818188744229932526e-11
-5.530256479418528191e-11
-5.252385606435452850e-11
-4.985313793026257695e-11
-4.730367983689427695e-11
-4.488930858604433973e-11
-4.261927116191864336e-11
-4.049417961544217239e-11
-3.850631880669699557e-11
-3.664255203525970003e-11
-3.488737614957402230e-11
-3.322561911187574060e-11
-3.164451159040279865e-11
-3.013627067629849784e-11
-2.869918438752604792e-11
-2.733623642606493749e-11
-2.605080479545258990e-11
-2.484221289865824467e-11
-2.370433272759266736e-11
-2.262776247704401370e-11
-2.160450552589705217e-11
-2.063090794143904236e-11
-1.970677107711975721e-11
-1.883206055769248561e-11
-1.800419807214990726e-11
-1.721845868628953484e-11
-1.647054019021285789e-11
-1.575823227247306066e-11
-1.508044237580609283e-11
-1.443550938278886249e-11
-1.382105363972656830e-11
-1.323480711936093466e-11
-1.267511489953401550e-11
-1.214061179120469895e-11
-1.162967755553974567e-11
-1.114059790744540181e-11
-1.067209963669080363e-11
-1.022322168501903523e-11
-9.792858411668060907e-12
-9.379839818041783795e-12
-8.983166617117798418e-12
-8.601984476325694887e-12
-8.235519101357581419e-12
-7.883044975798976042e-12
-7.543866143573244105e-12
-7.217333249368361736e-12
-6.902857200143888160e-12
-6.599905530110727072e-12
-6.307992052381148078e-12
-6.026663665146691379e-12
-5.755500849428277184e-12
-5.494123609706529166e-12
-5.242183431644156758e-12
-4.999355019026194281e-12
-4.765337511057250545e-12
-4.539853502660984180e-12
-4.322644179875327238e-12
-4.113467024233124953e-12
-3.912093883430632436e-12
-3.718309500864606749e-12
-3.531909377754485273e-12
-3.352698617109015687e-12
-3.180490215441794777e-12
-3.015103737236297086e-12
-2.856364316089683376e-12
-2.704101559437553464e-12
-2.558148810674069158e-12
-2.418342252864694542e-12
-2.284520429195061710e-12
-2.156523720860095040e-12
-2.034193843850566499e-12
-1.917373591011109059e-12
-1.805907023463763262e-12
-1.699638471579316497e-12
-1.598413070114251260e-12
-1.502076389953525065e-12
-1.410474655252170582e-12
-1.323454686017507418e-12
-1.240863855144153861e-12
-1.162550253264216329e-12
-1.088362815548255702e-12
-1.018151416568530117e-12
-9.517669933811442654e-13
-8.890617154238624624e-13
-8.298888947472267912e-13
-7.741043385410907944e-13
-7.215647829943547200e-13
-6.721293018969600959e-13
-6.256592144696758018e-13
-5.820182757303743202e-13
-5.410729040336806175e-13
-5.026924099023496823e-13
-4.667492025379851489e-13
-4.331189798896409424e-13
-4.016805414784635596e-13
-3.723174372329981322e-13
-3.449158212796188512e-13
-3.193661031953847231e-13
-2.955626433753731279e-13
-2.734037834042007996e-13
-2.527917948471047842e-13
-2.336328960369561202e-13
-2.158373824519548173e-13
-1.993192984382128292e-13
-1.839978714715998146e-13
-1.697951977406039422e-13
-1.566377512123611631e-13
-1.444559212949929764e-13
-1.331839747127125007e-13
-1.227600109793841270e-13
-1.131254042773286335e-13
-1.042260735378972484e-13
-9.600997674630870405e-14
-8.842849387703585970e-14
-8.143598308156058327e-14
-7.498964710028664817e-14
-6.904919159699421302e-14
-6.357620246760746957e-14
-5.853554153007944965e-14
-5.389338866836964709e-14
-4.961863112965460476e-14
-4.568241923247771965e-14
-4.205770407812743620e-14
-3.872063903574979078e-14
-3.564811763840796782e-14
-3.281921879797006000e-14
-3.021466319621576285e-14
-2.781636145644986124e-14
-2.560863121333488378e-14
-2.357605366238528454e-14
-2.170475520883046536e-14
-1.998195529168985705e-14
-1.839556550004735618e-14
-1.693538703094593948e-14
-1.559109609760153268e-14
-1.435349909752797300e-14
-1.321381957670278850e-14
-1.216491243454838527e-14
-1.119926339484639128e-14
-1.031026549113405403e-14
-9.491644093354837484e-15
-8.738096728579652322e-15
-8.044377714291096055e-15
-7.405719051775091002e-15
-6.817753343220849842e-15
-6.276437991010469536e-15
-5.778123197878216916e-15
-5.319358493528366566e-15
-4.897005258026955078e-15
-4.508174188663522980e-15
-4.150144056703268318e-15
-3.820589171634181548e-15
-3.517195036968937404e-15
-3.237886417678812774e-15
-2.980693160889841952e-15
-2.743978220567979452e-15
-2.526022062506686382e-15
-2.325293587023019700e-15
-2.140367291389620889e-15
-1.970469487646079628e-15
-1.814058154522344006e-15
-1.669680313012493041e-15
-1.536961076875851708e-15
-1.414736258923871523e-15
-1.302202366139166923e-15
-1.198586605314847637e-15
-1.103175794991631250e-15
-1.015341646290228304e-15
-9.344615130582527300e-16
-8.599633917952654460e-16
-7.913883934231013858e-16
-7.282295555200734961e-16
-6.700592751553003033e-16
-6.164770263220806406e-16
-5.671269738312702847e-16
-5.216608527558502957e-16
-4.797886610943103100e-16
-4.411955305830175291e-16
-4.056611951546644148e-16
-3.729004337934884480e-16
-3.427069358607315680e-16
-3.148707090420970467e-16
-2.892142550883542387e-16
-2.655680401229736058e-16
-2.437546330436530784e-16
-2.236400138908888013e-16
-2.050632459781000631e-16
-1.879068022600118128e-16
-1.720616651228178533e-16
-1.574227163880219943e-16
-1.438972870364557687e-16
-1.314045339656778478e-16
-1.198502760477498833e-16
-1.091539466542645782e-16
-9.925148238338073486e-17
-9.007549005091350177e-17
-8.156919807942036492e-17
-7.368473773055578527e-17
-6.638696919629401026e-17
-5.964369888628466357e-17
-5.344927239520636753e-17
-4.781746436927437382e-17
-4.275096488114709462e-17
-3.814360852529136197e-17
-3.393726510795328740e-17
-3.011349129308565140e-17
-2.663196118018014820e-17
-2.345056955787711541e-17
