# bin_3_4
-1.208893693052712374e-10
-1.213044591873372860e-10
-1.217342851147107330e-10
-1.221793759976239367e-10
-1.226400228539283271e-10
-1.231168975014334195e-10
-1.236104396177058869e-10
-1.241211566743890592e-10
-1.246491034989936896e-10
-1.251962120673442396e-10
-1.257953065681071140e-10
-1.263462610730382276e-10
-1.269508710112164177e-10
-1.275759849546833393e-10
-1.282221393475237767e-10
-1.288899573474421991e-10
-1.295798566183977453e-10
-1.302889145908590180e-10
-1.310288263123679236e-10
-1.317890998580225794e-10
-1.325741034599683692e-10
-1.333843721111286386e-10
-1.342205314598177657e-10
-1.350833017464804062e-10
-1.359732147972778563e-10
-1.368910980016497914e-10
-1.378374246361676245e-10
-1.388130640808394514e-10
-1.398217597408298091e-10
-1.408543491450510901e-10
-1.419212312598722110e-10
-1.430198315154329386e-10
-1.441507784083277423e-10
-1.453146782536047218e-10
-1.465120979049999636e-10
-1.477437178646951843e-10
-1.490098441534629915e-10
-1.503112916941980921e-10
-1.516492236072321358e-10
-1.530221656237872732e-10
-1.544324447565830662e-10
-1.558799421327375318e-10
-1.573652888766355594e-10
-1.588883449436513721e-10
-1.604499366293866459e-10
-1.620499851700561425e-10
-1.636890503802180534e-10
-1.653679287734919244e-10
-1.670849017026454290e-10
-1.688416891081228405e-10
-1.706379610206123043e-10
-1.724736047263538483e-10
-1.743484595858757362e-10
-1.762623414047926150e-10
-1.782149728160006190e-10
-1.802061905005924668e-10
-1.822353880148673137e-10
-1.843021616244890246e-10
-1.864057634228129526e-10
-1.885455549232133251e-10
-1.907206901494520843e-10
-1.929300789391165084e-10
-1.951844060334391273e-10
-1.974490111955190577e-10
-1.997555068181895154e-10
-2.020915745678381527e-10
-2.044553577533420113e-10
-2.068453214662723493e-10
-2.092597000324485807e-10
-2.116959091363738686e-10
-2.141520706878014786e-10
-2.166308065848333845e-10
-2.191150278712160316e-10
-2.216165085790834073e-10
-2.241291596930319682e-10
-2.266467270278750736e-10
-2.291689319363306410e-10
-2.316913879626284226e-10
-2.342052359274066047e-10
-2.367239520217472419e-10
-2.392264461689084079e-10
-2.417147361098367432e-10
-2.441845794375480585e-10
-2.466317129129937367e-10
-2.490516329257316804e-10
-2.514399469405648126e-10
-2.537917347727860323e-10
-2.561024509984803910e-10
-2.583669770000082864e-10
-2.605799823580817269e-10
-2.627403872211493856e-10
-2.648322960486639002e-10
-2.668607992549734081e-10
-2.688233005442625356e-10
-2.706985507421130574e-10
-2.724977210723765058e-10
-2.742104529547240095e-10
-2.758313406207314700e-10
-2.773556844334304681e-10
-2.787790920416398698e-10
-2.800964415844588871e-10
-2.813032287808536672e-10
-2.823958339908437191e-10
-2.833688940245759182e-10
-2.842195413780155835e-10
-2.849365507329579545e-10
-2.855419046672651362e-10
-2.860080033399237662e-10
-2.863410129479536925e-10
-2.865386001346143838e-10
-2.865991638876734545e-10
-2.865214429224751813e-10
-2.863058438147195783e-10
-2.859525864217791475e-10
-2.854578350485395655e-10
-2.848252147909643998e-10
-2.840540068833995452e-10
-2.831466645603442309e-10
-2.821063333241282335e-10
-2.809347204288994713e-10
-2.796323883257257375e-10
-2.782028103663905401e-10
-2.766465925189145089e-10
-2.749678832419008865e-10
-2.731618863696110065e-10
-2.712426373359303791e-10
-2.691994025560419381e-10
-2.670376759180248686e-10
-2.647576733557064490e-10
-2.623612599055209713e-10
-2.598488004745338380e-10
-2.572214901054876927e-10
-2.544796990980513504e-10
-2.516242892347923155e-10
-2.486574891308688541e-10
-2.455789017771545892e-10
-2.423935466840457909e-10
-2.391004588502389180e-10
-2.357032767921325841e-10
-2.322037008223723928e-10
-2.286098383756870000e-10
-2.249217390087455345e-10
-2.211453644862810444e-10
-2.172853505139291217e-10
-2.133455620740387676e-10
-2.093295054487889685e-10
-2.052410247100686950e-10
-2.010821890928867045e-10
-1.968547120505807020e-10
-1.925628340269274686e-10
-1.882062470027454129e-10
-1.837866191008536207e-10
-1.793111687523176406e-10
-1.747657672738595971e-10
-1.701996596226215173e-10
-1.655765911308770997e-10
-1.609184818218084821e-10
-1.562337735170742327e-10
-1.515315444104780960e-10
-1.468212092485008080e-10
-1.421124364282930781e-10
-1.374152122690471674e-10
-1.327401274587944868e-10
-1.280974750923804859e-10
-1.235015635262925702e-10
-1.189651756682001603e-10
-1.145004665593431391e-10
-1.101236956985229148e-10
-1.058473269733712238e-10
-1.016869818356343939e-10
-9.762971805186079471e-11
-9.375015024910068068e-11
-8.999163698283881898e-11
-8.638164793661725773e-11
-8.292314101649469892e-11
-7.961570867905311137e-11
-7.645566274432145574e-11
-7.343738543230052741e-11
-7.055160854664379634e-11
-6.778659530893591753e-11
-6.512983156561157383e-11
-6.256865211095010464e-11
-6.008918620487675778e-11
-5.767840715522212810e-11
-5.532303374582733035e-11
-5.301017200962396414e-11
-5.072919163792449995e-11
-4.847229225307199221e-11
-4.623603284612241242e-11
-4.402309887370099671e-11
-4.184197520013730295e-11
-3.970714988408336201e-11
-3.763745934989232504e-11
-3.565379071522378913e-11
-3.377514947145344780e-11
-3.201537792254891163e-11
-3.038063597310774577e-11
-2.892206963458424485e-11
-2.746767510937328308e-11
-2.616151501666858329e-11
-2.492984581803009422e-11
-2.375306584814477879e-11
-2.261550024838694980e-11
-2.150816287928326597e-11
-2.042944274284122417e-11
-1.938359524595235445e-11
-1.837812547082233399e-11
-1.742117088773272440e-11
-1.651905830697779265e-11
-1.567430541224892591e-11
-1.488448203912885511e-11
-1.414279400277662847e-11
-1.344093993908373850e-11
-1.277212200516100789e-11
-1.213320926293238941e-11
-1.152421917954283177e-11
-1.094622016067686513e-11
-1.039956615091885153e-11
-9.882763559785646628e-12
-9.393567635991512741e-12
-8.930175355048581721e-12
-8.491308699123450832e-12
-8.075959213363458018e-12
-7.682480440857017647e-12
-7.308928873084225260e-12
-6.954165266007414762e-12
-6.617691175431755684e-12
-6.299098997737801093e-12
-5.997294146040015552e-12
-5.710710407731681659e-12
-5.438290759953772759e-12
-5.179550634035520048e-12
-4.933955074903256719e-12
-4.700687226540803877e-12
-4.478866419677456502e-12
-4.267825343380015541e-12
-4.067059192469734416e-12
-3.876039790833194546e-12
-3.694180473205275947e-12
-3.520911547300191003e-12
-3.355767866120886525e-12
-3.198356123040801615e-12
-3.048257240307706867e-12
-2.905050055410626408e-12
-2.768376946422226372e-12
-2.637917502170216483e-12
-2.513350512489679510e-12
-2.394369378675121929e-12
-2.280694738997617726e-12
-2.172065616158910195e-12
-2.068245389845051342e-12
-1.968980986923152313e-12
-1.874067690956300467e-12
-1.783303221492412232e-12
-1.696497757342712060e-12
-1.613473090162516228e-12
-1.534061768553254445e-12
-1.458106102403502420e-12
-1.385457570975961654e-12
-1.315975942970907029e-12
-1.249528741649718662e-12
-1.185990616967633617e-12
-1.125242701974131461e-12
-1.067172116288125711e-12
-1.011672112312712938e-12
-9.586405184693978989e-13
-9.098844895476675541e-13
-8.595983185170570047e-13
-8.134062736998232707e-13
-7.693192446725807957e-13
-7.272558766395014735e-13
-6.871381201076489169e-13
-6.488910246211178173e-13
-6.124425271703305884e-13
-5.777232664826214579e-13
-5.446664216285093610e-13
-5.132072049725242482e-13
-4.832841657783624542e-13
-4.548368527874066192e-13
-4.278072203571559720e-13
-4.021391474284068047e-13
-3.777783369110268873e-13
-3.546722327903233088e-13
-3.327699383050454219e-13
-3.120221451222232093e-13
-2.923810690446689298e-13
-2.737999321759281409e-13
-2.562347743484801970e-13
-2.396415365668062316e-13
-2.239779540553727325e-13
-2.092030232897926347e-13
-1.952769789525449773e-13
-1.821612556871523602e-13
-1.698184321257845726e-13
-1.582121858637563628e-13
-1.473068152052866537e-13
-1.370691043414849363e-13
-1.274654558455354270e-13
-1.184638412932542740e-13
-1.100323140175915215e-13
-1.021429291998749911e-13
-9.476579588237998950e-14
-8.787268810623020964e-14
-8.143783261824796533e-14
-7.543500493709109590e-14
-6.983948440048486568e-14
-6.462754153620087970e-14
-5.977642999497116726e-14
-5.526442537201785514e-14
-5.107043821244723463e-14
-4.717564887886472336e-14
-4.356085838554715579e-14
-4.020828402125761736e-14
-3.710122138649429302e-14
-3.422387001356747564e-14
-3.156151102350729706e-14
-2.909994420131382666e-14
-2.682563344628449332e-14
-2.472567367135386541e-14
-2.278786918752977694e-14
-2.100031385407680550e-14
-1.935197425398119206e-14
-1.783235216269514718e-14
-1.643163551197823254e-14
-1.514068901146889025e-14
-1.395093334022900225e-14
-1.285464536044274975e-14
-1.184445530069990820e-14
-1.091356385527020604e-14
-1.005588459734969516e-14
-9.265556666495134817e-15
-8.537352352726468305e-15
-7.866356673432873478e-15
-7.248092431733698704e-15
-6.678427844922607547e-15
-6.153516308607108028e-15
-5.669873411886279377e-15
-5.224224281125922568e-15
-4.813623944581193342e-15
-4.435247053513676576e-15
-4.086617628613413431e-15
-3.765383062890290019e-15
-3.469381025793554032e-15
-3.196643827506988434e-15
-2.945328088339451370e-15
-2.713756988872895944e-15
-2.500375400326340964e-15
-2.303769528958544696e-15
-2.122591151803713335e-15
-1.955641198502298015e-15
-1.801813591108551254e-15
-1.660059933510629834e-15
-1.529422642746433075e-15
-1.409056628378393738e-15
-1.298139587355028964e-15
-1.195920982240369641e-15
-1.101723840352941873e-15
-1.014917690209602270e-15
-9.349126104082398213e-16
-8.611872622444100500e-16
-7.932376173697470173e-16
-7.306103461096868790e-16
-6.728829662819059316e-16
-6.196742988755418730e-16
-5.706277353634850948e-16
-5.254195631564276722e-16
-4.837431126131833756e-16
-4.453286385753947392e-16
-4.099235243727987522e-16
-3.773002340068646920e-16
-3.472459806681952682e-16
-3.195644663615839752e-16
-2.940635054784227410e-16
-2.705715360020267969e-16
-2.489238327488246368e-16
-2.289730845583187887e-16
-2.105797627112160090e-16
-1.936322081461869547e-16
-1.780174985202716380e-16
-1.636343228779873562e-16
-1.503824037370093849e-16
-1.381707056754479074e-16
-1.269178289965935023e-16
-1.165521837242851479e-16
-1.070070290385710925e-16
-9.821714934648561631e-17
-9.012358587619719340e-17
-8.266993005220416027e-17
-7.580632312651652553e-17
-6.948952706085932212e-17
-6.367749367531007162e-17
-5.832713840737009935e-17
-5.339168933155218634e-17
-4.883826523778102412e-17
-4.465041876977964622e-17
-4.081314865631326823e-17
-3.729882824954817484e-17
-3.408094368091492078e-17
-3.112962234209109966e-17
-2.841901440033657296e-17
