# bin_1_3
-3.073626873841650676e-11
-3.089810876705789886e-11
-3.106589401578929190e-11
-3.123937971627668570e-11
-3.141977501301750203e-11
-3.160672837084148239e-11
-3.180046469675477929e-11
-3.200122358962971551e-11
-3.220921100046216900e-11
-3.242468474339097013e-11
-3.264787987520127303e-11
-3.287904525555451481e-11
-3.311842937079515652e-11
-3.336629108930080472e-11
-3.362293202859038184e-11
-3.394698984271583666e-11
-3.422187602025987917e-11
-3.444879113065242291e-11
-3.474327021478767115e-11
-3.504789120832452788e-11
-3.536185454778769316e-11
-3.568757541128433113e-11
-3.602435651629512181e-11
-3.637250928172731256e-11
-3.673234964549865404e-11
-3.710419776801167818e-11
-3.748837781417901165e-11
-3.788521671794828056e-11
-3.829504277531229133e-11
-3.871818797993520013e-11
-3.915498471387170288e-11
-3.960576674464449679e-11
-4.007084371062641072e-11
-4.055056695133133185e-11
-4.104526999595875707e-11
-4.155528569078207280e-11
-4.208094501171141807e-11
-4.262257487006920685e-11
-4.318049610588195068e-11
-4.375502462815228730e-11
-4.434647062742722067e-11
-4.495518133234988936e-11
-4.561225316268400836e-11
-4.625792997942828734e-11
-4.688727184145888141e-11
-4.756763151134972882e-11
-4.826658307386234662e-11
-4.901327269236870265e-11
-4.972302304927267807e-11
-5.047926746697689836e-11
-5.125297247894174350e-11
-5.204816427411508303e-11
-5.286508533917957509e-11
-5.369983386204856296e-11
-5.455255431484206890e-11
-5.542918657440599633e-11
-5.632381977161922043e-11
-5.723842469963215611e-11
-5.817291842977980983e-11
-5.912717944177797231e-11
-6.013437349805735135e-11
-6.113107606633432809e-11
-6.210738366726115220e-11
-6.313923419802991927e-11
-6.422924898715252174e-11
-6.529655365785394035e-11
-6.634400425944178531e-11
-6.749412777977000812e-11
-6.856921743381513964e-11
-6.970652002100386556e-11
-7.085938790606035193e-11
-7.202706282365893572e-11
-7.320872204835048782e-11
-7.445652201323737400e-11
-7.561035695462944433e-11
-7.683010196547149274e-11
-7.805771588899627762e-11
-7.929400290520231865e-11
-8.053560868684029522e-11
-8.178498864042619552e-11
-8.303858428303904143e-11
-8.429469305148956518e-11
-8.555197036581007069e-11
-8.680844593602277843e-11
-8.806455727059271603e-11
-8.931365212598343417e-11
-9.055383990042674456e-11
-9.178734432290230048e-11
-9.300967727656054651e-11
-9.421853986269420533e-11
-9.541141787239385941e-11
-9.658817639093295670e-11
-9.774179966034177391e-11
-9.886920838068200986e-11
-9.997272407938872435e-11
-1.010471161983781560e-10
-1.020895941983487647e-10
-1.030972430135461710e-10
-1.040669100848451777e-10
-1.049975680653688697e-10
-1.058803799055714265e-10
-1.067182836742901494e-10
-1.075062669329038351e-10
-1.082432705262206207e-10
-1.089221634520447295e-10
-1.095408049646116462e-10
-1.100999508420626354e-10
-1.105952016439339862e-10
-1.110240936336981032e-10
-1.113841618337312873e-10
-1.116729258660496122e-10
-1.118894457203495098e-10
-1.120290580264692486e-10
-1.120921977629891667e-10
-1.120772829709285348e-10
-1.119814995417474827e-10
-1.118086833294102892e-10
-1.115567777206494766e-10
-1.112258572027021531e-10
-1.108165819127221471e-10
-1.103306263250774519e-10
-1.097670864314776838e-10
-1.091268738411602622e-10
-1.084126738183973395e-10
-1.076251409671053153e-10
-1.067682671369307917e-10
-1.058434488135898345e-10
-1.048532623650000638e-10
-1.038004349703070129e-10
-1.026887521740057522e-10
-1.015203575523086191e-10
-1.002986871956270550e-10
-9.902644563637164475e-11
-9.770830731152649664e-11
-9.634688058631198109e-11
-9.494475103454963448e-11
-9.350570202361401209e-11
-9.203104425644532472e-11
-9.052404836969573305e-11
-8.898704032677412575e-11
-8.742303129870907689e-11
-8.583358977305952906e-11
-8.422063690290754986e-11
-8.258628342093363032e-11
-8.093137312449007111e-11
-7.925737919922116303e-11
-7.756628940098316265e-11
-7.585895987732219167e-11
-7.413643072263864068e-11
-7.239981368851746241e-11
-7.064951806338373802e-11
-6.888544460513942298e-11
-6.710887602031340915e-11
-6.531946358255916911e-11
-6.351721588365938576e-11
-6.170221585524731273e-11
-5.987446352743593031e-11
-5.804727062763102208e-11
-5.618640978219114773e-11
-5.433109434969525641e-11
-5.247264384464240959e-11
-5.061606952073425599e-11
-4.876751202927249533e-11
-4.693350220934646758e-11
-4.512126234628959258e-11
-4.333843341480978624e-11
-4.159222641377741801e-11
-3.989050913509876995e-11
-3.824035668735124941e-11
-3.664838663925049874e-11
-3.512039528480041022e-11
-3.366047608759046534e-11
-3.227170142935547218e-11
-3.095488392940828592e-11
-2.970852043249213807e-11
-2.852953186028741603e-11
-2.741244002474919089e-11
-2.635094566130661833e-11
-2.533758776329002171e-11
-2.436415038551856716e-11
-2.342265892476828044e-11
-2.250518541053352585e-11
-2.160435354318230889e-11
-2.071433219046583094e-11
-1.983077393882391446e-11
-1.895129786181674782e-11
-1.807564082103276785e-11
-1.720584752008105176e-11
-1.634635487685229054e-11
-1.550378150996351978e-11
-1.468642732919220761e-11
-1.390337850317813658e-11
-1.316323799636087505e-11
-1.247273922834909636e-11
-1.183539557549232605e-11
-1.125068485864084606e-11
-1.071396359210102108e-11
-1.021724425513948340e-11
-9.750676323763578755e-12
-9.304456510119944221e-12
-8.870770804806129216e-12
-8.445032344198612957e-12
-8.026434212906164834e-12
-7.617716528733259562e-12
-7.223865713466596436e-12
-6.850065225442872603e-12
-6.499726886801728330e-12
-6.174290156916642372e-12
-5.869052017339577561e-12
-5.583107326442502516e-12
-5.312080132354382240e-12
-5.053579442131375403e-12
-4.806594369107839138e-12
-4.571054150010541270e-12
-4.347171951444696647e-12
-4.135031355715544164e-12
-3.934266986303285571e-12
-3.744941709129456072e-12
-3.564166476356904303e-12
-3.393290350004217262e-12
-3.231118200092972435e-12
-3.077234963310644515e-12
-2.931270751497686349e-12
-2.792742171671029918e-12
-2.661139269768528218e-12
-2.536074650456870649e-12
-2.417229640764097493e-12
-2.304289684388562439e-12
-2.196885387817959367e-12
-2.094670833756233941e-12
-1.997380131946148006e-12
-1.904776660227942036e-12
-1.816599547952710714e-12
-1.732553911883537348e-12
-1.652405001481401480e-12
-1.575985980539237319e-12
-1.503091420762630820e-12
-1.433501524702947419e-12
-1.367048268399935515e-12
-1.303577703062223506e-12
-1.242928643566424732e-12
-1.184960842385102223e-12
-1.129546830671982058e-12
-1.076559190870219315e-12
-1.025879302638541028e-12
-9.773999309950650114e-13
-9.310184036237426456e-13
-8.866370386290670563e-13
-8.441653299795656469e-13
-8.035186619496738996e-13
-7.646172218218070351e-13
-7.273859942023165389e-13
-6.917544894645753829e-13
-6.576562609850095296e-13
-6.250285276454806847e-13
-5.938118357488082790e-13
-5.639497509613714740e-13
-5.353886044561789781e-13
-5.080772658331447023e-13
-4.819669232092323875e-13
-4.570109113704661026e-13
-4.331645408663087795e-13
-4.103849559884330581e-13
-3.886310055574125443e-13
-3.678631277719479630e-13
-3.480432522477695170e-13
-3.291347147431693536e-13
-3.111021823435451434e-13
-2.939197291156383661e-13
-2.775357930961318932e-13
-2.619258893706953849e-13
-2.470684637790839592e-13
-2.329282382701917765e-13
-2.194766861137326826e-13
-2.066862637025226145e-13
-1.945303789199292739e-13
-1.829833598623013576e-13
-1.720204286452785085e-13
-1.616176613247566245e-13
-1.517519739673276483e-13
-1.424010762921672073e-13
-1.335434459672459677e-13
-1.251583019124961749e-13
-1.172255709595711863e-13
-1.097258589789734087e-13
-1.026404097290344396e-13
-9.595108855198113777e-14
-8.964034669894605763e-14
-8.369119795634089707e-14
-7.808719270590809072e-14
-7.281241233066174127e-14
-6.785138341840251515e-14
-6.318916303316350983e-14
-5.881125901447974825e-14
-5.470362882692673165e-14
-5.085265946513892706e-14
-4.724516740354698347e-14
-4.386842202754153889e-14
-4.071012606013803511e-14
-3.775842752355154069e-14
-3.500191242708784777e-14
-3.242959715462758307e-14
-3.003099092468840619e-14
-2.779594354017934630e-14
-2.571483564300918128e-14
-2.377844605387600612e-14
-2.197796858329683068e-14
-2.030500222181441282e-14
-1.875155929157789603e-14
-1.731006359190120254e-14
-1.597345651111027879e-14
-1.473505236890691790e-14
-1.358850400256802455e-14
-1.252788486028508197e-14
-1.154752321770822945e-14
-1.064209124496972579e-14
-9.806367968909864049e-15
-9.035410110835174738e-15
-8.324509007671581027e-15
-7.669164988393226860e-15
-7.065215727386408402e-15
-6.508661890765958689e-15
-5.995895279910691802e-15
-5.523470238873112744e-15
-5.088186728989505616e-15
-4.687221580536113992e-15
-4.317834899704757072e-15
-3.977545795990829100e-15
-3.664025316294569414e-15
-3.375241638470198824e-15
-3.109207640548201848e-15
-2.864142484134066576e-15
-2.638388279413318798e-15
-2.430426098653045095e-15
-2.238859618434008479e-15
-2.062385176352898477e-15
-1.899824438630994775e-15
-1.750073247880648721e-15
-1.612130012618702095e-15
-1.485051295619987386e-15
-1.367988084957410503e-15
-1.260152245970155702e-15
-1.160811653581684615e-15
-1.069301573467593272e-15
-9.850010634779700312e-16
-9.073437316996660856e-16
-8.358054608052450493e-16
-7.699040049818208146e-16
-7.091926821812574014e-16
-6.532641822704293728e-16
-6.017496622050639662e-16
-5.542794830306488833e-16
-5.105502111786198664e-16
-4.702690389079279051e-16
-4.331594684259862980e-16
-3.989700909737080114e-16
-3.674706339722459975e-16
-3.384505308989122873e-16
-3.117114992686247366e-16
-2.870762085801098948e-16
-2.643789769983155310e-16
-2.434646797834160311e-16
-2.241902830452702708e-16
-2.064310234802643684e-16
-1.900659290795740743e-16
-1.749844547649663106e-16
-1.610864736941067785e-16
-1.482761957930928336e-16
-1.364659134682760750e-16
-1.255767891956695053e-16
-1.155364083860973114e-16
-1.062790236797404625e-16
-9.774028268232563455e-17
-8.986570240098049407e-17
-8.260648452613994856e-17
-7.591717943190602123e-17
-6.974934796404411776e-17
-6.406606144501714472e-17
-5.849447879086145129e-17
-5.388690816676516316e-17
-4.954100798774131188e-17
-4.543651113915111255e-17
-4.165450977847292284e-17
-3.816654806065305822e-17
-3.495119061234549498e-17
-3.198744481556930094e-17
-2.925687343634007448e-17
-2.674293912296123522e-17
-2.442778364855167886e-17
-2.229704206075485484e-17
-2.033737462132299720e-17
-1.853845208056699512e-17
-1.688636443028930411e-17
-1.537280937913388711e-17
-1.398886032909403636e-17
-1.272671533395965031e-17
-1.158814592013100099e-17
-1.056054785715235530e-17
-9.627137811193944781e-18
-8.779667332645665026e-18
