# bin_1_2
-1.319768112162132704e-10
-1.325248198908095891e-10
-1.330929010800128093e-10
-1.336817841591260719e-10
-1.342920269402500265e-10
-1.349244905412536704e-10
-1.355798699508899780e-10
-1.362589237436530857e-10
-1.369620606779587404e-10
-1.376910288125972540e-10
-1.384460517488065153e-10
-1.392277188324231876e-10
-1.400373063007844785e-10
-1.408755774933119139e-10
-1.417434342171608101e-10
-1.426417999636498484e-10
-1.435715747623871858e-10
-1.445337744831195267e-10
-1.455293935857751295e-10
-1.465594475545326348e-10
-1.476249639587686130e-10
-1.487269827896011664e-10
-1.498665676933962823e-10
-1.510448054487722922e-10
-1.522628152707756114e-10
-1.535216656340398865e-10
-1.548225726203628669e-10
-1.561668644654776541e-10
-1.575554162280738704e-10
-1.589895072983806599e-10
-1.604703517677786710e-10
-1.619991724436233697e-10
-1.635771947072640206e-10
-1.651603360054248717e-10
-1.668857198495165010e-10
-1.686188180968408627e-10
-1.704057313542748717e-10
-1.722480964654443065e-10
-1.741476897235401467e-10
-1.761040511901258454e-10
-1.781198887047360274e-10
-1.801959540488445362e-10
-1.820836042377505967e-10
-1.845335619722358212e-10
-1.867973162259323051e-10
-1.891257990707282160e-10
-1.915201713349331622e-10
-1.939820612977108126e-10
-1.965106242778163895e-10
-1.991326460783851638e-10
-2.017759555597564272e-10
-2.045138766679095074e-10
-2.073230420140000054e-10
-2.102035803930961380e-10
-2.131566618996737347e-10
-2.161821726007485377e-10
-2.193298095886461708e-10
-2.224528715514468584e-10
-2.256979164396093942e-10
-2.290163869868755029e-10
-2.324080761225512566e-10
-2.358720155535023384e-10
-2.394168622977962877e-10
-2.428657665127332365e-10
-2.466936768477907795e-10
-2.504406541903238088e-10
-2.542148893644999465e-10
-2.581362580368330067e-10
-2.620822679668703100e-10
-2.661353988214978987e-10
-2.701575893072758307e-10
-2.742866525231101017e-10
-2.784627863075506434e-10
-2.826934620610283808e-10
-2.869726228507510403e-10
-2.912938038093741422e-10
-2.956551542514242071e-10
-3.000513179976945559e-10
-3.044762316153534293e-10
-3.089289693596288744e-10
-3.133993476649819095e-10
-3.178828700407783055e-10
-3.223729342226543199e-10
-3.268929424680968043e-10
-3.313450951271320934e-10
-3.358304751720476881e-10
-3.402567757346901127e-10
-3.446702599037795905e-10
-3.490428064637357997e-10
-3.533665236556180088e-10
-3.576349399814738091e-10
-3.618307480981357496e-10
-3.659525498079938529e-10
-3.699868052840023989e-10
-3.739210538996210000e-10
-3.777450471486658673e-10
-3.814492933051333675e-10
-3.850150051331885486e-10
-3.884368053398546403e-10
-3.917000381726963235e-10
-3.947901122736593684e-10
-3.976904070968165093e-10
-4.004022011428227161e-10
-4.029123098593342761e-10
-4.051807348757038680e-10
-4.072198960934836700e-10
-4.090135428110361222e-10
-4.105454320177800338e-10
-4.118046195656829971e-10
-4.127885200838866111e-10
-4.134609257333540557e-10
-4.138375721703837062e-10
-4.138998823360269340e-10
-4.136385448567196641e-10
-4.130679031276032976e-10
-4.121286363530911601e-10
-4.108376074494062653e-10
-4.091966554019272996e-10
-4.072091657938941777e-10
-4.048640774651800937e-10
-4.021596446203809214e-10
-3.990968005307993801e-10
-3.956760908474921639e-10
-3.919034397291741209e-10
-3.877812635492296153e-10
-3.833170635795928845e-10
-3.785202947071110851e-10
-3.734020196592207427e-10
-3.679799289637068397e-10
-3.622387440789225234e-10
-3.562260304937284071e-10
-3.499500900453477514e-10
-3.434272919356728368e-10
-3.366751832373550684e-10
-3.297172025871609231e-10
-3.225747083565005308e-10
-3.152705658625467944e-10
-3.078300632434546629e-10
-3.002758511642950124e-10
-2.926318520282585687e-10
-2.849217759253350341e-10
-2.771737605313892364e-10
-2.694028553626513045e-10
-2.616376285807233266e-10
-2.538967765802260186e-10
-2.462006967386141531e-10
-2.385660262343433726e-10
-2.310021235052356316e-10
-2.235296058690334190e-10
-2.161569274136936229e-10
-2.088984619828724511e-10
-2.017478295931978244e-10
-1.947239611660603397e-10
-1.878245880736704788e-10
-1.810527978982192358e-10
-1.744128678452878830e-10
-1.679068885669532157e-10
-1.615336780636641372e-10
-1.552988424190900878e-10
-1.492030420118412430e-10
-1.432509584109768746e-10
-1.374483871823458983e-10
-1.318022565337108220e-10
-1.263179116697754047e-10
-1.210024276478416851e-10
-1.158627508908694343e-10
-1.109039059265712730e-10
-1.061274340027629559e-10
-1.015365828967884139e-10
-9.712545385698036000e-11
-9.288863989955459742e-11
-8.881715066765216819e-11
-8.489724301963003351e-11
-8.111425177804235842e-11
-7.745427091843853584e-11
-7.390064794657015272e-11
-7.044709804422305772e-11
-6.708856999803600136e-11
-6.382654675463586209e-11
-6.066924976210038944e-11
-5.762634022047334006e-11
-5.470940382598702529e-11
-5.192980210822875469e-11
-4.929422313426143013e-11
-4.680488515709428880e-11
-4.446085119363456186e-11
-4.225546912795021618e-11
-4.017996302958820052e-11
-3.822353488039131523e-11
-3.637483361610426107e-11
-3.462373066458839548e-11
-3.295982539936390891e-11
-3.137377371564949587e-11
-2.985833308537908329e-11
-2.840781027803557398e-11
-2.702084874009101079e-11
-2.569786516272263505e-11
-2.444085804785519601e-11
-2.325162583730017688e-11
-2.213006494207018696e-11
-2.107426639469806830e-11
-2.008062388626463518e-11
-1.914467510376600668e-11
-1.826025246348896235e-11
-1.742187872581217600e-11
-1.662429023563617000e-11
-1.586385380039933343e-11
-1.514010278138927640e-11
-1.445404490540932305e-11
-1.380523471549738309e-11
-1.319181240323340972e-11
-1.261028926039677773e-11
-1.205723195312714805e-11
-1.153042421667133295e-11
-1.102889979902399259e-11
-1.055206451192481781e-11
-1.009870179350295956e-11
-9.666885471840636998e-12
-9.254727670070182837e-12
-8.861007847849612322e-12
-8.484959420052636288e-12
-8.125730529990563451e-12
-7.782282915557431100e-12
-7.453608769305602111e-12
-7.138872087399335438e-12
-6.837320469175347195e-12
-6.548145056607203383e-12
-6.270538199398690816e-12
-6.003896512407700195e-12
-5.747774901895494325e-12
-5.501661127706843187e-12
-5.264991358602102148e-12
-5.037268177542889073e-12
-4.818071006825928805e-12
-4.607021067138861692e-12
-4.403812343414998651e-12
-4.208092485237524020e-12
-4.019534418317903815e-12
-3.837876171004157854e-12
-3.662850320593018454e-12
-3.494222235973000060e-12
-3.331768684858019958e-12
-3.175279661682382031e-12
-3.024564688038081865e-12
-2.879447316427831068e-12
-2.739759333713194269e-12
-2.605342684257984153e-12
-2.476049570340882474e-12
-2.351739330218935574e-12
-2.232277475130900941e-12
-2.117534771699447670e-12
-2.007386764398523436e-12
-1.901712612755952093e-12
-1.800394799063229376e-12
-1.703318290031642888e-12
-1.610370002691479846e-12
-1.521438476276486255e-12
-1.436413402006404204e-12
-1.355185470672883736e-12
-1.277646005076374730e-12
-1.203686921763695774e-12
-1.133200611325504109e-12
-1.066079803662005234e-12
-1.002217600297613337e-12
-9.415079557646329192e-13
-8.838448827310243654e-13
-8.291231915284003070e-13
-7.772382954643058213e-13
-7.280865395675728792e-13
-6.815652552473012751e-13
-6.375728073134508229e-13
-5.960088067407464255e-13
-5.567742656679272590e-13
-5.197717037158069764e-13
-4.849052594999931202e-13
-4.520808231101602857e-13
-4.212058872101853559e-13
-3.921908169448826203e-13
-3.649471917012007700e-13
-3.393890972434821184e-13
-3.154329070790772224e-13
-2.929973389076816598e-13
-2.720035335208124986e-13
-2.523751282368563321e-13
-2.340383091055567337e-13
-2.169218496298216875e-13
-2.009567771832532742e-13
-1.860778764492411187e-13
-1.722214234950859484e-13
-1.593267183972445644e-13
-1.473356768754553933e-13
-1.361927839665931436e-13
-1.258450060563593198e-13
-1.162417548596237905e-13
-1.073349251531347504e-13
-9.907851409680357823e-14
-9.143003667567967502e-14
-8.434820083334551382e-14
-7.779439852104452677e-14
-7.173224567408961468e-14
-6.612752774195793851e-14
-6.094814067563414898e-14
-5.616353548916970489e-14
-5.174637660769101157e-14
-4.766970986160711686e-14
-4.390872181069963813e-14
-4.044022380226431473e-14
-3.724258654286735064e-14
-3.429559417444788735e-14
-3.158000161176942222e-14
-2.907866093586857027e-14
-2.677472776365009405e-14
-2.465283851653972902e-14
-2.269871105847189341e-14
-2.089889740842777430e-14
-1.924187513920567888e-14
-1.771605532624070647e-14
-1.631108524270324865e-14
-1.501742078994624784e-14
-1.382594278185636433e-14
-1.272921762246608354e-14
-1.171943244131666955e-14
-1.078971307591469940e-14
-9.933724301841597399e-15
-9.145317554961033938e-15
-8.419750456571207707e-15
-7.751734994153450613e-15
-7.136709349794652483e-15
-6.570166105020679138e-15
-6.048875438121636024e-15
-5.568942462140400198e-15
-5.127087341574526865e-15
-4.720093915617147020e-15
-4.345490892425466619e-15
-4.000629100155904801e-15
-3.683114919354654892e-15
-3.390789372304949543e-15
-3.121635785340569738e-15
-2.873867713022550056e-15
-2.645752171598388440e-15
-2.435730761715825817e-15
-2.242368896078612663e-15
-2.064120007232437807e-15
-1.900350914481084179e-15
-1.749575873938427391e-15
-1.610763855460969947e-15
-1.482636558253900756e-15
-1.364870319728293990e-15
-1.256437319119981139e-15
-1.156556174199244553e-15
-1.064679908700440201e-15
-9.800159590857143871e-16
-9.020678361270286920e-16
-8.303053814617671658e-16
-7.642419347931829722e-16
-7.033980159004292207e-16
-6.473753893764477785e-16
-5.957769299781497858e-16
-5.482637194622176248e-16
-5.045056785225640811e-16
-4.642119516382348844e-16
-4.270962628174574094e-16
-3.929050124380463841e-16
-3.614168908327213562e-16
-3.324053238450926615e-16
-3.056699276761862242e-16
-2.810380765433780890e-16
-2.583319493477216268e-16
-2.374157570362130396e-16
-2.181211526836384587e-16
-2.003559014021763361e-16
-1.839610954371489820e-16
-1.688410181128510859e-16
-1.548897368144696540e-16
-1.420236845817580428e-16
-1.301604718444419619e-16
-1.192059944638671529e-16
-1.090989511303797743e-16
-9.975116155407793035e-17
-9.110767869686848176e-17
-8.311722591851097339e-17
-7.572875354939925631e-17
-6.889868493079010001e-17
-6.259042247868990405e-17
-5.675479411739237812e-17
-5.135179477754929423e-17
-4.635253674588390314e-17
-4.172425670624267892e-17
-3.744085587591604914e-17
-3.348177327095259055e-17
-2.983397110577105297e-17
-2.648452737528008554e-17
-2.343775697334730318e-17
-2.070495987932913049e-17
-1.828946048818082951e-17
-1.612664769625726497e-17
-1.418140876805543208e-17
-1.244360226528503962e-17
-1.089084818331304768e-17
-9.499917423494417178e-18
