# bin_3_2
-2.268296310155420327e-10
-2.279693886086809550e-10
-2.291525202953830551e-10
-2.303795670061414791e-10
-2.316527784313429048e-10
-2.329744595251033969e-10
-2.343454092150522798e-10
-2.357672263162773590e-10
-2.372427535583954384e-10
-2.387733464151673252e-10
-2.403609512400911606e-10
-2.420347368545375276e-10
-2.437149807197314375e-10
-2.454857392183425939e-10
-2.473218969217694792e-10
-2.492257137922063068e-10
-2.511995214613581745e-10
-2.532424885906327915e-10
-2.553667668894926193e-10
-2.575651992260057473e-10
-2.598435103832741640e-10
-2.622047121130486702e-10
-2.646512545425926629e-10
-2.671860998087080027e-10
-2.698124232884749279e-10
-2.725325588055821817e-10
-2.753499754746811904e-10
-2.782682025720053149e-10
-2.812925549072742168e-10
-2.844186948965190992e-10
-2.876576930751222665e-10
-2.910105001406284230e-10
-2.944806603070962763e-10
-2.980717849403995439e-10
-3.017875777331730250e-10
-3.056317238321714083e-10
-3.096080905562547153e-10
-3.137205964358230455e-10
-3.179738882598047225e-10
-3.223704690289962218e-10
-3.269154521227808275e-10
-3.316131886655403292e-10
-3.364676231671296781e-10
-3.414829083302087863e-10
-3.466635335367376590e-10
-3.520137745713243194e-10
-3.575384407539766968e-10
-3.632412715741895364e-10
-3.691264608796830014e-10
-3.751994854593220599e-10
-3.814642994259197180e-10
-3.879253468491539548e-10
-3.945869988596777633e-10
-4.014536099511706984e-10
-4.085293636175225979e-10
-4.158191009517501248e-10
-4.233263977931243277e-10
-4.310478476993053964e-10
-4.390107474812881274e-10
-4.471955906403548576e-10
-4.556136316794001689e-10
-4.642673925779317942e-10
-4.731728775503962661e-10
-4.823030675311859963e-10
-4.916877580439726584e-10
-5.013211170884230991e-10
-5.112054842570220143e-10
-5.213422937385758996e-10
-5.317122160075627101e-10
-5.423812900948594186e-10
-5.532850650626988405e-10
-5.644493110761345529e-10
-5.758627206724166020e-10
-5.875347195856231194e-10
-5.994618959773335188e-10
-6.116395021926450952e-10
-6.240672665161725494e-10
-6.367412696384044958e-10
-6.496568567479286480e-10
-6.628094896664797556e-10
-6.761950745382044855e-10
-6.898047186983290164e-10
-7.036441069503430411e-10
-7.176665840344579734e-10
-7.318995324372121954e-10
-7.463420396293685106e-10
-7.609215520323621606e-10
-7.756842181459332156e-10
-7.905967724890261924e-10
-8.056440272766001504e-10
-8.207945604969632481e-10
-8.360807780306495683e-10
-8.514366760149663108e-10
-8.668689937394547041e-10
-8.823377917540028370e-10
-8.978093950101381510e-10
-9.132893619853857743e-10
-9.287357021249725182e-10
-9.441222012397647788e-10
-9.594433801888665404e-10
-9.746086251533679545e-10
-9.896379942173708893e-10
-1.004475563236234649e-09
-1.019090104355551852e-09
-1.033445155587595823e-09
-1.047548012004429843e-09
-1.061279337354868344e-09
-1.074603006617159023e-09
-1.087553937557390046e-09
-1.100056658746743446e-09
-1.112081798181218539e-09
-1.123605204177789142e-09
-1.134582674646919868e-09
-1.144927564576393885e-09
-1.154641995167543521e-09
-1.163670174695817594e-09
-1.171952894710908486e-09
-1.179450617798328691e-09
-1.186124808515158231e-09
-1.191943697306302529e-09
-1.196858174887089824e-09
-1.200825532100456235e-09
-1.203805478204666239e-09
-1.205756702183279910e-09
-1.206676935335820345e-09
-1.206519526376280826e-09
-1.205254665197883262e-09
-1.202855572594168098e-09
-1.199299502678903855e-09
-1.194567926807723925e-09
-1.188645040725043510e-09
-1.181516019511950951e-09
-1.173174738465988399e-09
-1.163622027742006727e-09
-1.152867817976845240e-09
-1.140923449453029394e-09
-1.127805884158728188e-09
-1.113535692547332366e-09
-1.098141371501148761e-09
-1.081658194095713632e-09
-1.064128020598014354e-09
-1.045597017250433393e-09
-1.026116618463504782e-09
-1.005743932701888706e-09
-9.845377673576742963e-10
-9.625649625924950912e-10
-9.398939636788535234e-10
-9.166033958047486587e-10
-8.927694761443317381e-10
-8.684767191511200125e-10
-8.438126769223891774e-10
-8.188645659199733931e-10
-7.937307308673403897e-10
-7.685033031123048990e-10
-7.432799682339990801e-10
-7.181608009197116996e-10
-6.932393837528261109e-10
-6.686112906718260512e-10
-6.443693259258072294e-10
-6.206012726434671770e-10
-5.973923959304680296e-10
-5.748214127199543784e-10
-5.529567361792287378e-10
-5.318549750468724092e-10
-5.115587545151002891e-10
-4.920952651486716393e-10
-4.734748115173403517e-10
-4.556858036701595982e-10
-4.386898893122262950e-10
-4.224221995063776983e-10
-4.067953869345955912e-10
-3.917041482888295937e-10
-3.770312705811184837e-10
-3.626547650797403795e-10
-3.484571262061509988e-10
-3.343359326442145262e-10
-3.202155994746783759e-10
-3.060573880045123659e-10
-2.918668461676483631e-10
-2.776960962251399542e-10
-2.636417352267114459e-10
-2.498358601027444154e-10
-2.361378653688941449e-10
-2.233061848224482830e-10
-2.114115695864253181e-10
-2.000312603296470452e-10
-1.894905482896055123e-10
-1.797908414204212360e-10
-1.708808384515426594e-10
-1.626623736874728866e-10
-1.550034344582479388e-10
-1.477574696003913358e-10
-1.407865722983802783e-10
-1.338167415033829417e-10
-1.272963885976939547e-10
-1.207199709414331444e-10
-1.143039913738904244e-10
-1.081286664299992929e-10
-1.022808310413935940e-10
-9.682478083118235861e-11
-9.178452915365985173e-11
-8.713997763366544543e-11
-8.283411022538754387e-11
-7.878996406814215530e-11
-7.493371731588161287e-11
-7.121931909649765124e-11
-6.764024611641137489e-11
-6.422318871446846930e-11
-6.100403627929145877e-11
-5.800149006814588604e-11
-5.520439888075244125e-11
-5.257832967610114582e-11
-5.008758130081290656e-11
-4.771398296838242456e-11
-4.545947988145805270e-11
-4.333237856437205509e-11
-4.133169694732459410e-11
-3.944475020254492176e-11
-3.765641861240594134e-11
-3.595882130454007045e-11
-3.435033660020894396e-11
-3.282801623377456952e-11
-3.138535682391030430e-11
-3.001535161624833002e-11
-2.871322757295782015e-11
-2.747600087649489081e-11
-2.629972174409449744e-11
-2.517931807759909063e-11
-2.411105073096970387e-11
-2.309242254988577690e-11
-2.212034219312426219e-11
-2.119137279984879801e-11
-2.030273462008009260e-11
-1.945212416698814882e-11
-1.863732863397825848e-11
-1.785624301778042455e-11
-1.710691328475668795e-11
-1.638752518645349959e-11
-1.569640295512130229e-11
-1.503200781014332915e-11
-1.439292892936969299e-11
-1.377786937241367136e-11
-1.318564148198825808e-11
-1.261516579370971175e-11
-1.206545688212243097e-11
-1.153560996711612496e-11
-1.102479737629253487e-11
-1.053226276724695545e-11
-1.005731173523318573e-11
-9.599305539930558419e-12
-9.157655583650175267e-12
-8.731818575178997999e-12
-8.321291132366317824e-12
-7.925605653796185584e-12
-7.544325901646284986e-12
-7.177043147506849848e-12
-6.823372767787459053e-12
-6.482950927901865594e-12
-6.155431855241996228e-12
-5.840485090908309138e-12
-5.537793321777830485e-12
-5.247050333006258257e-12
-4.967959115699902216e-12
-4.700230384387836220e-12
-4.443581600613147679e-12
-4.197734983991431621e-12
-3.962417108589642536e-12
-3.737357679464838634e-12
-3.522289018647044254e-12
-3.316945307796838080e-12
-3.121061910211363229e-12
-2.934374983336168482e-12
-2.756621112733185625e-12
-2.587536965426833964e-12
-2.426859038004735947e-12
-2.274323524517253640e-12
-2.129665995321992597e-12
-1.992622601411797308e-12
-1.862928421228932781e-12
-1.740318877393097486e-12
-1.624529721510170624e-12
-1.515297376906706560e-12
-1.412359395427597312e-12
-1.313782978981273181e-12
-1.222769475958108146e-12
-1.137268683442826022e-12
-1.058371550225460989e-12
-9.830465602348878405e-13
-9.124961490027493554e-13
-8.464816107860417505e-13
-7.847698795019757464e-13
-7.271339461230970732e-13
-6.733531254559226676e-13
-6.232133995948780672e-13
-5.765079192264019554e-13
-5.330369665624821825e-13
-4.926096079599452310e-13
-4.550415659042589242e-13
-4.201569041406596307e-13
-3.877876930939050042e-13
-3.577741285804154432e-13
-3.299646410385271395e-13
-3.042153252877381562e-13
-2.803911408264335565e-13
-2.583632124452858277e-13
-2.380100762093254393e-13
-2.192174107870635627e-13
-2.018778645311611510e-13
-1.858897415203043485e-13
-1.711551792702406388e-13
-1.575815851518672425e-13
-1.450803533149422071e-13
-1.335686224971914006e-13
-1.229690358089065635e-13
-1.132094737318923413e-13
-1.042242812859552140e-13
-9.595186741315656753e-14
-8.833579623597916184e-14
-8.132406144048060099e-14
-7.486842090822755821e-14
-6.892544204122629028e-14
-6.345413882095127149e-14
-5.841710196612017521e-14
-5.377988112205514194e-14
-4.951043091316482948e-14
-4.558019716465878128e-14
-4.196194010557483547e-14
-3.863089877117614356e-14
-3.556395813570495460e-14
-3.274079370347495773e-14
-3.014173732383044455e-14
-2.774900010216562065e-14
-2.554588509528525757e-14
-2.351797925678356928e-14
-2.165105485816950563e-14
-1.993203830645662995e-14
-1.834973078583151534e-14
-1.689307819211354523e-14
-1.555194021960025735e-14
-1.431726569619786637e-14
-1.318060414324993386e-14
-1.213417592965867589e-14
-1.117081900727550846e-14
-1.028382421103735127e-14
-9.467357752782423332e-15
-8.715710549930022198e-15
-8.023637122445617193e-15
-7.386607948901789569e-15
-6.800068892194261058e-15
-6.260034064080152033e-15
-5.762970709088356558e-15
-5.305279742879281704e-15
-4.883944375425985124e-15
-4.496012634086549344e-15
-4.138899242597881864e-15
-3.810111596790601851e-15
-3.507403713625570681e-15
-3.228538308125435458e-15
-2.972249931291680197e-15
-2.736306535052580654e-15
-2.518395235155619902e-15
-2.318133198952469906e-15
-2.133771278961149198e-15
-1.964038840061976140e-15
-1.807701756370153424e-15
-1.663773407880987664e-15
-1.531214047996977388e-15
-1.409165211337638555e-15
-1.296779600821680294e-15
-1.193266798292786816e-15
-1.097957104270623472e-15
-1.010161601616088197e-15
-9.292774742544689035e-16
-8.547764689584420013e-16
-7.861397218145299082e-16
-7.229242372797690144e-16
-6.646752659058724950e-16
-6.109836457392055178e-16
-5.614786549803551449e-16
-5.158320818338440046e-16
-4.737262309958206314e-16
-4.348948747098100833e-16
-3.990659920323176749e-16
-3.660162715336617700e-16
-3.354932803145680043e-16
-3.072976191100337690e-16
-2.812415832488099653e-16
-2.571447848914013153e-16
-2.348478598668911615e-16
-2.142098816985035698e-16
-1.951100340848041773e-16
-1.774495465903606315e-16
-1.611570668322664436e-16
-1.462101801086708213e-16
-1.325812433832276760e-16
-1.200666976567923414e-16
-1.085426646591297003e-16
-9.794576941007332682e-17
-8.818406751243616285e-17
-7.915367906079828411e-17
