# bin_2_1
-2.441350705444819775e-10
-2.454665712375103835e-10
-2.468480217391617654e-10
-2.482812012629374100e-10
-2.497679420440244344e-10
-2.513101311656377871e-10
-2.529047429891937431e-10
-2.545645893928897791e-10
-2.562864282423864413e-10
-2.580723506067529993e-10
-2.599244876392122238e-10
-2.618395528002765087e-10
-2.638280348054702728e-10
-2.658893253883048848e-10
-2.680296640499572280e-10
-2.702430822380877552e-10
-2.725350251505756553e-10
-2.749128160149630325e-10
-2.773763952756838363e-10
-2.799285658501896770e-10
-2.825724754287421358e-10
-2.853100424389629146e-10
-2.881403249537960690e-10
-2.910746161281444796e-10
-2.941126115750593943e-10
-2.972578140480387284e-10
-3.005133408440397622e-10
-3.038907123156073709e-10
-3.073769230069372441e-10
-3.109834340054929447e-10
-3.147138001478429871e-10
-3.185716305704266348e-10
-3.225605953675843137e-10
-3.266844285970154359e-10
-3.309472034732657000e-10
-3.353188478079262763e-10
-3.398581756279739009e-10
-3.446034238190534042e-10
-3.494590355071679497e-10
-3.544730401217810085e-10
-3.596646226978566311e-10
-3.650074589432524906e-10
-3.705241362259797335e-10
-3.762161202410299908e-10
-3.820840947518676129e-10
-3.881311167501297526e-10
-3.943371246705751852e-10
-4.007598014400878504e-10
-4.073761579262734033e-10
-4.141900342742534900e-10
-4.212051961395714040e-10
-4.284258132082162177e-10
-4.358537964834277630e-10
-4.434934267489489060e-10
-4.513493108095861447e-10
-4.594223770586666708e-10
-4.677160448750551694e-10
-4.762276208850708113e-10
-4.849721247230313792e-10
-4.939438503241921818e-10
-5.031446598309631172e-10
-5.125749496604463344e-10
-5.222296063578741162e-10
-5.321157996787541976e-10
-5.422175262989767773e-10
-5.526100808947637109e-10
-5.631980441241446229e-10
-5.740255991482190106e-10
-5.850744072572039467e-10
-5.963477480293237916e-10
-6.078452294767402004e-10
-6.195604807042170576e-10
-6.314887584146255508e-10
-6.436249381873206237e-10
-6.559627232145162935e-10
-6.684949958482643652e-10
-6.812141582693644407e-10
-6.941114536049361810e-10
-7.071729725528850745e-10
-7.203939478719837295e-10
-7.337616162518167944e-10
-7.472639383537500429e-10
-7.608871049849405289e-10
-7.746154386634710481e-10
-7.884317581524794030e-10
-8.023158219230848758e-10
-8.162522928660653428e-10
-8.302217295389671701e-10
-8.442030494222452382e-10
-8.581738632804320202e-10
-8.721094094305043033e-10
-8.859835895817866245e-10
-8.997695360342286582e-10
-9.134408862237442477e-10
-9.269741234821270159e-10
-9.403381403775803094e-10
-9.534979424796291794e-10
-9.664187985769462761e-10
-9.790667966745002844e-10
-9.914125587284066991e-10
-1.003405184820859674e-09
-1.015012657653925173e-09
-1.026194512585051477e-09
-1.036911560960139361e-09
-1.047126612987200114e-09
-1.056792966115977387e-09
-1.065875333282513154e-09
-1.074324512947427018e-09
-1.082093824877517208e-09
-1.089137448611569316e-09
-1.095410513797829427e-09
-1.100869353943248918e-09
-1.105468648506680183e-09
-1.109164795840407522e-09
-1.111915501384643927e-09
-1.113680787098866690e-09
-1.114420839503005055e-09
-1.114101197974204570e-09
-1.112690666911947931e-09
-1.110160963770775983e-09
-1.106489404151905892e-09
-1.101648315956070920e-09
-1.095625468889883451e-09
-1.088408724952463972e-09
-1.079991748615874390e-09
-1.070384195614995088e-09
-1.059592408348453093e-09
-1.047633142994354070e-09
-1.034533240344889340e-09
-1.020324709751417689e-09
-1.005047782422029495e-09
-9.887533105195229673e-10
-9.714963736675134536e-10
-9.533423234594315869e-10
-9.343644692212608683e-10
-9.146401762694012024e-10
-8.942485312113477479e-10
-8.732790757396726816e-10
-8.518188058095129784e-10
-8.299592783579875414e-10
-8.077960559224834471e-10
-7.854171444303953266e-10
-7.629118340849982533e-10
-7.403636646846438076e-10
-7.178533246376070892e-10
-6.954557529139856426e-10
-6.732381940950411114e-10
-6.512647322141755169e-10
-6.295884533552388656e-10
-6.082520808775835240e-10
-5.872953701037989465e-10
-5.667504444241211479e-10
-5.466425889008537187e-10
-5.269935946814414192e-10
-5.078165225418247105e-10
-4.891196563999273716e-10
-4.709089743617726314e-10
-4.531860754515742884e-10
-4.359516294526713924e-10
-4.191998679710605809e-10
-4.029229062053748843e-10
-3.871087610563345381e-10
-3.717410392982005617e-10
-3.567983840194040505e-10
-3.422615955664511500e-10
-3.281071177252228228e-10
-3.144702540456335951e-10
-3.010339036848154661e-10
-2.877784209547768986e-10
-2.750087983471146663e-10
-2.625658349162228994e-10
-2.504498035292555605e-10
-2.386657104199353826e-10
-2.272251038668544151e-10
-2.161395639938567072e-10
-2.054289579033026005e-10
-1.951119275587767821e-10
-1.852101271471109458e-10
-1.757432504641737263e-10
-1.667302512624421505e-10
-1.581871515491169885e-10
-1.501221672476662358e-10
-1.425340018836365946e-10
-1.354087059337941603e-10
-1.287171710600164749e-10
-1.224151761712124374e-10
-1.164530605534932291e-10
-1.107794619640331309e-10
-1.053505018476261537e-10
-1.001361021496874968e-10
-9.512370134031029912e-11
-9.031943487660845490e-11
-8.574288454053839036e-11
-8.141571262364510172e-11
-7.734851079113028731e-11
-7.353499701454240332e-11
-6.995986727568124634e-11
-6.657583723769406999e-11
-6.337778597113679269e-11
-6.034480286696858310e-11
-5.747185692508430909e-11
-5.475615840415465588e-11
-5.219197851920236891e-11
-4.976923619813543626e-11
-4.747702933638021891e-11
-4.530658015066282520e-11
-4.325139819506759818e-11
-4.130572404375713476e-11
-3.946521863869137288e-11
-3.772483089198990630e-11
-3.607742577605228125e-11
-3.451466997168537498e-11
-3.302848565210112061e-11
-3.161469032697463547e-11
-3.027190545480892011e-11
-2.899710751080663729e-11
-2.778487763035089940e-11
-2.662927694278519868e-11
-2.552610562792007163e-11
-2.447308956526507418e-11
-2.346774741498808230e-11
-2.250666152391562379e-11
-2.158666604632829984e-11
-2.070538024166229661e-11
-1.986070155567437748e-11
-1.905038170459328106e-11
-1.828033547025252395e-11
-1.753194359411530845e-11
-1.681212875060802042e-11
-1.611215703147604566e-11
-1.544531460439103212e-11
-1.480271982320242875e-11
-1.418316895363855288e-11
-1.358553039302243426e-11
-1.300879337902902498e-11
-1.245206018130036882e-11
-1.191449650122500458e-11
-1.139532330694318184e-11
-1.089383110546751892e-11
-1.040938484622465700e-11
-9.941415680569330111e-12
-9.489399263121399557e-12
-9.052847709791701658e-12
-8.631316728341056961e-12
-8.224401401840723618e-12
-7.831724775795967474e-12
-7.452935008134208476e-12
-7.087704494420037854e-12
-6.735724801758042180e-12
-6.396702696679715540e-12
-6.070357985110972382e-12
-5.756420704055705138e-12
-5.454615004146396682e-12
-5.167517010241868084e-12
-4.889125877028733791e-12
-4.619560622205749272e-12
-4.363811839069819583e-12
-4.118946923311183729e-12
-3.884713990973323913e-12
-3.660858919798380538e-12
-3.447124975568793302e-12
-3.243252407285214835e-12
-3.048978121845839890e-12
-2.864035930567009990e-12
-2.688156301550053278e-12
-2.521066812276706126e-12
-2.362492397369836804e-12
-2.212155587582148177e-12
-2.069777284448527228e-12
-1.935077200528012921e-12
-1.807774316773639889e-12
-1.687587644093850190e-12
-1.574236928616410623e-12
-1.467443319718458409e-12
-1.366930075615698798e-12
-1.272423294478557124e-12
-1.183652541665099914e-12
-1.100351700958049858e-12
-1.022259252446318100e-12
-9.491191265998274838e-13
-8.806812190397209550e-13
-8.167018286342473916e-13
-7.569440646916487849e-13
-7.011782092413913715e-13
-6.491820369410777672e-13
-6.007410693596534513e-13
-5.556486980894517071e-13
-5.137066908801488150e-13
-4.747247444223871023e-13
-4.385208210165624246e-13
-4.049210241448598257e-13
-3.737596226959048629e-13
-3.448791342773288173e-13
-3.181301382551553219e-13
-2.933707408244618662e-13
-2.704661740564152448e-13
-2.492893511928258154e-13
-2.297201731191553748e-13
-2.116457715742925284e-13
-1.949600728839680423e-13
-1.795634875374654031e-13
-1.653627189616210568e-13
-1.522702990800634944e-13
-1.402040558248596011e-13
-1.290866899703404818e-13
-1.188459612905553260e-13
-1.094144185074703808e-13
-1.007296454788306157e-13
-9.273320426872346393e-14
-8.537080860412738924e-14
-7.859268767616303572e-14
-7.235245396895777017e-14
-6.660749205718333108e-14
-6.131853630661797435e-14
-5.644927092076604759e-14
-5.196669994955837766e-14
-4.783999106731575678e-14
-4.404090548164266912e-14
-4.054327881678261797e-14
-3.732333841049028243e-14
-3.435923167880919010e-14
-3.163047837529660212e-14
-2.911840259166233693e-14
-2.680581076752656754e-14
-2.467672133599599658e-14
-2.271673326706971271e-14
-2.091246015770978354e-14
-1.925147829008509335e-14
-1.772222330998397475e-14
-1.631466279306049654e-14
-1.501889174283703043e-14
-1.382603327441588613e-14
-1.272770284453970676e-14
-1.171670188830835574e-14
-1.078601960263270905e-14
-9.929218387772058350e-15
-9.140488486865932760e-15
-8.414384963261539068e-15
-7.745976354882288899e-15
-7.130613527613027077e-15
-6.564122060231003205e-15
-6.042627574880867587e-15
-5.562530572385263713e-15
-5.120569287330706534e-15
-4.713694687537959815e-15
-4.339130093206208348e-15
-3.994304728431534070e-15
-3.676869029101262905e-15
-3.384608272570546553e-15
-3.115560808931806936e-15
-2.867902793184268806e-15
-2.639835864491379833e-15
-2.429878669142990778e-15
-2.236608328750937932e-15
-2.058673262122357875e-15
-1.894845402980445927e-15
-1.744003844836776629e-15
-1.605137185395288537e-15
-1.477268459370092124e-15
-1.359542319600841486e-15
-1.251155978827999348e-15
-1.151354460646255017e-15
-1.059444097737482203e-15
-9.748216168533356477e-16
-8.968979094834984710e-16
-8.251309719011337605e-16
-7.590362622942722609e-16
-6.981589939516993805e-16
-6.420768791440182162e-16
-5.904000521356824187e-16
-5.427793120425558726e-16
-4.988817763547496927e-16
-4.584070150802269894e-16
-4.210724634093103089e-16
-3.866177079066454486e-16
-3.547885526313527430e-16
-3.253295585389630763e-16
-2.980574297034655833e-16
-2.727990290865734145e-16
-2.493962299748904175e-16
-2.276883885040241001e-16
-2.075222508509662301e-16
-1.887771967610118126e-16
-1.713805800205990369e-16
-1.552516039775484965e-16
-1.402932626248860117e-16
-1.264311896216898935e-16
-1.135913845008895393e-16
-1.016909388715513469e-16
-9.068984606778051762e-17
-8.056224648491732842e-17
-7.125636031635613732e-17
-6.269017872629768203e-17
-5.474485328867145368e-17
-4.738241681237945860e-17
-4.078298909742871921e-17
-3.501717261879384644e-17
-2.986264172143768482e-17
-2.517056220047080057e-17
-2.089165464229434123e-17
