# bin_4_4
-1.333549823781631983e-10
-1.338493221099010432e-10
-1.343614929773781266e-10
-1.348921433847659717e-10
-1.354416893944622317e-10
-1.360109724806926414e-10
-1.366004838850933364e-10
-1.372109111317521126e-10
-1.378424110259141096e-10
-1.384968679130927227e-10
-1.392080365402541280e-10
-1.398751933017874858e-10
-1.406005295635084941e-10
-1.413509789747470659e-10
-1.421273836169654031e-10
-1.429305151096338829e-10
-1.437610741102176445e-10
-1.446160338157752312e-10
-1.455076606491204117e-10
-1.464254775910075181e-10
-1.473740812336893808e-10
-1.483543203287254491e-10
-1.493670619833246017e-10
-1.504131911365525921e-10
-1.514934958424467669e-10
-1.526091502592505183e-10
-1.537608741050744991e-10
-1.549498241804164608e-10
-1.561800269119978249e-10
-1.574426804379340998e-10
-1.587484097449759464e-10
-1.600950154348647645e-10
-1.614834669633507409e-10
-1.629146669616947090e-10
-1.643897168953473306e-10
-1.659094546397751226e-10
-1.674747853118228513e-10
-1.690867232326136924e-10
-1.707470569523323528e-10
-1.724545860161379907e-10
-1.742121361557436117e-10
-1.760200488523069784e-10
-1.778793735847951643e-10
-1.797906330559175942e-10
-1.817549293082664986e-10
-1.837729418298738226e-10
-1.858455917246109704e-10
-1.879742282417497469e-10
-1.901578301960446940e-10
-1.923987108227427056e-10
-1.946969568591053229e-10
-1.970532735142712955e-10
-1.994680328877924902e-10
-2.019418584893273792e-10
-2.044750738713669921e-10
-2.070680742189266891e-10
-2.097211630334334318e-10
-2.124346123084331453e-10
-2.152084322921178498e-10
-2.180427624301445512e-10
-2.209375543181934905e-10
-2.238925349059912189e-10
-2.269192250194081276e-10
-2.299842357297423414e-10
-2.331187987920307707e-10
-2.363127398746500204e-10
-2.395646908658023514e-10
-2.428745051705726750e-10
-2.462399588512538521e-10
-2.496608165246077153e-10
-2.531357029284905192e-10
-2.566682220939021880e-10
-2.602422795619949883e-10
-2.638706565902662685e-10
-2.675482781921882008e-10
-2.712704929949382533e-10
-2.750362945681316401e-10
-2.788440702006524846e-10
-2.826854010742417958e-10
-2.865747916128680471e-10
-2.904921661606682727e-10
-2.944412495246309900e-10
-2.984166998973182676e-10
-3.024173186905826854e-10
-3.064388542703889033e-10
-3.104786441440415251e-10
-3.145302338153013915e-10
-3.185931958535905229e-10
-3.226607658757813988e-10
-3.267282826449675572e-10
-3.307980191451167518e-10
-3.348520198485302425e-10
-3.388838922031665911e-10
-3.429302933005806904e-10
-3.469318150990030554e-10
-3.509126179840146625e-10
-3.549104762136078731e-10
-3.587764092939966002e-10
-3.626492574269278314e-10
-3.664765608774528136e-10
-3.702514126942185170e-10
-3.739731171269266888e-10
-3.776328920686711462e-10
-3.813105845044361156e-10
-3.847481534593640025e-10
-3.881875272337421189e-10
-3.915644863721981960e-10
-3.948495787722754532e-10
-3.980470931639526065e-10
-4.011523950922620956e-10
-4.041610735980837095e-10
-4.070688459489647550e-10
-4.098733585004937871e-10
-4.125713655684862183e-10
-4.151536236020225538e-10
-4.176190448475825493e-10
-4.199585724940040938e-10
-4.221761552156680286e-10
-4.242675883190830626e-10
-4.262287937632797267e-10
-4.280693381261040662e-10
-4.297760819551150487e-10
-4.313503690116011193e-10
-4.327886607070342193e-10
-4.340810992549907892e-10
-4.352305610248541536e-10
-4.362201600034902973e-10
-4.370461889607593235e-10
-4.377010711811610352e-10
-4.381785291281535445e-10
-4.384687939492667908e-10
-4.385650484661571706e-10
-4.384569383385601461e-10
-4.381365686754849243e-10
-4.375962390336131821e-10
-4.368238749116741627e-10
-4.358147145238310827e-10
-4.345561906159782743e-10
-4.330381050745921197e-10
-4.312501631338818260e-10
-4.291870574430530779e-10
-4.268354457095115050e-10
-4.241871323806187155e-10
-4.212379827318413995e-10
-4.179762164260320079e-10
-4.143949258358189335e-10
-4.104868263930119774e-10
-4.062432813563243451e-10
-4.016562410492352187e-10
-3.967212094656154895e-10
-3.914301293528323677e-10
-3.857784234717813368e-10
-3.797686654708096681e-10
-3.733975948764373746e-10
-3.666695272137907008e-10
-3.595940422405312390e-10
-3.521782996607703291e-10
-3.444379648560152394e-10
-3.363915598492134369e-10
-3.280593085519757523e-10
-3.194676706398023308e-10
-3.106451277390691198e-10
-3.016266222407311148e-10
-2.924503706645905625e-10
-2.831591618389358909e-10
-2.737991942896716330e-10
-2.644204810573731596e-10
-2.550756063909881869e-10
-2.458176964512590761e-10
-2.366993574505131975e-10
-2.277709825144967158e-10
-2.190789555249332165e-10
-2.106657680846664539e-10
-2.025691910120744940e-10
-1.948196282557412629e-10
-1.874378433387533665e-10
-1.807560408961102642e-10
-1.738061874522368772e-10
-1.675406555985083359e-10
-1.616107572322727706e-10
-1.559796832988551775e-10
-1.506010190094663606e-10
-1.454214762758597447e-10
-1.406192715443905677e-10
-1.354252067557508553e-10
-1.307169639503761627e-10
-1.255194051418611477e-10
-1.204757126019108588e-10
-1.153330689508761975e-10
-1.100894141994671753e-10
-1.047676323119023120e-10
-9.941538992098355153e-11
-9.410170506239122099e-11
-8.890955014615691264e-11
-8.392517052571817153e-11
-7.922638040927036675e-11
-7.487124694590722012e-11
-7.088950333850693236e-11
-6.727754980806842321e-11
-6.399928410379658680e-11
-6.099258754109133278e-11
-5.818020485149675100e-11
-5.548427549230687918e-11
-5.284179590249520458e-11
-5.021598154972212300e-11
-4.760076080161788337e-11
-4.501774302093700689e-11
-4.250713668249291810e-11
-4.011457599617776259e-11
-3.787654822532514942e-11
-3.580912599526123396e-11
-3.390394611646279464e-11
-3.213469360602597030e-11
-3.046901124666408596e-11
-2.888083286341923381e-11
-2.735688244073712311e-11
-2.589607215569266825e-11
-2.450485379717934956e-11
-2.318977665046287687e-11
-2.195369043508445548e-11
-2.079483573705324193e-11
-1.970720797656486783e-11
-1.868319291525929009e-11
-1.771492838964810707e-11
-1.679687716745398084e-11
-1.592785175590469878e-11
-1.510849258802298601e-11
-1.433827526573053436e-11
-1.361360400645203135e-11
-1.292919691269306964e-11
-1.228175131976582626e-11
-1.167019190494391742e-11
-1.109353251014201233e-11
-1.054958401452161353e-11
-1.003551229434129704e-11
-9.549237705288517547e-12
-9.089460087696885117e-12
-8.654809935788668648e-12
-8.243574663915710377e-12
-7.854019478426377776e-12
-7.484797856643000405e-12
-7.134820649708300550e-12
-6.802860600536071498e-12
-6.487664850186725741e-12
-6.188221203992873464e-12
-5.903644501379687025e-12
-5.633024227397482212e-12
-5.375486717746212361e-12
-5.130245300630328175e-12
-4.896567044495136772e-12
-4.673759424402019241e-12
-4.461180460998637345e-12
-4.258237167860761879e-12
-4.064380284804008215e-12
-3.879100999862640431e-12
-3.701928378265600844e-12
-3.532426422927878720e-12
-3.370191119169345675e-12
-3.214848106192090588e-12
-3.066050172748756419e-12
-2.923475218190759915e-12
-2.786824240639205815e-12
-2.655819402020745230e-12
-2.530202331937802492e-12
-2.409733145177469450e-12
-2.294187835371521613e-12
-2.183357737188316896e-12
-2.077047884077715014e-12
-1.975076017483098600e-12
-1.877271378650582024e-12
-1.783473606355134065e-12
-1.693531885922945057e-12
-1.607304098100258525e-12
-1.524656014747553130e-12
-1.445460567503551613e-12
-1.369597188554423376e-12
-1.296950846672384599e-12
-1.227412936121290450e-12
-1.160878561110088553e-12
-1.097247600270065203e-12
-1.036423915861315847e-12
-9.783149715162015650e-13
-9.228314961616087966e-13
-8.698871709335374240e-13
-8.193983512446472969e-13
-7.712838129709852518e-13
-7.254640652142173266e-13
-6.818630080368885478e-13
-6.404048778102766251e-13
-6.010160181316125389e-13
-5.636242405607644574e-13
-5.281587125030862835e-13
-4.945498428392126106e-13
-4.627291642946275194e-13
-4.326292422733423666e-13
-4.041831698006471729e-13
-3.773263258808506370e-13
-3.519939107883233822e-13
-3.281223130175741303e-13
-3.056490337580832699e-13
-2.845126194983098838e-13
-2.646527603394193028e-13
-2.460099869961351495e-13
-2.285273061904209296e-13
-2.121477319742785797e-13
-1.968160735887371247e-13
-1.824785612466932853e-13
-1.690829105029977728e-13
-1.565784589897494341e-13
-1.449158896541655983e-13
-1.340489265781156651e-13
-1.239316778918601666e-13
-1.145205826585503829e-13
-1.057743742276942699e-13
-9.765362652841886500e-14
-9.012212298334719820e-14
-8.314403832571707527e-14
-7.668536534409746105e-14
-7.071336041461395441e-14
-6.519592074532849827e-14
-6.010292891472230637e-14
-5.540385583950334827e-14
-5.106976671194520770e-14
-4.707330420610605474e-14
-4.338840569108941071e-14
-3.999190436787163876e-14
-3.686105101184168602e-14
-3.397518773375849089e-14
-3.131497622110755891e-14
-2.886326159841412695e-14
-2.660296689510834357e-14
-2.452003347253739117e-14
-2.260018989596437393e-14
-2.083082684045750214e-14
-1.919986411278998369e-14
-1.769662875358884302e-14
-1.631109011595160186e-14
-1.503400959283088967e-14
-1.385695777324539492e-14
-1.277205735103424792e-14
-1.177209342344837936e-14
-1.085041620888524961e-14
-1.000082529585892960e-14
-9.217814708758455734e-15
-8.496102670600920768e-15
-7.830922953213954335e-15
-7.217715686028922377e-15
-6.652633578335501454e-15
-6.131704603123826651e-15
-5.651498417105291394e-15
-5.208997846836884343e-15
-4.801051512337092640e-15
-4.425062279739397184e-15
-4.078466761214701411e-15
-3.759038605479665981e-15
-3.464578460560887071e-15
-3.193158458728993507e-15
-2.942972438240920378e-15
-2.712347193400607094e-15
-2.499802845897447209e-15
-2.303835149226342876e-15
-2.123189085878841793e-15
-1.956695913341019176e-15
-1.803217736769150107e-15
-1.661715803438573568e-15
-1.531271159097530621e-15
-1.411020818338205585e-15
-1.300173572100346234e-15
-1.197995209631333169e-15
-1.103800642625469700e-15
-1.017006369774876449e-15
-9.370071770406582561e-16
-8.632690239158124505e-16
-7.953121749847337691e-16
-7.326776535342615644e-16
-6.749215829779589313e-16
-6.216958759077342348e-16
-5.726239954941857545e-16
-5.273956083412685372e-16
-4.857095529614618763e-16
-4.481839407076053705e-16
-4.131198462123846210e-16
-3.792285116862732848e-16
-3.491365822299308199e-16
-3.214073933470288524e-16
-2.958494491328981107e-16
-2.722968142338228283e-16
-2.505900621773869847e-16
-2.305857295857653378e-16
-2.121562514687496643e-16
-1.951718293046884973e-16
-1.795211730330788627e-16
-1.650869274977751139e-16
-1.517722763148661916e-16
-1.395050867298865910e-16
-1.282191944231036661e-16
-1.178373730706542752e-16
-1.082878743960461247e-16
-9.949779791219317621e-17
-9.140147790419209739e-17
