# bin_4_1
-3.645220863324996977e-10
-3.666091941590703226e-10
-3.687755827353058049e-10
-3.710241509534598725e-10
-3.733578918224857369e-10
-3.757798955999701938e-10
-3.782933576770779232e-10
-3.809015931960419406e-10
-3.836080089531508827e-10
-3.864161146630991156e-10
-3.893278064564235551e-10
-3.923504157356013610e-10
-3.954859920971128222e-10
-3.987385282202653639e-10
-4.021121544022818272e-10
-4.056136606047932876e-10
-4.092413119808652525e-10
-4.130024886063993446e-10
-4.169040767221958090e-10
-4.209499393650575790e-10
-4.251431783858042796e-10
-4.294898709014373632e-10
-4.339902879149296732e-10
-4.386585007312512367e-10
-4.434962639313578986e-10
-4.485094868614479763e-10
-4.537037428853479495e-10
-4.590847212866136985e-10
-4.646674411683508735e-10
-4.704404098191425914e-10
-4.764186304405761354e-10
-4.826080041864162268e-10
-4.890168146475633744e-10
-4.956505573955484832e-10
-5.025107324608796929e-10
-5.096214305065672733e-10
-5.169709412368098344e-10
-5.245756998208458484e-10
-5.324416185235211255e-10
-5.405783131143614011e-10
-5.489897673686616394e-10
-5.576854594619101243e-10
-5.666732389745884770e-10
-5.759610577766514352e-10
-5.855569673354276375e-10
-5.954691021634745913e-10
-6.057056610426117092e-10
-6.162740296742377100e-10
-6.271839852204816504e-10
-6.384430775894577516e-10
-6.500604606664522942e-10
-6.620432502432883175e-10
-6.743988827951821966e-10
-6.871363535364464535e-10
-7.002650598812522459e-10
-7.137897711935036289e-10
-7.277206104625046740e-10
-7.420640461881201974e-10
-7.568248929382991287e-10
-7.720167331461541624e-10
-7.876416790303039428e-10
-8.037047765954783711e-10
-8.202126358433135876e-10
-8.371681820094401600e-10
-8.545811595572195834e-10
-8.724517011442822084e-10
-8.907850224214751111e-10
-9.095938584658505440e-10
-9.288627401995790782e-10
-9.485976819552446746e-10
-9.688056371879952717e-10
-9.894792427630869298e-10
-1.010616388076994932e-09
-1.032217215151219866e-09
-1.054277322523413365e-09
-1.076789391267827720e-09
-1.099744046866843758e-09
-1.123139932338537829e-09
-1.146955316188139539e-09
-1.171192522145632913e-09
-1.195831959638684241e-09
-1.220859437475971114e-09
-1.246263839198360388e-09
-1.272020286729309626e-09
-1.298106874101143582e-09
-1.324502304102435992e-09
-1.351181783740590708e-09
-1.378120655868593736e-09
-1.405286521646535291e-09
-1.432651536786302864e-09
-1.460175232636672600e-09
-1.487818029689957662e-09
-1.515543507057028323e-09
-1.543308908936503216e-09
-1.571079015248011261e-09
-1.598809393179782938e-09
-1.626438930401504588e-09
-1.653909180922455479e-09
-1.681168362374882720e-09
-1.708161020457877161e-09
-1.734812990753737532e-09
-1.761054566201887847e-09
-1.786824549051267100e-09
-1.812054767238281453e-09
-1.836685059326397576e-09
-1.860644687858249796e-09
-1.883842459898016260e-09
-1.906206595622065057e-09
-1.927647325834757620e-09
-1.948085574566856257e-09
-1.967439912869869834e-09
-1.985620086478931397e-09
-2.002530695084472930e-09
-2.018078367518584826e-09
-2.032171831130477663e-09
-2.044721347140008105e-09
-2.055636266002099074e-09
-2.064832381969613453e-09
-2.072227752224788796e-09
-2.077747197483798181e-09
-2.081306521445411193e-09
-2.082838576876337807e-09
-2.082277512805569413e-09
-2.079561245845784594e-09
-2.074634310169695967e-09
-2.067462908094663647e-09
-2.058011173795151438e-09
-2.046258015308072533e-09
-2.032196056171242228e-09
-2.015824351383427226e-09
-1.997158125926465013e-09
-1.976228795983006982e-09
-1.953081070527383114e-09
-1.927775872914566486e-09
-1.900389905007058519e-09
-1.871009688137962466e-09
-1.839736655185132726e-09
-1.806680903548955850e-09
-1.771966761352467675e-09
-1.735729063025354270e-09
-1.698116717774951147e-09
-1.659278017672634032e-09
-1.619369725937664519e-09
-1.578549702211038682e-09
-1.536981212527048573e-09
-1.494829360013121503e-09
-1.452257702840860616e-09
-1.409432184401818007e-09
-1.366509292040001523e-09
-1.323639586064044095e-09
-1.280971460630879758e-09
-1.238645933503589373e-09
-1.196799079242690175e-09
-1.155554810422406737e-09
-1.115025452220680115e-09
-1.075310570068679501e-09
-1.036498859089258198e-09
-9.986646566161726721e-10
-9.618711096611558957e-10
-9.261616593443704288e-10
-8.915646986847480011e-10
-8.580884354058672711e-10
-8.257196944127470576e-10
-7.944216390722246074e-10
-7.641412881927043165e-10
-7.348141537487258208e-10
-7.063660726957821129e-10
-6.787194801512520108e-10
-6.517878518868824370e-10
-6.254851043189076406e-10
-5.997309792286078375e-10
-5.744567668857014762e-10
-5.496115270551748971e-10
-5.251670463518073285e-10
-5.011183744440875012e-10
-4.774913448176345581e-10
-4.543371631858557501e-10
-4.317354527476815618e-10
-4.097870447540876901e-10
-3.886077231366836089e-10
-3.683216747901127861e-10
-3.490416230464059994e-10
-3.308547090539920926e-10
-3.138058063184723899e-10
-2.978851469133175350e-10
-2.830255001963589942e-10
-2.691150204310803599e-10
-2.560124429439005314e-10
-2.435715498916718018e-10
-2.316633582879163852e-10
-2.201964504708037579e-10
-2.091303236565205520e-10
-1.984757804721440335e-10
-1.882732017006228506e-10
-1.785653529000395491e-10
-1.693769186506594480e-10
-1.607078285827863200e-10
-1.525397252203589897e-10
-1.448463684787273607e-10
-1.376040554276918390e-10
-1.307914069390647961e-10
-1.243834469577841853e-10
-1.183439100124110667e-10
-1.126298833680271754e-10
-1.072043014049187491e-10
-1.020462687745511847e-10
-9.715307054030983646e-11
-9.252925823556594315e-11
-8.817925749047656682e-11
-8.409395876273963777e-11
-8.024697881724704691e-11
-7.660524904096282241e-11
-7.314176714047665631e-11
-6.984979926111287615e-11
-6.673502978806528355e-11
-6.379590444588764065e-11
-6.101800326837238153e-11
-5.838108857819921349e-11
-5.587137090345671969e-11
-5.348471853687902595e-11
-5.121752379217286547e-11
-4.906154523236138963e-11
-4.700747237885028663e-11
-4.504843962487851636e-11
-4.317957244495338740e-11
-4.139555134475908665e-11
-3.969003121623176450e-11
-3.805737033028697216e-11
-3.649339173780250744e-11
-3.499439091940125470e-11
-3.355644235617918911e-11
-3.217577123311308098e-11
-3.084900388209041423e-11
-2.957303469473739126e-11
-2.834510464840191363e-11
-2.716277706709200575e-11
-2.602372571840767322e-11
-2.492573394369864080e-11
-2.386679526218867488e-11
-2.284513361179634443e-11
-2.185915717305477323e-11
-2.090738590834238981e-11
-1.998844699729298884e-11
-1.910111255461084836e-11
-1.824427714444526757e-11
-1.741691582689406476e-11
-1.661808531456695395e-11
-1.584692756689815366e-11
-1.510265382971928942e-11
-1.438453203363088920e-11
-1.369188124401708698e-11
-1.302406587915044769e-11
-1.238048801041283788e-11
-1.176058213445382700e-11
-1.116380959782714076e-11
-1.058965358664458202e-11
-1.003761480104440238e-11
-9.507207395639307325e-12
-8.997955796586137320e-12
-8.509391405330003662e-12
-8.041050180709362200e-12
-7.592470379104576903e-12
-7.163190567101432695e-12
-6.752748433108476101e-12
-6.360679188657534506e-12
-5.986514946916506284e-12
-5.629783974348646705e-12
-5.290010096301754292e-12
-4.966712839092167149e-12
-4.659407338583756764e-12
-4.367604386809930832e-12
-4.090810969605200920e-12
-3.828530871788321573e-12
-3.580265365717748940e-12
-3.345515291589016474e-12
-3.123777123068823470e-12
-2.914551520378845252e-12
-2.717339545329045936e-12
-2.531644810297043804e-12
-2.356974980952472717e-12
-2.192843001458183195e-12
-2.038768253253017011e-12
-1.894277710217081852e-12
-1.758907058304438702e-12
-1.632201766954820023e-12
-1.513718069033645434e-12
-1.403023774490204076e-12
-1.299699435226780534e-12
-1.203338474225369518e-12
-1.113548022536766507e-12
-1.029949228696264671e-12
-9.521777184909634068e-13
-8.798841421858653298e-13
-8.127342258001470201e-13
-7.504081259867078851e-13
-6.926000345956054110e-13
-6.390190670736932502e-13
-5.893888169133385485e-13
-5.434476435260898465e-13
-5.009481042294842459e-13
-4.616565265827417297e-13
-4.253529325024934937e-13
-3.918300630397791152e-13
-3.608921709513915363e-13
-3.323535928996855903e-13
-3.060396905243960257e-13
-2.817867231246686941e-13
-2.594413095219154878e-13
-2.388590691082855998e-13
-2.199041250457514185e-13
-2.024501318054851894e-13
-1.863792487984646555e-13
-1.715825897694440915e-13
-1.579595645087373754e-13
-1.454171397123566614e-13
-1.338702332822639147e-13
-1.232397381513798300e-13
-1.134530187612862767e-13
-1.044431763540941931e-13
-9.614831245829836091e-14
-8.851226730916795070e-14
-8.148250452655304290e-14
-7.501094416619551879e-14
-6.905331454515538221e-14
-6.356859154989785545e-14
-5.851969309178871013e-14
-5.387177810175501382e-14
-4.959279140042584834e-14
-4.565367058389787382e-14
-4.202760437623855107e-14
-3.868953629457699960e-14
-3.561659436489770761e-14
-3.278750450064789104e-14
-3.018321565040927741e-14
-2.778579626708172453e-14
-2.557854466542014342e-14
-2.354695425498882478e-14
-2.167672517917682837e-14
-1.995504111591905286e-14
-1.836979562957590722e-14
-1.691062829615771525e-14
-1.556734868602550366e-14
-1.433066967121610942e-14
-1.319228523522833550e-14
-1.214431562772657238e-14
-1.117958172215161556e-14
-1.029138725231773081e-14
-9.473866822224143660e-15
-8.721152425737349552e-15
-8.028146337151337258e-15
-7.390406239774347921e-15
-6.803423931770026873e-15
-6.263063092507341423e-15
-5.764695660152855968e-15
-5.306553196390050650e-15
-4.884728840223098747e-15
-4.496384564617947439e-15
-4.138863287084386430e-15
-3.809708980024044007e-15
-3.506697274852505951e-15
-3.227728010775093758e-15
-2.970860727682742574e-15
-2.734409277302147301e-15
-2.516716765609183034e-15
-2.316254096237500865e-15
-2.131686746556569618e-15
-1.961734225010187012e-15
-1.805257607184191477e-15
-1.661156344391068629e-15
-1.528408484091848532e-15
-1.406183507662403843e-15
-1.293571467139495661e-15
-1.189826507489463862e-15
-1.094216667484052455e-15
-1.006089495256667765e-15
-9.248165090388748932e-16
-8.497834012223715809e-16
-7.805109829914166179e-16
-7.165241179842513421e-16
-6.574015830958067271e-16
-6.027336246952423961e-16
-5.521317066942760576e-16
-5.052648461426011880e-16
-4.618892590215804859e-16
-4.217401296065425600e-16
-3.845609213100194593e-16
-3.501291987611467308e-16
-3.182371676710486483e-16
-2.886593164996992424e-16
-2.612568354813324123e-16
-2.359151138817249187e-16
-2.124838424179321394e-16
-1.907724274193070220e-16
-1.705267218307140939e-16
-1.516220250438208701e-16
-1.343448428548276340e-16
-1.188158962193250700e-16
-1.046025184683458211e-16
-9.138484013829813555e-17
-7.902689560811770228e-17
