# bin_3_3
-5.835674619757422332e-11
-5.869218908277303966e-11
-5.904031920478770901e-11
-5.940162108678094791e-11
-5.977603230390285766e-11
-6.016514528453668207e-11
-6.056888387934393910e-11
-6.098777135762758300e-11
-6.142234560805618642e-11
-6.187316182822382730e-11
-6.234079481416006033e-11
-6.282583755547509616e-11
-6.334576192422463609e-11
-6.386800696264093177e-11
-6.440959647462831247e-11
-6.497118306038549087e-11
-6.555342674975060973e-11
-6.613810766172939710e-11
-6.676327698332415086e-11
-6.741126167388164720e-11
-6.808281019833166646e-11
-6.877738743473241378e-11
-6.949842542274703520e-11
-7.024548909061360686e-11
-7.101943268835014615e-11
-7.182113279082485947e-11
-7.265148855179366101e-11
-7.351142090979342053e-11
-7.440187156607859376e-11
-7.532380596566625756e-11
-7.628021494925745373e-11
-7.726806931405118979e-11
-7.829043537233987634e-11
-7.934642035169211354e-11
-8.044092233579142153e-11
-8.157318792771554358e-11
-8.274429015010984690e-11
-8.395536398341155128e-11
-8.520756181622778790e-11
-8.650214176313814421e-11
-8.784138379574200503e-11
-8.922396622359420107e-11
-9.065251265031787620e-11
-9.212695616862817047e-11
-9.365106677352558335e-11
-9.522483622585185167e-11
-9.685125859195571038e-11
-9.852838235704372686e-11
-1.002590392598718619e-10
-1.020445362325656923e-10
-1.038861348582615044e-10
-1.057828645959864305e-10
-1.077428073433203367e-10
-1.097605208383667768e-10
-1.118373489215531501e-10
-1.139812219838623376e-10
-1.161867400589124561e-10
-1.184573227760046177e-10
-1.207942361616509632e-10
-1.231985544660650455e-10
-1.256715952470000735e-10
-1.282143377065968129e-10
-1.308281491881700054e-10
-1.335138532539591636e-10
-1.362727089859189996e-10
-1.391053954134213636e-10
-1.420127745457240545e-10
-1.449957163984983174e-10
-1.480548507495230260e-10
-1.511910237961464756e-10
-1.544046549085504885e-10
-1.576962669355079386e-10
-1.610662182408296484e-10
-1.645145994797004755e-10
-1.680415450113449911e-10
-1.716470849921798221e-10
-1.753310457324608643e-10
-1.790931253521037093e-10
-1.829304854510413971e-10
-1.868468013924608447e-10
-1.908389544875672276e-10
-1.949058994481989679e-10
-1.990463462707617513e-10
-2.032615115605340348e-10
-2.075442258677484878e-10
-2.118951710245583178e-10
-2.163120672184076686e-10
-2.207924236856384847e-10
-2.253334875790284342e-10
-2.299321908926309283e-10
-2.345852120290928886e-10
-2.392888979208833074e-10
-2.440390924228030666e-10
-2.488286971741564924e-10
-2.536589036124251640e-10
-2.585223800121214596e-10
-2.634138993057780992e-10
-2.683273586245869479e-10
-2.732564861389259620e-10
-2.781970513793606065e-10
-2.831379106884870449e-10
-2.880740409229955014e-10
-2.929976500460234989e-10
-2.979000731564376481e-10
-3.027726239950138016e-10
-3.076046987284157779e-10
-3.123917240292931344e-10
-3.171229407382611816e-10
-3.217892976800886507e-10
-3.263796778584346522e-10
-3.308827134865288255e-10
-3.352810532408725758e-10
-3.395673785484065502e-10
-3.437350501020388475e-10
-3.477765373554478047e-10
-3.516822081401917099e-10
-3.554489437612248639e-10
-3.590668195985504111e-10
-3.625243841992787209e-10
-3.658091309482064451e-10
-3.689109167443431347e-10
-3.718166103679916225e-10
-3.745160263627355359e-10
-3.769991199459736802e-10
-3.792560260751109053e-10
-3.812784842225960908e-10
-3.830562366149651436e-10
-3.845798381799877822e-10
-3.858409450810645838e-10
-3.868294239067500948e-10
-3.875386233048304023e-10
-3.879600353712366665e-10
-3.880843228019468149e-10
-3.879038931448392391e-10
-3.874084376850736254e-10
-3.865887545469217891e-10
-3.854352834384307598e-10
-3.839410474365946236e-10
-3.821002132822436839e-10
-3.799070146202462652e-10
-3.773572723450459380e-10
-3.744456252906587413e-10
-3.711687395952658956e-10
-3.675236198402767845e-10
-3.635096170949399638e-10
-3.591276617381696636e-10
-3.543787749632620064e-10
-3.492673598570138701e-10
-3.437979432356752333e-10
-3.379763291387116741e-10
-3.318114299869936971e-10
-3.253128734225664404e-10
-3.184943593299160689e-10
-3.113707753533102636e-10
-3.039601482805144824e-10
-2.962840749871244073e-10
-2.883677635682723987e-10
-2.802415738584009969e-10
-2.719396899722525967e-10
-2.635005966647757221e-10
-2.549653746374308387e-10
-2.463793271455497304e-10
-2.377896368262530170e-10
-2.292484671378282300e-10
-2.208052726291837876e-10
-2.125108476981125997e-10
-2.044129711360616054e-10
-1.965554926026800717e-10
-1.889796252525087337e-10
-1.817180708310231809e-10
-1.747989713658298158e-10
-1.682381285939488032e-10
-1.620395711103939297e-10
-1.561929189059153566e-10
-1.506738978430262676e-10
-1.454448090418633987e-10
-1.404582035170737048e-10
-1.356597058811879109e-10
-1.309905236424497555e-10
-1.263912239825878463e-10
-1.218051962359117650e-10
-1.171831266080126059e-10
-1.124875664921355075e-10
-1.076980205682394455e-10
-1.028146094913013880e-10
-9.785910723938855739e-11
-9.287353401215156377e-11
-8.791694028326152186e-11
-8.306008108699456907e-11
-7.837862733292248397e-11
-7.394515631168152157e-11
-6.982002799224979686e-11
-6.604266698672477912e-11
-6.262421733365822546e-11
-5.954370926982085913e-11
-5.675003647763711033e-11
-5.417022596219434989e-11
-5.172261217439397056e-11
-4.933235661386301967e-11
-4.694677594501954402e-11
-4.454605585667674356e-11
-4.214497703017618842e-11
-3.978546420259880559e-11
-3.752325804861863613e-11
-3.540953924965705060e-11
-3.347355117622002108e-11
-3.171332429910902558e-11
-3.009896933971372410e-11
-2.858723820356549765e-11
-2.713967839052305434e-11
-2.573692892430368524e-11
-2.438100822910464500e-11
-2.308717700578142709e-11
-2.187022707858076847e-11
-2.073478175799741968e-11
-1.967471096592719672e-11
-1.867840819390214322e-11
-1.773629837610853323e-11
-1.684328322698980027e-11
-1.599796181156312795e-11
-1.520028111075148414e-11
-1.444893913839019288e-11
-1.374151996342103711e-11
-1.307450367968862549e-11
-1.244427138985867506e-11
-1.184855898412722313e-11
-1.128581347711643201e-11
-1.075440192775119524e-11
-1.025228461825081998e-11
-9.777139394921436313e-12
-9.327188147564989198e-12
-8.901247800338035157e-12
-8.497859416515441217e-12
-8.115254785069961178e-12
-7.752062969846149502e-12
-7.407217280722681510e-12
-7.079487037099537616e-12
-6.767651217790457002e-12
-6.470735115486484264e-12
-6.187858106066639915e-12
-5.918140230254592738e-12
-5.660770109394697323e-12
-5.415006220513273209e-12
-5.180142986296986045e-12
-4.955522153827810497e-12
-4.740540683321381931e-12
-4.534640514790608565e-12
-4.337305980874233140e-12
-4.148064296057820027e-12
-3.966490303363873916e-12
-3.792166034964755360e-12
-3.624733656434056103e-12
-3.463855247735093280e-12
-3.309219746744288767e-12
-3.160540480044576770e-12
-3.017552996154470367e-12
-2.880013098650800300e-12
-2.747694983443908991e-12
-2.620389593450831101e-12
-2.497903006432289127e-12
-2.380055019775628038e-12
-2.266677807640989358e-12
-2.157614652532259955e-12
-2.052718893508696844e-12
-1.951852762025434192e-12
-1.854886573804590353e-12
-1.761693931907278186e-12
-1.672166666904778994e-12
-1.586190310280117148e-12
-1.503659592190840523e-12
-1.424476524990040126e-12
-1.348538721183616147e-12
-1.275755977137051715e-12
-1.206038354474078201e-12
-1.139298716874396102e-12
-1.075452402671791156e-12
-1.014416927902384187e-12
-9.561116977685236101e-13
-9.004577800705786940e-13
-8.473776595411263135e-13
-7.967950254484751273e-13
-7.486345782352790984e-13
-7.028218697039458360e-13
-6.592831513504750354e-13
-6.179452486746725744e-13
-5.787354572422158858e-13
-5.415814711024523264e-13
-5.064113297945816910e-13
-4.731534200475925449e-13
-4.417364728872743177e-13
-4.120896050561632394e-13
-3.841423868255116899e-13
-3.578249279091023275e-13
-3.330679914714214624e-13
-3.098030959253179708e-13
-2.879626053856500355e-13
-2.674791147453504505e-13
-2.482887999929254542e-13
-2.303267419827675241e-13
-2.135303271945284018e-13
-1.978385332993429751e-13
-1.831920440469382190e-13
-1.695333823407481475e-13
-1.568071004892658792e-13
-1.449597640635225509e-13
-1.339400271970630423e-13
-1.236985947967488894e-13
-1.141881884793482763e-13
-1.053637160661497657e-13
-9.718259943204026212e-14
-8.960496716738065834e-14
-8.259308800087070440e-14
-7.603559450643370166e-14
-7.005503777262619578e-14
-6.453588792209067461e-14
-5.944642524826908767e-14
-5.475486883058429591e-14
-5.043172952281539137e-14
-4.649511333614393123e-14
-4.282263889778460938e-14
-3.943997329237984544e-14
-3.632434391196069700e-14
-3.345474078425353842e-14
-3.081177630366978940e-14
-2.837751735756628853e-14
-2.613560406625342245e-14
-2.407079349537507355e-14
-2.216910128220851651e-14
-2.041759775194930518e-14
-1.880451736038903800e-14
-1.731887789672629892e-14
-1.595061210537656145e-14
-1.469036044672056782e-14
-1.352976327951393880e-14
-1.246086052860454392e-14
-1.147633760981036757e-14
-1.056966810501402750e-14
-9.734630798527705536e-15
-8.965566176699638053e-15
-8.257175474217281784e-15
-7.604837725629775616e-15
-7.004037982841905808e-15
-6.450650112243889590e-15
-5.940979746491711319e-15
-5.471604307548099629e-15
-5.039312701542117109e-15
-4.641148849272477271e-15
-4.274468892475950805e-15
-3.936732514838554010e-15
-3.625667462049579028e-15
-3.339204638252766436e-15
-3.075350135509650040e-15
-2.832350107385504673e-15
-2.608533091780243352e-15
-2.402403555724474768e-15
-2.212548677562414154e-15
-2.037684387710015687e-15
-1.876650113680019769e-15
-1.728315829307262200e-15
-1.591700583911698246e-15
-1.465864205545728405e-15
-1.349955777327727294e-15
-1.243211305751055044e-15
-1.144895183224960614e-15
-1.054330307305561032e-15
-9.709124057696665333e-16
-8.940734201222806651e-16
-8.232968128501476165e-16
-7.581035737332988089e-16
-6.980392814376735889e-16
-6.427161129660449506e-16
-5.917450571325901079e-16
-5.447818040891098264e-16
-5.015185006203235203e-16
-4.616617917511796670e-16
-4.249406936531341738e-16
-3.911148891100121224e-16
-3.599500606384347947e-16
-3.312359351296487244e-16
-3.047790558643616652e-16
-2.804013678283629879e-16
-2.579376419854403661e-16
-2.372431536847770884e-16
-2.181634303381243249e-16
-2.005793824965242395e-16
-1.843669002350375245e-16
-1.694243251350275069e-16
-1.556513577533896190e-16
-1.429517157497703797e-16
-1.312421551154715564e-16
-1.204434787597849868e-16
-1.104927967720248570e-16
-1.013167698265689447e-16
-9.285947129217759783e-17
-8.506906247602464702e-17
-7.790038365532271240e-17
-7.133740705638583497e-17
-6.532997037777285246e-17
-5.980962141871127701e-17
-5.473873714156770715e-17
