# bin_2_3
-3.822451282569407711e-11
-3.843282521421805130e-11
-3.864886905611544496e-11
-3.887241717709296169e-11
-3.910487217866416293e-11
-3.934589009979708320e-11
-3.959577580373838657e-11
-3.985483755632648982e-11
-4.012338519818207875e-11
-4.040173745191890111e-11
-4.069022386091735153e-11
-4.098918316880623621e-11
-4.129895667639676076e-11
-4.161989945724531950e-11
-4.195313998382075223e-11
-4.229754533956618143e-11
-4.265428667167904078e-11
-4.302375727012487745e-11
-4.340633994726328968e-11
-4.380240366120704656e-11
-4.421119592878419595e-11
-4.463540925652284734e-11
-4.507439964028853536e-11
-4.552861178723950155e-11
-4.599849913671361564e-11
-4.648452364329271837e-11
-4.698715564232182703e-11
-4.750687268291087531e-11
-4.804415816189716515e-11
-4.859950380701297621e-11
-4.917342307136226895e-11
-4.976824123356113990e-11
-5.037887379557521133e-11
-5.103996515794360918e-11
-5.169352676665651584e-11
-5.233890095524100748e-11
-5.303481609537944802e-11
-5.375289135725751988e-11
-5.449365034267267212e-11
-5.525761651912209797e-11
-5.604531237706016014e-11
-5.685840574755065705e-11
-5.769396144370728882e-11
-5.855589740797027884e-11
-5.944364008635815814e-11
-6.035765461779112545e-11
-6.129844096605103025e-11
-6.226822579094951836e-11
-6.326415646483400771e-11
-6.428825781428048577e-11
-6.533886529514022824e-11
-6.642048972969748689e-11
-6.753363447913368349e-11
-6.867443366593542681e-11
-6.984328777722544875e-11
-7.104672513361548527e-11
-7.227879704104288449e-11
-7.354178193225185930e-11
-7.483592235209402408e-11
-7.616127552263015079e-11
-7.751809605126611503e-11
-7.890632692266333808e-11
-8.032623551993707898e-11
-8.177759901585146024e-11
-8.326055863156752368e-11
-8.477472776788777965e-11
-8.631986574618291749e-11
-8.789354912916308282e-11
-8.949966117376681932e-11
-9.113573343074424248e-11
-9.280122211051846407e-11
-9.449550826541378704e-11
-9.621789014009256394e-11
-9.796759222853317987e-11
-9.974583382235735775e-11
-1.015471135926760156e-10
-1.033726374408691375e-10
-1.052211945566030913e-10
-1.070892397775097565e-10
-1.089793694833907522e-10
-1.108878827888185960e-10
-1.128130676235730669e-10
-1.147530888494697601e-10
-1.167058657392795290e-10
-1.186717195837616042e-10
-1.206433633849892368e-10
-1.226185200803951160e-10
-1.245992319740930238e-10
-1.265805333330614639e-10
-1.285594273870411483e-10
-1.305350884634942974e-10
-1.325001287537141311e-10
-1.344532232703689893e-10
-1.363882578846440506e-10
-1.383070493935923695e-10
-1.402034848411808376e-10
-1.420737820327873255e-10
-1.439137537237240078e-10
-1.457190611644166832e-10
-1.474875758598966416e-10
-1.492109964855858845e-10
-1.508868356347192042e-10
-1.525104971740642314e-10
-1.540770951094121452e-10
-1.555820960740307154e-10
-1.570193052984202408e-10
-1.583880622791577026e-10
-1.596821222490013283e-10
-1.608971541194283433e-10
-1.620285216490447095e-10
-1.630712928550070280e-10
-1.640222330446901993e-10
-1.648744289459148596e-10
-1.656265322099838979e-10
-1.662731654131009477e-10
-1.668145149931142310e-10
-1.672468810704967457e-10
-1.675683922733054360e-10
-1.677768660362928869e-10
-1.678701538401054022e-10
-1.678476444304492595e-10
-1.677067466959973709e-10
-1.674461209824639043e-10
-1.670653872097212568e-10
-1.665649057250260288e-10
-1.659458777313319097e-10
-1.652081979922115752e-10
-1.643528486484117563e-10
-1.633811337201356447e-10
-1.622960523471596058e-10
-1.610975084513306292e-10
-1.597894103066542645e-10
-1.583732352870060087e-10
-1.568532063770838362e-10
-1.552314074299274153e-10
-1.535103757435880259e-10
-1.516939129554701263e-10
-1.497837278230372502e-10
-1.477840155437371753e-10
-1.456976788842028918e-10
-1.435290419592456873e-10
-1.412809562207803070e-10
-1.389569179900010880e-10
-1.365608247891850296e-10
-1.340956306150494516e-10
-1.315648597786632153e-10
-1.289729124160436165e-10
-1.263230841738924477e-10
-1.236190133895150862e-10
-1.208645233344302753e-10
-1.180627290600319309e-10
-1.152163992195855492e-10
-1.123297053789847327e-10
-1.094052007311143199e-10
-1.064458444614579654e-10
-1.034547692280065671e-10
-1.004351544298122084e-10
-9.739159899963566386e-11
-9.432988958104476834e-11
-9.125662704908779405e-11
-8.817923416557518899e-11
-8.510713782951301538e-11
-8.205038391661493944e-11
-7.902076630590587109e-11
-7.603009883840293293e-11
-7.309072116019629437e-11
-7.021431230622879324e-11
-6.741294992666385986e-11
-6.469756090375045401e-11
-6.207808308200406755e-11
-5.956284175688343484e-11
-5.715738754975816484e-11
-5.486501674361014059e-11
-5.268541165441952293e-11
-5.061456100686176341e-11
-4.864563526530410189e-11
-4.676846937293413882e-11
-4.497159306716383087e-11
-4.324222117445790364e-11
-4.156421954509853251e-11
-3.993360043502677768e-11
-3.833051253415527002e-11
-3.674811905603017957e-11
-3.517988221644988699e-11
-3.362238141269885815e-11
-3.207527510241305086e-11
-3.054189756734910880e-11
-2.902841539262459774e-11
-2.754399479548782184e-11
-2.610019611787923345e-11
-2.471011543254384752e-11
-2.338702819674166421e-11
-2.214253122307501547e-11
-2.098465820356646569e-11
-1.991602202407450864e-11
-1.893290965473327666e-11
-1.802553394600084033e-11
-1.717857086951543274e-11
-1.637884576004361750e-11
-1.560827742687654801e-11
-1.485661607971150436e-11
-1.412014998909349091e-11
-1.339868428475345549e-11
-1.269901666855510046e-11
-1.203010469411801569e-11
-1.139990075359657156e-11
-1.081226589862781923e-11
-1.026582177830649434e-11
-9.755240618120943377e-12
-9.273813972887863286e-12
-8.816195338040562198e-12
-8.379606678588635215e-12
-7.963511010265763800e-12
-7.568246107891454867e-12
-7.193900605580734163e-12
-6.840049555385576940e-12
-6.505686762293619718e-12
-6.189654937678381022e-12
-5.890637374516873742e-12
-5.607370107574525407e-12
-5.338919305659069761e-12
-5.084544939364291106e-12
-4.843651459306841609e-12
-4.615449771638143675e-12
-4.399031231845620317e-12
-4.193669817089584704e-12
-3.998788257045224068e-12
-3.813846269382516921e-12
-3.638212949602642094e-12
-3.471256747296089997e-12
-3.312489075297888848e-12
-3.161509818850086453e-12
-3.017868823090296513e-12
-2.881049391482203552e-12
-2.750642781706878217e-12
-2.626346832597249824e-12
-2.507805267027187852e-12
-2.394645012334025532e-12
-2.286573401147842310e-12
-2.183324243864932320e-12
-2.084625636945045900e-12
-1.990235861482194892e-12
-1.899936617657403410e-12
-1.813513645626472646e-12
-1.730767747551025995e-12
-1.651518342286903761e-12
-1.575594812340436441e-12
-1.502836686998046965e-12
-1.433096027889808128e-12
-1.366235506184355336e-12
-1.302126789754709355e-12
-1.240650279608911965e-12
-1.181694482282328218e-12
-1.125155150066441073e-12
-1.070934591646658616e-12
-1.018941041620443602e-12
-9.690880840556574616e-13
-9.212941592241868425e-13
-8.754821106922790948e-13
-8.315787591764650082e-13
-7.895145462302984747e-13
-7.492231927220745457e-13
-7.106414002740238632e-13
-6.737085837531592547e-13
-6.383666324089609278e-13
-6.045597014033732301e-13
-5.722340289180702964e-13
-5.413377756022591994e-13
-5.118208850503618093e-13
-4.836349469757791725e-13
-4.567331070824460023e-13
-4.310699622331123044e-13
-4.066014789687229114e-13
-3.832849159255025076e-13
-3.610787584636329120e-13
-3.399426635530642666e-13
-3.198374089261290545e-13
-3.007248516896308834e-13
-2.825678759923393708e-13
-2.653303695155251649e-13
-2.489771689437240402e-13
-2.334345878784274245e-13
-2.187501945445310482e-13
-2.048853770742153690e-13
-1.917356944372393254e-13
-1.793076685468888778e-13
-1.675711930633672835e-13
-1.563601686448710175e-13
-1.460561848538300162e-13
-1.362211943508995920e-13
-1.269645385217540917e-13
-1.182597879265202252e-13
-1.100811066805964979e-13
-1.024033486020764405e-13
-9.520204686156168097e-14
-8.845339258397715518e-14
-8.213426743363615282e-14
-7.622225813064235811e-14
-7.069568325225001789e-14
-6.553359951662735600e-14
-6.071580204857391843e-14
-5.622283937056571189e-14
-5.203601121128506885e-14
-4.813744775495196161e-14
-4.451001816989237349e-14
-4.113735904651016389e-14
-3.800383267334423540e-14
-3.509450664461642802e-14
-3.239518240602866035e-14
-2.989244084270330809e-14
-2.757369965340009860e-14
-2.542704950506573949e-14
-2.344124555284432048e-14
-2.160566954558781021e-14
-1.991019488257139005e-14
-1.834525426288107275e-14
-1.690155860398824360e-14
-1.557032276455246781e-14
-1.434321843103919001e-14
-1.321234970823916411e-14
-1.217038960961548968e-14
-1.121040881452734934e-14
-1.032607064881038756e-14
-9.511426187660526405e-15
-8.760955711558183557e-15
-8.069713545000583053e-15
-7.432987689475378837e-15
-6.846485983219774125e-15
-6.306210439337524367e-15
-5.808593211658492685e-15
-5.350230819236740804e-15
-4.928038487787226800e-15
-4.539133242173052525e-15
-4.180962421143249133e-15
-3.851055817536365964e-15
-3.547143912250000882e-15
-3.267229670386341574e-15
-3.009398424791079102e-15
-2.771920212056826470e-15
-2.553179970340515962e-15
-2.351699135363244899e-15
-2.166115856665657062e-15
-1.995166786139920794e-15
-1.837712784465267015e-15
-1.692680365757450297e-15
-1.559091217473766071e-15
-1.436041455306414376e-15
-1.322701815589619929e-15
-1.218294528022252046e-15
-1.122125956204822618e-15
-1.033560554985146020e-15
-9.519616117248067970e-16
-8.768004221267091377e-16
-8.075717596093493788e-16
-7.438024933960002678e-16
-6.850597670333992027e-16
-6.309466234027315411e-16
-5.811011666174207455e-16
-5.351822479213490893e-16
-4.928806856886668031e-16
-4.539132335037571902e-16
-4.180151133122980898e-16
-3.849395925082236518e-16
-3.544692742258779763e-16
-3.263968493618181480e-16
-3.005323049487062953e-16
-2.767033843987654916e-16
-2.547439349924792026e-16
-2.345067335094489807e-16
-2.158543067160593045e-16
-1.986632648661231421e-16
-1.828172147113864264e-16
-1.682088765506478146e-16
-1.547410400639870334e-16
-1.423289152936013189e-16
-1.308915749193056976e-16
-1.203480937876362050e-16
-1.106325693496662531e-16
-1.016756822199272698e-16
-9.341834895868183621e-17
-8.580501409904836296e-17
-7.878733182129141010e-17
-7.231866457276765437e-17
-6.635147463115264088e-17
-6.084796580290509629e-17
-5.577166508640052117e-17
-5.109027921211614267e-17
-4.677460318979581770e-17
-4.279424348514101854e-17
-3.912405221414786218e-17
-3.574072038792365890e-17
-3.262594663774895097e-17
-2.975622690058658347e-17
-2.711674439122272849e-17
-2.469269449931622857e-17
-2.247141685048145632e-17
-2.045752707573555405e-17
-1.863165078951217361e-17
-1.696537314826348585e-17
-1.544582964524120735e-17
