# bin_1_4
-9.750247628890283959e-11
-9.778094464001755673e-11
-9.806894887029896964e-11
-9.836683646662778404e-11
-9.867467335534982126e-11
-9.899295589058848353e-11
-9.932190383324968115e-11
-9.966180751054900323e-11
-1.000124939363960058e-10
-1.003756731729532134e-10
-1.007839600297786424e-10
-1.011368290569999796e-10
-1.015360521749309681e-10
-1.019480631371915952e-10
-1.023731654521746266e-10
-1.028116642811789521e-10
-1.032638075854922616e-10
-1.037262602730801854e-10
-1.042104493337956713e-10
-1.047055719668311521e-10
-1.052156319208240279e-10
-1.057409150001267974e-10
-1.062817076975774923e-10
-1.068382963902504503e-10
-1.074109747670692558e-10
-1.079999604886169108e-10
-1.086055971527356672e-10
-1.092283715550508608e-10
-1.098681295862020172e-10
-1.105252464568714986e-10
-1.111999519249093446e-10
-1.118924660609396650e-10
-1.126029834771347739e-10
-1.133316676280774739e-10
-1.140111139114719117e-10
-1.148439931092397195e-10
-1.156279113846791241e-10
-1.164303465807489144e-10
-1.172522394975459483e-10
-1.180914814929185278e-10
-1.189499412983970293e-10
-1.198270005805780530e-10
-1.207227270157591106e-10
-1.216366297438371691e-10
-1.225687946218742923e-10
-1.235188545346368164e-10
-1.244866675326356034e-10
-1.254719405187562296e-10
-1.264742373163611581e-10
-1.274930730709652988e-10
-1.285279665047951596e-10
-1.295784779582469667e-10
-1.306438211376277607e-10
-1.317234491291360307e-10
-1.328165036694754403e-10
-1.339221854357620320e-10
-1.350396067953970749e-10
-1.361678278082823783e-10
-1.373056508926590132e-10
-1.384519987734471932e-10
-1.396055245007118095e-10
-1.407648866562538753e-10
-1.419295841723452393e-10
-1.430969322045211708e-10
-1.442656679417249611e-10
-1.454342926865227158e-10
-1.466006520028508308e-10
-1.477630733635501691e-10
-1.489192145820984869e-10
-1.500669566223137263e-10
-1.512041759568747697e-10
-1.523334670145775561e-10
-1.534378897761388174e-10
-1.545292284126692685e-10
-1.556016053040493370e-10
-1.566489420663446090e-10
-1.576716004552178890e-10
-1.588610763219593824e-10
-1.596219501377184004e-10
-1.605553780094367544e-10
-1.614453026424972229e-10
-1.622945295002375140e-10
-1.630995397359000265e-10
-1.638572220607995093e-10
-1.645641318565367727e-10
-1.652170966140133283e-10
-1.658125193717837263e-10
-1.663471657299440689e-10
-1.668178520932760391e-10
-1.672204787468700314e-10
-1.675562077817506922e-10
-1.678110561189609044e-10
-1.679921220024325347e-10
-1.682768490895710940e-10
-1.681121957506260894e-10
-1.680458652989547200e-10
-1.678917479213630434e-10
-1.676476912386213431e-10
-1.673115312630133205e-10
-1.668818813450001699e-10
-1.664044158829401188e-10
-1.657352278616666046e-10
-1.650167461272953008e-10
-1.641999570837749979e-10
-1.632849712383174659e-10
-1.622644498722301805e-10
-1.611620821538927805e-10
-1.599558266597926963e-10
-1.586550292430867374e-10
-1.572613409650367818e-10
-1.557773947217485194e-10
-1.542058552580181782e-10
-1.525505917981363540e-10
-1.508156347146129399e-10
-1.490019322219425941e-10
-1.471175510831345918e-10
-1.451649477480367846e-10
-1.431491178437166175e-10
-1.410760823881892884e-10
-1.389502175763737493e-10
-1.367768370812551097e-10
-1.345618483737171819e-10
-1.323102005757009485e-10
-1.300278304216428224e-10
-1.277151304752214327e-10
-1.253867516835610794e-10
-1.230384417160110997e-10
-1.206762061894736398e-10
-1.183028297908765272e-10
-1.159237520818309810e-10
-1.135470776254939435e-10
-1.111583327641633574e-10
-1.087839527644955263e-10
-1.063995108532984176e-10
-1.040290021269014555e-10
-1.016682148573879037e-10
-9.932001936789571564e-11
-9.698547931149458302e-11
-9.466813598704172887e-11
-9.236957275005289488e-11
-9.009607912580347857e-11
-8.785411615758919983e-11
-8.562665752764209361e-11
-8.343662681431206258e-11
-8.127853470149302233e-11
-7.915298681992303091e-11
-7.709406138337588059e-11
-7.500196958238617024e-11
-7.297263952462260417e-11
-7.097265694002889235e-11
-6.899907221945656271e-11
-6.704836469376418905e-11
-6.512198617505779671e-11
-6.321486452793084640e-11
-6.132720770287509588e-11
-5.945850025679606995e-11
-5.761288569572568356e-11
-5.577881461591079417e-11
-5.396855544917327842e-11
-5.217845028299473842e-11
-5.040849843423255564e-11
-4.865869977208593936e-11
-4.693237995273079338e-11
-4.522088372875253595e-11
-4.353519571440391054e-11
-4.187459085537220737e-11
-4.024220256419878279e-11
-3.864493305981685465e-11
-3.707949006409456713e-11
-3.555668557453227611e-11
-3.407790574061499750e-11
-3.264643571994524946e-11
-3.126516252148705833e-11
-2.993747585148184622e-11
-2.866526674451298711e-11
-2.745076545286826207e-11
-2.629449373193092606e-11
-2.519628046125194159e-11
-2.415484825505968691e-11
-2.316804292551753029e-11
-2.223299101537050367e-11
-2.134622413405420575e-11
-2.050364669394115919e-11
-1.970065217618274197e-11
-1.893185886550417077e-11
-1.819110757858844948e-11
-1.747223340626476758e-11
-1.676927530565597580e-11
-1.607708396457810131e-11
-1.539190545432191954e-11
-1.471194340740241745e-11
-1.403773544336917533e-11
-1.337214323329525986e-11
-1.271986995098862621e-11
-1.208663345374496383e-11
-1.147826211610263169e-11
-1.089992699445328938e-11
-1.035554471981986019e-11
-9.847267786048686008e-12
-9.375115180485355521e-12
-8.936744348318865096e-12
-8.528065167364587049e-12
-8.143407411507741171e-12
-7.776952413797625930e-12
-7.423665022464019709e-12
-7.080044122858973997e-12
-6.744534545517076435e-12
-6.417618855244973757e-12
-6.101180453434131510e-12
-5.798018791199894136e-12
-5.510506206346450698e-12
-5.239705595535114102e-12
-4.985105388701296585e-12
-4.744945672133870694e-12
-4.517132596330355430e-12
-4.299591271432571752e-12
-4.090950553333185636e-12
-3.890718988546902105e-12
-3.699085112344341157e-12
-3.516507444956093821e-12
-3.343291380876691708e-12
-3.179121547120956251e-12
-3.023303063730528503e-12
-2.874874177587443407e-12
-2.733135515665620647e-12
-2.597786605857428321e-12
-2.468851895009324331e-12
-2.346315374304350999e-12
-2.229877743316182438e-12
-2.118972102877571729e-12
-2.013219550630617297e-12
-1.912487391268420168e-12
-1.816641792399172102e-12
-1.725464227017743542e-12
-1.638646447091551642e-12
-1.555926148548346103e-12
-1.477175859543766964e-12
-1.402241886361563773e-12
-1.330931855883527612e-12
-1.263035661402049971e-12
-1.198390031583687531e-12
-1.136877564480250500e-12
-1.078353011923534142e-12
-1.022650413824087480e-12
-9.696379117900840561e-13
-9.192028217086452893e-13
-8.712333121709459047e-13
-8.256060825191731554e-13
-7.822138382688931065e-13
-7.409548457879905259e-13
-7.017293996537626497e-13
-6.644425444801315850e-13
-6.290039812795472931e-13
-5.953276428807810041e-13
-5.633312808247211392e-13
-5.329363633019621754e-13
-5.040679372645518161e-13
-4.766543202365197585e-13
-4.506270965799310437e-13
-4.259208083285411271e-13
-4.024729112242018048e-13
-3.802236129117616482e-13
-3.591156717996932066e-13
-3.390942529518030549e-13
-3.201074843403669090e-13
-3.021051757574024487e-13
-2.850395914396215240e-13
-2.688650325943036532e-13
-2.535379194213527485e-13
-2.390166323024270829e-13
-2.252613787737024905e-13
-2.122341945050331289e-13
-1.998988860365809545e-13
-1.882209551793044898e-13
-1.771675317938879438e-13
-1.667073129710422681e-13
-1.568101460021867242e-13
-1.474484018200842184e-13
-1.385947114523428238e-13
-1.302234145456005906e-13
-1.223101220885887026e-13
-1.148316549581091510e-13
-1.077659899369519335e-13
-1.010922040307175327e-13
-9.479042230451990371e-14
-8.884176833693102530e-14
-8.322774215423875808e-14
-7.793250419664484142e-14
-7.293926146889958164e-14
-6.823264129099146493e-14
-6.379803330871122141e-14
-5.962155341026664646e-14
-5.569000044793233761e-14
-5.199080651638878516e-14
-4.851199321947466662e-14
-4.524175836090617759e-14
-4.217000294984424057e-14
-3.928592207140396377e-14
-3.657954118422134396e-14
-3.404152669641453784e-14
-3.166277581406323764e-14
-2.943466350840560669e-14
-2.734880180167714300e-14
-2.539758989017643131e-14
-2.357342098008880068e-14
-2.186911879845355503e-14
-2.027783088466147911e-14
-1.879301752760337971e-14
-1.740839064503120451e-14
-1.611813209996523045e-14
-1.491649255398944617e-14
-1.379820035875682541e-14
-1.275806923533258257e-14
-1.179133423926584411e-14
-1.089343558208053048e-14
-1.006012267840946726e-14
-9.287346446906804193e-15
-8.571298904325052645e-15
-7.908373583986512238e-15
-7.295168242874535079e-15
-6.728338825806543425e-15
-6.204776025620329988e-15
-5.721387915419152612e-15
-5.275272029738763049e-15
-4.863690835612100646e-15
-4.484016524733415968e-15
-4.133908188608664413e-15
-3.811087683345872072e-15
-3.513382446980228485e-15
-3.238974182089727533e-15
-2.985942662404358183e-15
-2.752682841782299746e-15
-2.537620240938686063e-15
-2.339348621703588405e-15
-2.156579625813622163e-15
-1.988066262212757070e-15
-1.832729849119210896e-15
-1.689517222968192691e-15
-1.557483011679069796e-15
-1.435763041813499051e-15
-1.323542653148796405e-15
-1.220081312535697985e-15
-1.124694730230142750e-15
-1.036758568707427119e-15
-9.556796253710048818e-16
-8.809279441907122061e-16
-8.120122301041472388e-16
-7.484776925349282043e-16
-6.898782741780956790e-16
-6.358615429584068359e-16
-5.860567807073389242e-16
-5.401381382948965559e-16
-4.977918337437693933e-16
-4.587419154542000629e-16
-4.227419919156167012e-16
-3.895398240067649036e-16
-3.589203772309632320e-16
-3.306845251530872397e-16
-3.046375345402923489e-16
-2.806201164455020581e-16
-2.584648117854238429e-16
-2.380269523660692671e-16
-2.191696152647702568e-16
-2.017720235605879426e-16
-1.857173423426058792e-16
-1.709108532590289170e-16
-1.572444999474791403e-16
-1.446382550695515370e-16
-1.330126802404367689e-16
-1.222969037469071236e-16
-1.124294138314260912e-16
-1.033431324789877624e-16
-9.497719369772727057e-17
-8.727070210267300579e-17
-8.016989796537912116e-17
-7.362504231115801993e-17
-6.758921939567596774e-17
-6.203010612766632255e-17
-5.691270760859742961e-17
-5.220387225301419752e-17
-4.786762412820735376e-17
-4.387777239634859318e-17
-4.020483599640809884e-17
-3.682801819178779750e-17
-3.372436784668058367e-17
-3.087397898651704229e-17
-2.825642478547202421e-17
-2.585327695263739660e-17
-2.364793741259192652e-17
-2.162569288959070952e-17
-1.977313723078804673e-17
-1.807568749168330062e-17
-1.651624892401285076e-17
-1.508437312785616167e-17
-1.377553351438398827e-17
-1.258513667320533028e-17
-1.150273144136921869e-17
-1.051878655443687313e-17
-9.622428134968322256e-18
-8.791215037988765031e-18
