# bin_2_4
-1.060003373627835836e-10
-1.063276882174519982e-10
-1.066664255293911745e-10
-1.070169601083123853e-10
-1.073794384188981114e-10
-1.077544169157774393e-10
-1.081421353520492439e-10
-1.085430748691939412e-10
-1.089571437619451328e-10
-1.093859533224910117e-10
-1.098624410895906036e-10
-1.102859288538765643e-10
-1.107585167540031331e-10
-1.112465493777720628e-10
-1.117504842082760747e-10
-1.122706606369031804e-10
-1.128076130119969570e-10
-1.133579210248268489e-10
-1.139331155628791227e-10
-1.145226286684631749e-10
-1.151305113599326365e-10
-1.157571629096348026e-10
-1.164029861733295435e-10
-1.170683867523323233e-10
-1.177538494639495525e-10
-1.184595812107305499e-10
-1.186245995800241107e-10
-1.199338674408999675e-10
-1.207065455801693646e-10
-1.214946519025184538e-10
-1.223082148217880204e-10
-1.231444223163026549e-10
-1.240036898465117606e-10
-1.248861736156118022e-10
-1.257922131661066725e-10
-1.267220473975186283e-10
-1.276759787027372447e-10
-1.286542154820322122e-10
-1.296577970550847837e-10
-1.306847657603245270e-10
-1.317372415123302929e-10
-1.328144974861100411e-10
-1.339170239003750414e-10
-1.350444035239969930e-10
-1.361968773356282030e-10
-1.373742368371841235e-10
-1.385764966815396665e-10
-1.398040775442851460e-10
-1.410550197774595896e-10
-1.423306648718773008e-10
-1.436301191694603789e-10
-1.449530860152580302e-10
-1.462989177136393620e-10
-1.476672007790066524e-10
-1.491097500984305513e-10
-1.505448360304731054e-10
-1.518995690743284499e-10
-1.533503213839625225e-10
-1.550069050937758956e-10
-1.564766590857466304e-10
-1.578084370732057604e-10
-1.593258145246503229e-10
-1.608682109162515469e-10
-1.624007754415886552e-10
-1.639547465953624442e-10
-1.655176186327038546e-10
-1.670873118115145810e-10
-1.686619536626722494e-10
-1.702396443092756446e-10
-1.718175673268918055e-10
-1.733938207963357099e-10
-1.749708259321606073e-10
-1.765315261635611097e-10
-1.780873711358020314e-10
-1.796324710214284910e-10
-1.811606079718998344e-10
-1.826714353662844502e-10
-1.841607659319316725e-10
-1.856199269710155309e-10
-1.870625486977948004e-10
-1.884284879883994335e-10
-1.898381908212311056e-10
-1.911696822688085812e-10
-1.924585369079009374e-10
-1.937007842477247228e-10
-1.948926335222904982e-10
-1.960298320448444084e-10
-1.971085626727425949e-10
-1.981245228140704941e-10
-1.990733119152904138e-10
-1.999548754217748140e-10
-2.007544858510239409e-10
-2.014783139645902925e-10
-2.021251300385953401e-10
-2.026743031893960735e-10
-2.031391662435304566e-10
-2.035103038696759606e-10
-2.038187564588842410e-10
-2.039582151929721343e-10
-2.040291268854255450e-10
-2.039942358506487154e-10
-2.038506656340356344e-10
-2.035972031604101418e-10
-2.032309691089228225e-10
-2.027509205171386225e-10
-2.021483053500555377e-10
-2.014463551251046916e-10
-2.006209727179126061e-10
-1.996804513687155359e-10
-1.986252233964200064e-10
-1.975121197938678393e-10
-1.961761111228416189e-10
-1.947864526299549575e-10
-1.932905738201955894e-10
-1.916881969397151534e-10
-1.899862977441709017e-10
-1.881863822026552600e-10
-1.862926621991846609e-10
-1.843104359797052538e-10
-1.822433954573981121e-10
-1.801172854111094597e-10
-1.779012152623342933e-10
-1.755824419067035948e-10
-1.732260456693396791e-10
-1.708047000063352921e-10
-1.683337070754164891e-10
-1.658081690062141848e-10
-1.632339899914158856e-10
-1.606148169886708926e-10
-1.579551071734347936e-10
-1.552577839198262970e-10
-1.525265637285463059e-10
-1.497643250649921920e-10
-1.469740240484188690e-10
-1.441600729227576480e-10
-1.413241099202321726e-10
-1.384892050928222838e-10
-1.356068711909436785e-10
-1.327319359780831482e-10
-1.298508023945260489e-10
-1.269717329076256786e-10
-1.240951856245513696e-10
-1.212283370649354042e-10
-1.183736999354033632e-10
-1.155344338159733304e-10
-1.127146953308283337e-10
-1.099159124488328911e-10
-1.071386259289555506e-10
-1.043832129375234288e-10
-1.016489180493475547e-10
-9.893487828655476361e-11
-9.623873195282556671e-11
-9.356341116169064470e-11
-9.090475534021039280e-11
-8.826414375246063302e-11
-8.564210715471191567e-11
-8.303985920293509640e-11
-8.045867622325750533e-11
-7.789985572487003933e-11
-7.536449509813749846e-11
-7.285334430556266754e-11
-7.036711754536623454e-11
-6.790681353658635391e-11
-6.547387493607419186e-11
-6.307082578394915491e-11
-6.070106590181981595e-11
-5.836893742761298360e-11
-5.608052885552974287e-11
-5.384066937768678712e-11
-5.165504224798040468e-11
-4.952880422444374645e-11
-4.746664319597749138e-11
-4.547280832113961011e-11
-4.355197439072842653e-11
-4.170707665822961479e-11
-3.994113874236110304e-11
-3.825521070346198686e-11
-3.664927550723104100e-11
-3.512190102601965379e-11
-3.367048763751261702e-11
-3.229129921023311546e-11
-3.098044431968362264e-11
-2.973217465886350237e-11
-2.854067026833672327e-11
-2.739865322805017118e-11
-2.629771476345471926e-11
-2.522918357277655243e-11
-2.418459244471267187e-11
-2.315665635530275553e-11
-2.214025395617545273e-11
-2.113329777576205342e-11
-2.013728966973440201e-11
-1.915724555426078112e-11
-1.820080418717932226e-11
-1.727677914033593352e-11
-1.639364557323809196e-11
-1.555830253919415506e-11
-1.477522158822006338e-11
-1.404589138381938033e-11
-1.336863349880108345e-11
-1.273879301003013907e-11
-1.214930315137257672e-11
-1.159231940692040311e-11
-1.106001375999184096e-11
-1.054626302656659008e-11
-1.004723145976250819e-11
-9.561720290423159692e-12
-9.090722299552737199e-12
-8.637302895391761479e-12
-8.205092010741923007e-12
-7.796831720112726736e-12
-7.413192555151588461e-12
-7.052669848192954473e-12
-6.712373898787866002e-12
-6.389168387690997342e-12
-6.080686288656338609e-12
-5.785375397471062796e-12
-5.502795623708435261e-12
-5.233138507061273340e-12
-4.976815676518946467e-12
-4.733849616370119438e-12
-4.503744777607566401e-12
-4.285459538455882659e-12
-4.077734440640820104e-12
-3.879523261026550887e-12
-3.690511434163025591e-12
-3.510648837953045292e-12
-3.339860178977398181e-12
-3.177586782132824214e-12
-3.023072276251521907e-12
-2.875785556200396898e-12
-2.735492432006320233e-12
-2.602008907379873899e-12
-2.474998407429223455e-12
-2.354000885967566302e-12
-2.238676538934822249e-12
-2.128817558565212511e-12
-2.024200135688137888e-12
-1.924544373959395781e-12
-1.829548031004075214e-12
-1.738996492956874305e-12
-1.652712728033142757e-12
-1.570492323645327800e-12
-1.492108093026092463e-12
-1.417379148752765197e-12
-1.346152631006438707e-12
-1.278265018636111525e-12
-1.213555256490474106e-12
-1.151878218987941772e-12
-1.093096905361948193e-12
-1.037078134230387476e-12
-9.836957385300316147e-13
-9.328303355323574136e-13
-8.843685978199647854e-13
-8.382026817240464207e-13
-7.942299976422756894e-13
-7.523529244600284639e-13
-7.124783562236188451e-13
-6.745175842760880573e-13
-6.383858734139645910e-13
-6.040023253776668987e-13
-5.712896215975695255e-13
-5.401737327944793307e-13
-5.105837217562093709e-13
-4.824522143807095203e-13
-4.557140835828485668e-13
-4.303071628139549161e-13
-4.061717761131886489e-13
-3.832507984395601403e-13
-3.614894570888165221e-13
-3.408351633362320143e-13
-3.212374977443012626e-13
-3.026481354508970320e-13
-2.850207541547075983e-13
-2.683109540262269994e-13
-2.524761875618385372e-13
-2.374753342334332146e-13
-2.232700703411064259e-13
-2.098225975213739891e-13
-1.970970932059415176e-13
-1.850592720657308450e-13
-1.736763227252603555e-13
-1.629168536527451208e-13
-1.527508365606162897e-13
-1.431495540472442288e-13
-1.340855498491913207e-13
-1.255319719292532068e-13
-1.174649936253778910e-13
-1.098599864741889990e-13
-1.026940324447737590e-13
-9.594522876218862032e-14
-8.959265236481686876e-14
-8.361631240854954438e-14
-7.799709032347962345e-14
-7.271668683144575807e-14
-6.775712854580581045e-14
-6.310260034563393043e-14
-5.873656737777581013e-14
-5.464368836582708809e-14
-5.080928361601952116e-14
-4.721930732277012432e-14
-4.386033773578421481e-14
-4.071930995764191825e-14
-3.778450370067167825e-14
-3.504392914820981193e-14
-3.248638925840660733e-14
-3.010102765983234534e-14
-2.787791230187093254e-14
-2.580715869499555447e-14
-2.387964105549412418e-14
-2.208647478603283987e-14
-2.041946206178148016e-14
-1.887048730950619356e-14
-1.743222651444695674e-14
-1.609778916545748112e-14
-1.486037225034925092e-14
-1.371387033983913042e-14
-1.265241134461193623e-14
-1.167044654333911014e-14
-1.076280597284694003e-14
-9.924261271714540103e-15
-9.150060091553804543e-15
-8.435563735881202862e-15
-7.776391793108532237e-15
-7.168428737286244175e-15
-6.607727126205206224e-15
-6.090826908907389954e-15
-5.614288826394969735e-15
-5.174932136826148574e-15
-4.769996985269677972e-15
-4.396689943519926615e-15
-4.052603106807386687e-15
-3.735419957146698261e-15
-3.443051317846701969e-15
-3.173578127353650654e-15
-2.925172865765479500e-15
-2.696221999453541352e-15
-2.485178525846092916e-15
-2.290642575119026896e-15
-2.111331622954687630e-15
-1.946044200110047672e-15
-1.793684927210269425e-15
-1.653075384697150851e-15
-1.523775088232223827e-15
-1.404591452523029756e-15
-1.294732705469923794e-15
-1.193052967352630319e-15
-1.099587756991291602e-15
-1.013404761850846154e-15
-9.339864745673120227e-16
-8.607624777651680557e-16
-7.932530235527618669e-16
-7.310293454536974621e-16
-6.736473568672500269e-16
-6.207620814091562113e-16
-5.719996180344079982e-16
-5.270409239582448944e-16
-4.855910142863269882e-16
-4.473661475763311806e-16
-4.121262578265109947e-16
-3.796281559477651556e-16
-3.496579807332758083e-16
-3.220151102540329304e-16
-2.965191542628000558e-16
-2.729998271660073666e-16
-2.513130100066422440e-16
-2.313036133529705187e-16
-2.128500128526632459e-16
-1.958339850548795903e-16
-1.801492146988909020e-16
-1.657020776682301655e-16
-1.523948092579111203e-16
-1.401383798692281524e-16
-1.288452672139273358e-16
-1.184374115152163729e-16
-1.088426049644660898e-16
-9.999293482000536106e-17
-9.183856368292642770e-17
-8.432762561624163746e-17
-7.741129589508918409e-17
-7.103802184805762954e-17
-6.516872378074834603e-17
-5.976084482802236133e-17
-5.478313245490049198e-17
-5.020212452539412584e-17
-4.598862866243752714e-17
-4.211336870097263281e-17
-3.854879793845617558e-17
-3.527098800499364613e-17
-3.226030019735945308e-17
-2.949540965429742307e-17
-2.695593892052869584e-17
-2.461676291404533771e-17
-2.246226738063500429e-17
-2.048749058317646522e-17
-1.868660930603305753e-17
-1.704575816122710016e-17
-1.555104192568602809e-17
-1.418699187091591457e-17
-1.294062790351422597e-17
