# bin_4_3
-7.946584218555152824e-11
-7.993670388489275891e-11
-8.042556757508277460e-11
-8.093310611325735780e-11
-8.146002459722145217e-11
-8.200649872804675546e-11
-8.257432656191038990e-11
-8.316372149287358683e-11
-8.377547044685723847e-11
-8.441038716398467221e-11
-8.506931484397674898e-11
-8.575312509339644809e-11
-8.646354650915319924e-11
-8.719985066640475843e-11
-8.796382003487648795e-11
-8.875644910224485934e-11
-8.957879166018864974e-11
-9.043192425834388946e-11
-9.131690542485853988e-11
-9.223482461334428524e-11
-9.318681680059553240e-11
-9.417273530831690864e-11
-9.519644939023344337e-11
-9.625795041119561014e-11
-9.735854266199614562e-11
-9.849956940581279139e-11
-9.968241369768856582e-11
-1.009084981671476393e-10
-1.021792845822104698e-10
-1.034962774481501393e-10
-1.048630341506297645e-10
-1.062770914111004939e-10
-1.077421152855904207e-10
-1.092578337560207739e-10
-1.108298697448487433e-10
-1.124580142040131598e-10
-1.141440695536319284e-10
-1.158898833219199312e-10
-1.176973476123281433e-10
-1.195684008685860050e-10
-1.215063179838194518e-10
-1.235104809525678691e-10
-1.255843608471344617e-10
-1.277287654994439111e-10
-1.299483865314845203e-10
-1.322441410401882661e-10
-1.346199994535291475e-10
-1.370749908311152746e-10
-1.396129772285158330e-10
-1.422363320006980310e-10
-1.449474284824438795e-10
-1.477486669875574134e-10
-1.506425285525191368e-10
-1.536315381036665261e-10
-1.567160164927925173e-10
-1.599051969638771583e-10
-1.631949593167940775e-10
-1.665900727708021594e-10
-1.700931879327881980e-10
-1.737068042451580100e-10
-1.774337003890552164e-10
-1.812763395873297256e-10
-1.852376301650846614e-10
-1.893199583571121333e-10
-1.935261933270293665e-10
-1.978586488401860863e-10
-2.023198619325036293e-10
-2.069124085189854013e-10
-2.116386605277170172e-10
-2.165012334777431869e-10
-2.215023385284806817e-10
-2.266443197155089526e-10
-2.319293810439555687e-10
-2.373594781936364842e-10
-2.429366186307343057e-10
-2.486627272360934006e-10
-2.545395294875765587e-10
-2.605686241268309752e-10
-2.667513611862229518e-10
-2.730864316876450129e-10
-2.796172785320522945e-10
-2.862651152833858625e-10
-2.930700095874731846e-10
-3.000312873052374233e-10
-3.071511769146503361e-10
-3.144290612163378327e-10
-3.218350784628289164e-10
-3.294244216686466637e-10
-3.371993545737124765e-10
-3.450629673458916305e-10
-3.531082514637812358e-10
-3.613008820878321191e-10
-3.696375792808577589e-10
-3.781146392687354676e-10
-3.867257454439996221e-10
-3.954720314443720961e-10
-4.043456697602707538e-10
-4.133404232539918392e-10
-4.224515275908176122e-10
-4.316677037045281254e-10
-4.409832491804948617e-10
-4.503896546188596753e-10
-4.598773558860017078e-10
-4.694354149002757574e-10
-4.790524451628739811e-10
-4.887166018930861657e-10
-4.984144114098721111e-10
-5.081368330391289936e-10
-5.178687387059914919e-10
-5.275935557549697623e-10
-5.372918870342883138e-10
-5.469369071102918476e-10
-5.565128442085568278e-10
-5.660063130982305184e-10
-5.754025760914612946e-10
-5.846879502751010835e-10
-5.938525634424378515e-10
-6.028895333481688827e-10
-6.117783376609041222e-10
-6.204964450263001680e-10
-6.290193295430973574e-10
-6.373246830806083611e-10
-6.453871902149817341e-10
-6.531821698634756613e-10
-6.606863884836239446e-10
-6.678750172933643452e-10
-6.747249431238866734e-10
-6.812113107774173357e-10
-6.873066094616069291e-10
-6.929869849216804852e-10
-6.982279507358717068e-10
-7.030032823024780007e-10
-7.072860406131859730e-10
-7.110467556564532843e-10
-7.142548770740754519e-10
-7.168774745372325979e-10
-7.188818179602255947e-10
-7.202362488309668683e-10
-7.209112486974127684e-10
-7.208790015207532425e-10
-7.201119550532360318e-10
-7.185832753434460353e-10
-7.162675979675027831e-10
-7.131426114453801696e-10
-7.091873185115967059e-10
-7.037652031499288576e-10
-6.987200729063514469e-10
-6.921838753769834044e-10
-6.847682830082252014e-10
-6.764705367458006100e-10
-6.672922335754157015e-10
-6.572394877373910533e-10
-6.463266585596583071e-10
-6.345724860958667817e-10
-6.220044599438539141e-10
-6.086597702331456681e-10
-5.945848298018440632e-10
-5.798384618715610703e-10
-5.644907121448791636e-10
-5.486218932207845240e-10
-5.323228876887966009e-10
-5.156937986722790359e-10
-4.988427763307204634e-10
-4.818852261137850520e-10
-4.649413054039128324e-10
-4.481323200924263984e-10
-4.315775714991514367e-10
-4.153916199065027198e-10
-3.996818767720622405e-10
-3.845456069985667900e-10
-3.700660383433166041e-10
-3.563073126713899664e-10
-3.433093384960057687e-10
-3.310834915268749024e-10
-3.196089278455078876e-10
-3.088320963024760422e-10
-2.986707414330699402e-10
-2.890188159648770734e-10
-2.797515146589757857e-10
-2.707312268871651416e-10
-2.618155492606166578e-10
-2.528662421911147720e-10
-2.437598249782777614e-10
-2.344005104924118654e-10
-2.247324233536581680e-10
-2.147483831793454347e-10
-2.044942648004146399e-10
-1.940686615248155230e-10
-1.836161688383740396e-10
-1.733144740993339531e-10
-1.633564402911409041e-10
-1.539278598807855515e-10
-1.451829492045344420e-10
-1.372210406787891911e-10
-1.300682464954201357e-10
-1.236708793920605216e-10
-1.179027990854930146e-10
-1.125877011499775708e-10
-1.075316824263192370e-10
-1.025638914191319475e-10
-9.757025269338227008e-11
-9.251480078288393152e-11
-8.743995869613710794e-11
-8.244890648350852186e-11
-7.766977047728164769e-11
-7.321132190901758920e-11
-6.912830210867710867e-11
-6.540943918932883652e-11
-6.199058461319957188e-11
-5.878600169207698005e-11
-5.572370496514608149e-11
-5.276839973552425957e-11
-4.992270900503710389e-11
-4.721077425373749000e-11
-4.465548477209035282e-11
-4.226514642312191737e-11
-4.003036628450217456e-11
-3.793349388158510082e-11
-3.595650738121259364e-11
-3.408765913631495884e-11
-3.232279138075444130e-11
-3.065985719900392811e-11
-2.909621379827889912e-11
-2.762566777452482683e-11
-2.624029051369033769e-11
-2.493450881837784311e-11
-2.370441268743248088e-11
-2.254603904264767155e-11
-2.145452253879340796e-11
-2.042479468700136492e-11
-1.945301690718327327e-11
-1.853635983231085438e-11
-1.767135918456284994e-11
-1.685379976204814391e-11
-1.608050168231614165e-11
-1.534916854931145018e-11
-1.465687581328175843e-11
-1.400057285033066183e-11
-1.337796075780607487e-11
-1.278697847901813972e-11
-1.222547161071093327e-11
-1.169149415296383041e-11
-1.118331674397471685e-11
-1.069929021530744884e-11
-1.023778603162147485e-11
-9.797386077676142817e-12
-9.376746323658069805e-12
-8.974618535616102562e-12
-8.589858502601677155e-12
-8.221416608617049398e-12
-7.868327933777796173e-12
-7.529707384485949272e-12
-7.204743771600647971e-12
-6.892693333219077085e-12
-6.592873854263047103e-12
-6.304659514768770262e-12
-6.027476149623286560e-12
-5.760796826336009815e-12
-5.504137840336746415e-12
-5.257054903178303474e-12
-5.019139668584035145e-12
-4.790016462235639658e-12
-4.569339197527530430e-12
-4.356788623554258806e-12
-4.152069561984075423e-12
-3.954908611402849289e-12
-3.765051852983013879e-12
-3.582262773152499081e-12
-3.406320470751236706e-12
-3.237017921665003143e-12
-3.074160393999528568e-12
-2.917564069725745629e-12
-2.767054772444254183e-12
-2.622466789876752429e-12
-2.483641806660277686e-12
-2.350427948267239320e-12
-2.222678905844096608e-12
-2.100253121701790426e-12
-1.983013074866328145e-12
-1.870824589485169374e-12
-1.763556206877379378e-12
-1.661078610236091111e-12
-1.563264112408102472e-12
-1.469986179915858744e-12
-1.381119015315380211e-12
-1.296537189517681163e-12
-1.216115344568915481e-12
-1.139727947902677155e-12
-1.067249144025635151e-12
-9.985526395792270462e-13
-9.335116776532222905e-13
-8.719990807374203426e-13
-8.138873538900548908e-13
-7.590488578730187620e-13
-7.073560023815274421e-13
-6.586814581029150754e-13
-6.128984844083074261e-13
-5.698812748852875782e-13
-5.295053133055529018e-13
-4.916477090899641034e-13
-4.561875126973043621e-13
-4.230060334998786717e-13
-3.919871835250334183e-13
-3.630178720891462114e-13
-3.359881691979941517e-13
-3.107915452674157939e-13
-2.873249651173549771e-13
-2.654889454533862256e-13
-2.451879110404519209e-13
-2.263309017983172538e-13
-2.088320802059855510e-13
-1.926101004722591983e-13
-1.775876575966685041e-13
-1.636912260682341975e-13
-1.508498726304812445e-13
-1.389936708155202433e-13
-1.280559369412144184e-13
-1.179706336922806843e-13
-1.086749964245866634e-13
-1.001092719809021262e-13
-9.221736935191400295e-14
-8.494693367970297507e-14
-7.824934374709978847e-14
-7.207963101809084376e-14
-6.639620427087216780e-14
-6.116092037285740388e-14
-5.633839783444543566e-14
-5.189611084407046365e-14
-4.780403799864592421e-14
-4.403467980833744518e-14
-4.056254096472424464e-14
-3.736418748638048517e-14
-3.441795832998870349e-14
-3.170412000330873797e-14
-2.920427430606246071e-14
-2.690146344128785574e-14
-2.478031738984167956e-14
-2.282642748701237243e-14
-2.102660482490658748e-14
-1.936861539967457949e-14
-1.784144528218486831e-14
-1.643469376929298631e-14
-1.513877314295886490e-14
-1.394512848484911826e-14
-1.284560277960306710e-14
-1.183267630415134057e-14
-1.089971673776878911e-14
-1.004026923335838705e-14
-9.248593413306564964e-15
-8.519324799609723373e-15
-7.847585160907852949e-15
-7.228787727572228580e-15
-6.658778705367333019e-15
-6.133726994120960586e-15
-5.650058682522927444e-15
-5.204510001378946058e-15
-4.794108957501897906e-15
-4.416015760393020258e-15
-4.067845526777284727e-15
-3.747127161554441272e-15
-3.451487475113486381e-15
-3.179256670225697564e-15
-2.928496565665234948e-15
-2.697505367337297410e-15
-2.484710896608074354e-15
-2.288668739908172649e-15
-2.108097515481732637e-15
-1.941735670947827682e-15
-1.788486029206160518e-15
-1.647313885259428772e-15
-1.517260957594043216e-15
-1.397427183325322278e-15
-1.287038424290136604e-15
-1.185339460924162134e-15
-1.091635299750427073e-15
-1.005315499946315606e-15
-9.257959323851070622e-16
-8.525320939434809445e-16
-7.850353704107834188e-16
-7.228395793132527058e-16
-6.655356609571769575e-16
-6.127427757824798750e-16
-5.641035894620274115e-16
-5.192755513273625451e-16
-4.779596478201821193e-16
-4.398959168349166507e-16
-4.048095319005350826e-16
-3.725014991417516434e-16
-3.426816405671067598e-16
-3.152190246926486984e-16
-2.899002312593155549e-16
-2.665686666982444770e-16
-2.450619346039143486e-16
-2.252400487352824477e-16
-2.069765253764613078e-16
-1.901545455470437186e-16
-1.746985153234799626e-16
-1.605014329751613025e-16
-1.474314460376159867e-16
-1.354019823690712067e-16
