# bin_1_1
-1.913050686606651285e-10
-1.923077708290524687e-10
-1.933477013506036247e-10
-1.944261572010858159e-10
-1.955444709802910326e-10
-1.967040122258684574e-10
-1.979061929269657270e-10
-1.991524789891085596e-10
-2.004443625763918641e-10
-2.017833705010336565e-10
-2.031693692302062245e-10
-2.046075090264693998e-10
-2.060976643443704238e-10
-2.076415461330913900e-10
-2.092447852891059400e-10
-2.109004938672625121e-10
-2.126133326995619088e-10
-2.143900704921699029e-10
-2.162297305088194987e-10
-2.181349520157515767e-10
-2.201059975541089175e-10
-2.221459286748424088e-10
-2.242568417665462203e-10
-2.264408716862842384e-10
-2.286936720859922627e-10
-2.310299324805983098e-10
-2.334540119158706861e-10
-2.359527008350976920e-10
-2.385356776891721350e-10
-2.412052918861742960e-10
-2.439639279182053269e-10
-2.468139912490257562e-10
-2.497577804404392546e-10
-2.527982376831435286e-10
-2.559374936396407934e-10
-2.591738759556260867e-10
-2.625204841641965763e-10
-2.659707204045713128e-10
-2.694441216975700408e-10
-2.732020307172608651e-10
-2.769922051646252701e-10
-2.808870346616564785e-10
-2.849062508871751387e-10
-2.890464425829493336e-10
-2.933099598585027130e-10
-2.977171965730254312e-10
-3.022161927672466629e-10
-3.068633150623032904e-10
-3.116425512899032318e-10
-3.165560487289011482e-10
-3.216057446458861068e-10
-3.267940561947785764e-10
-3.321210826934130774e-10
-3.375893175642443048e-10
-3.432015579165994590e-10
-3.489569592924577820e-10
-3.548569328874153516e-10
-3.609026125568650690e-10
-3.670919308487198126e-10
-3.734328282997853766e-10
-3.798633984633355824e-10
-3.865498317513948790e-10
-3.933269687647454155e-10
-4.002474305503628793e-10
-4.073132021553222760e-10
-4.145170983071016580e-10
-4.218623495393175814e-10
-4.293542293479277796e-10
-4.369738883557489909e-10
-4.447244893914999731e-10
-4.526020045811016308e-10
-4.606024656119186058e-10
-4.687655398196607820e-10
-4.769479585013846866e-10
-4.852824207134306942e-10
-4.937157297572865250e-10
-5.022739888543755866e-10
-5.108461278495335585e-10
-5.195242324309909745e-10
-5.282692556046434545e-10
-5.370780803326205929e-10
-5.458733896566844802e-10
-5.547368937417174733e-10
-5.637016513625425922e-10
-5.726121685066218736e-10
-5.814080210831371059e-10
-5.903954048150575644e-10
-5.992401615873375511e-10
-6.079534524008386004e-10
-6.167574605378102989e-10
-6.253939512858870722e-10
-6.339234962757306490e-10
-6.423277891393163728e-10
-6.505841345749479235e-10
-6.586782173294560523e-10
-6.665857577810797387e-10
-6.742818101897762947e-10
-6.817428041369078064e-10
-6.889458036634173823e-10
-6.958720623800739412e-10
-7.024827817854878758e-10
-7.087582289116002118e-10
-7.146704508724045545e-10
-7.201938968412187949e-10
-7.253012256370193846e-10
-7.299608966330349435e-10
-7.341537978692466052e-10
-7.378482623871601103e-10
-7.410144750124319950e-10
-7.436236201153551532e-10
-7.456486902185140906e-10
-7.470656535526771878e-10
-7.478484541631262793e-10
-7.479728707572177981e-10
-7.474161145690286149e-10
-7.461578533265458899e-10
-7.441780186516447074e-10
-7.414609300499373572e-10
-7.379943167467024394e-10
-7.337715043108515584e-10
-7.287776608425641646e-10
-7.230124092381210072e-10
-7.164764578065239552e-10
-7.091730937895768662e-10
-7.011128959403824962e-10
-6.923081726187972367e-10
-6.827837244472919169e-10
-6.725605536203636470e-10
-6.616703514640227879e-10
-6.501477749215592770e-10
-6.380324029966248870e-10
-6.253712407261223283e-10
-6.122123825718895566e-10
-5.986105486213223911e-10
-5.846250902782987367e-10
-5.703160060264253020e-10
-5.557419194850915023e-10
-5.409677171730280776e-10
-5.260548414132140989e-10
-5.110641285298314085e-10
-4.960581494251623838e-10
-4.810901200672407440e-10
-4.662126398374399430e-10
-4.514713119048128380e-10
-4.369075408293837000e-10
-4.225564074068751890e-10
-4.084454654586610336e-10
-3.946006414524425286e-10
-3.810722030796978899e-10
-3.677585430064284058e-10
-3.547776562154602635e-10
-3.420941142479241643e-10
-3.297071954004084150e-10
-3.176139894915410135e-10
-3.058095475452303415e-10
-2.943192090152792410e-10
-2.830472981891328294e-10
-2.720808844420736749e-10
-2.613883610632803950e-10
-2.509659226684966347e-10
-2.408118283739547730e-10
-2.309232879958291749e-10
-2.212968228283058255e-10
-2.119291190121464758e-10
-2.028167210629013902e-10
-1.939562630511110404e-10
-1.853474487614574022e-10
-1.769912100445148683e-10
-1.689100208995822324e-10
-1.610476222489370451e-10
-1.534662574466849676e-10
-1.461494790091551030e-10
-1.391007295557268098e-10
-1.323219277701771627e-10
-1.258148385696590647e-10
-1.195801435634000313e-10
-1.136171184860776246e-10
-1.079246793582377776e-10
-1.024996850758258896e-10
-9.733947509233345173e-11
-9.244184115687991085e-11
-8.780277012096131526e-11
-8.341688572694314980e-11
-7.927630392979822393e-11
-7.536705988940414563e-11
-7.167146428064885122e-11
-6.816915610088734152e-11
-6.484015676630780195e-11
-6.166725697734080096e-11
-5.863775718782171867e-11
-5.574512268543662603e-11
-5.298959745034591139e-11
-5.037622137834112989e-11
-4.790988160228881717e-11
-4.559011770735794715e-11
-4.340888139607353107e-11
-4.135656169017586243e-11
-3.940611525381267678e-11
-3.755901025702091483e-11
-3.580633631926772981e-11
-3.414710321712125049e-11
-3.258916995531702139e-11
-3.110025274284852606e-11
-2.970104057498873164e-11
-2.837529600478298951e-11
-2.711789423085693078e-11
-2.592510676041403481e-11
-2.479353663393336428e-11
-2.372037954487743292e-11
-2.270267700163492959e-11
-2.173679740612848760e-11
-2.081856893505126792e-11
-1.994376039384927284e-11
-1.910973378957113360e-11
-1.831517039193369174e-11
-1.755823785006129950e-11
-1.683619135421388780e-11
-1.614609611530101148e-11
-1.548568526442748564e-11
-1.485345529462558149e-11
-1.424791931898905070e-11
-1.366733863467123640e-11
-1.311013438161429743e-11
-1.257503001675510592e-11
-1.206084949147819869e-11
-1.156638212426014818e-11
-1.109044422568316653e-11
-1.063199671270273685e-11
-1.019016065953486391e-11
-9.764161298748978394e-12
-9.353266867170620798e-12
-8.956778846719113179e-12
-8.574043771694269460e-12
-8.204459888865860474e-12
-7.847501530882920135e-12
-7.502709063567238595e-12
-7.169650498439254512e-12
-6.847916696625159121e-12
-6.537133369445594838e-12
-6.236966394978037232e-12
-5.947117053028902881e-12
-5.667306103660784516e-12
-5.397268873371125308e-12
-5.136762461106766349e-12
-4.885563540532640074e-12
-4.643460136620491899e-12
-4.410250290016624593e-12
-4.185742461240574404e-12
-3.969752486576280731e-12
-3.762101287282899249e-12
-3.562613931554738458e-12
-3.371118123191171284e-12
-3.187442840431017585e-12
-3.011417541507370079e-12
-2.842871360468705294e-12
-2.681632305269283754e-12
-2.527526698496017169e-12
-2.380378823086996330e-12
-2.240010645801134918e-12
-2.106241744142048589e-12
-1.978889159680186713e-12
-1.857767563590275621e-12
-1.742689411750824764e-12
-1.633465192447350638e-12
-1.529903744168251794e-12
-1.431812637332848773e-12
-1.338998590167152647e-12
-1.251267927800626146e-12
-1.168427821464610126e-12
-1.090283728829855732e-12
-1.016644484165856249e-12
-9.473197216634380443e-13
-8.821211269651361969e-13
-8.208629156650140189e-13
-7.633623045596520856e-13
-7.094399543110883707e-13
-6.589203502674452872e-13
-6.116320909792943055e-13
-5.674083589337430313e-13
-5.260869644097586882e-13
-4.875107690857313750e-13
-4.515278291397965289e-13
-4.179915109999853395e-13
-3.867605966811099561e-13
-3.576993219451379314e-13
-3.306776373683087570e-13
-3.055709031520828402e-13
-2.822601193220302991e-13
-2.606318125411748106e-13
-2.405775100207640582e-13
-2.219953837580672517e-13
-2.047874738932446444e-13
-1.888617407653254406e-13
-1.741310278651795090e-13
-1.605129627283287923e-13
-1.479296810234908463e-13
-1.363077682327390084e-13
-1.255785435879756426e-13
-1.156773707377360031e-13
-1.065437980641805027e-13
-9.812126173558820322e-14
-9.035683171477148228e-14
-8.320138420193195024e-14
-7.660865537516538109e-14
-7.053554267674943499e-14
-6.494194077539562063e-14
-5.979051201631724012e-14
-5.504699583800528086e-14
-5.067929299302903126e-14
-4.665780497076107651e-14
-4.295505390064247180e-14
-3.954609540089692405e-14
-3.640753416219202536e-14
-3.351794825916727112e-14
-3.085745506430445542e-14
-2.840819462710887901e-14
-2.615326767591297111e-14
-2.407726409458877425e-14
-2.216583167450491918e-14
-2.040607008838568517e-14
-1.878613293991468637e-14
-1.729475737522424860e-14
-1.592174955764341107e-14
-1.465772428098322074e-14
-1.349389081329434576e-14
-1.242246570656667388e-14
-1.143615461165324994e-14
-1.052814372588920485e-14
-9.692035380249715944e-15
-8.922542567762034310e-15
-8.214140426439387672e-15
-7.561980104099343941e-15
-6.961388800238461135e-15
-6.408575976547485987e-15
-5.899673652442858476e-15
-5.431140456014316614e-15
-4.999826066835245997e-15
-4.602738584654380101e-15
-4.237202151719865781e-15
-3.900646147504344544e-15
-3.590808464469002684e-15
-3.305574728022833467e-15
-3.043005902306218357e-15
-2.801408854662872509e-15
-2.578993556272001405e-15
-2.374237036551189501e-15
-2.185069189757202392e-15
-2.011399432246892804e-15
-1.851489608822845692e-15
-1.704264561767104413e-15
-1.568706659937569365e-15
-1.443933476798495719e-15
-1.329019266748765968e-15
-1.223231443407429555e-15
-1.125830491663347440e-15
-1.036141005312120239e-15
-9.535534762516937323e-16
-8.775104006734324714e-16
-8.074799072493458324e-16
-7.430033575764133377e-16
-6.836274403228897367e-16
-6.289495806173119302e-16
-5.785844409470665807e-16
-5.322025597986374189e-16
-4.894800262034803924e-16
-4.501371762301797409e-16
-4.138851355511823847e-16
-3.804860200553552796e-16
-3.497051989330098071e-16
-3.213300723487599559e-16
-2.951627149895447848e-16
-2.710295073105667664e-16
-2.487560420267810250e-16
-2.281947520950046277e-16
-2.091947959411436278e-16
-1.916114459208707456e-16
-1.753071433743359857e-16
-1.601736740294017892e-16
-1.461266982227796030e-16
-1.330844343922850028e-16
-1.209607473232835075e-16
-1.096710561017967238e-16
-9.915833363345426649e-17
-8.939561313029347526e-17
-8.034948594889151674e-17
-7.197011731022275091e-17
-6.422437636922741390e-17
-5.707506507539631400e-17
-5.047948524780006571e-17
-4.441963885228220707e-17
-3.889107566324693414e-17
-3.386501832820174947e-17
-2.929290339982180155e-17
-2.510359501342784277e-17
-2.127821361582475828e-17
-1.792440952560485103e-17
-1.507322453226620023e-17
-1.258951810505379581e-17
-1.038691543601682696e-17
-8.436672183936559242e-18
