# d_a
# unit = Mpc
0.000000000000000000e+00
4.036359638825994267e+01
7.975836648233294568e+01
1.182114201084686727e+02
1.557488765660291108e+02
1.923959117321913368e+02
2.281768024439474800e+02
2.631149683372380537e+02
2.972330113098336710e+02
3.305527527623865467e+02
3.630952687609296277e+02
3.948809232537886942e+02
4.259293994664365641e+02
4.562597295890987539e+02
4.858903228638771452e+02
5.148389921707521353e+02
5.431229792049967955e+02
5.707589783321712957e+02
5.977631592010718578e+02
6.241511881895550005e+02
6.499382487531713650e+02
6.751390607418943546e+02
6.997678987459260043e+02
7.238386095275674279e+02
7.473646285924360200e+02
7.703589959498713142e+02
7.928343711091569048e+02
8.148030473552304329e+02
8.362769653447626297e+02
8.572677260609281120e+02
8.777866031627561370e+02
8.978445547627627548e+02
9.174522346644159825e+02
9.366200030890988728e+02
9.553579369203631586e+02
9.736758394916181487e+02
9.915832499417730332e+02
1.009089452161912277e+03
1.026203483354647688e+03
1.042934142226550648e+03
1.059289996832817451e+03
1.075279392092205171e+03
1.090910456989209706e+03
1.106191111479469100e+03
1.121129073113431105e+03
1.135731863392475589e+03
1.150006813870840233e+03
1.163961072015944410e+03
1.177601606838989255e+03
1.190935214307034130e+03
1.203968522547112343e+03
1.216707996852364658e+03
1.229159944499606581e+03
1.241330519387221557e+03
1.253225726501781537e+03
1.264851426221337761e+03
1.276213338462885986e+03
1.287317046681097509e+03
1.298168001725049862e+03
1.308771525559278871e+03
1.319132814855206107e+03
1.329256944458599264e+03
1.339148870738488085e+03
1.348813434822634918e+03
1.358255365724407511e+03
1.367479283365655647e+03
1.376489701499941702e+03
1.385291030540274733e+03
1.393887580295262296e+03
1.402283562617420330e+03
1.410483093967182640e+03
1.418490197895976053e+03
1.426308807451564689e+03
1.433942769467176504e+03
1.441395839012442593e+03
1.448671693256062099e+03
1.455773925833582553e+03
1.462706050839294448e+03
1.469471514324141936e+03
1.476073658346393358e+03
1.482515779517727651e+03
1.488801093166399824e+03
1.494932747666649675e+03
1.500913813522676719e+03
1.506747303949286788e+03
1.512436163926750169e+03
1.517983274914754247e+03
1.523391456387833159e+03
1.528663476926068597e+03
1.533802017362218294e+03
1.538809729515293839e+03
1.543689199437773595e+03
1.548442958259361376e+03
1.553073483485831048e+03
1.557583204326987470e+03
1.561974486702555623e+03
1.566249658725979771e+03
1.570410995711692067e+03
1.574460725340779163e+03
1.578401028765651290e+03
1.582234051248704645e+03
1.585961865025365569e+03
1.589586527500498050e+03
1.593110044193379281e+03
1.596534379201519641e+03
1.599861456144520162e+03
1.603093159083852697e+03
1.606231333419297698e+03
1.609277789951830982e+03
1.612234292997563216e+03
1.615102580296474571e+03
1.617884351122151656e+03
1.620581270241376615e+03
1.623194968683946627e+03
1.625727044493459289e+03
1.628179063459569306e+03
1.630552559832259476e+03
1.632849037018611398e+03
1.635069977792117925e+03
1.637216806882933724e+03
1.639290948665925043e+03
1.641293789810931912e+03
1.643226689382672930e+03
1.645090979442157732e+03
1.646887965633671911e+03
1.648618927757730262e+03
1.650285120330366226e+03
1.651887773129119523e+03
1.653428091726072125e+03
1.654907261965333191e+03
1.656326434657860091e+03
1.657686749775097269e+03
1.658989321150400428e+03
1.660235240894184926e+03
1.661425579856071181e+03
1.662561388076263029e+03
1.663643695226435739e+03
1.664673511040399490e+03
1.665651825734794102e+03
1.666579610420082190e+03
1.667457817502071066e+03
1.668287381074211680e+03
1.669069226571766649e+03
1.669804234089331203e+03
1.670493294292270321e+03
1.671137271771070345e+03
1.671737014634869865e+03
1.672293354853055234e+03
1.672807108589130848e+03
1.673279076527044253e+03
1.673710044190166172e+03
1.674100782253089164e+03
1.674452046846431131e+03
1.674764579854811018e+03
1.675039109208169975e+03
1.675276349166585760e+03
1.675477000598752056e+03
1.675641751254268456e+03
1.675771276029892078e+03
1.675866240259851793e+03
1.675927287856614385e+03
1.675955059721582302e+03
1.675950181886924383e+03
1.675913268777617304e+03
1.675844923444399228e+03
1.675745737791619604e+03
1.675616292800121073e+03
1.675457158745253537e+03
1.675268895410157938e+03
1.675052052294410032e+03
1.674807168818146465e+03
1.674534774521775944e+03
1.674235389261371665e+03
1.673909523399865293e+03
1.673557677994113192e+03
1.673180344977957247e+03
1.672778007341356670e+03
1.672351139305689458e+03
1.671900206495310840e+03
1.671425666105449409e+03
1.670927975848796905e+03
1.670407558997795832e+03
1.669864857203940801e+03
1.669300295554744025e+03
1.668714291496128681e+03
1.668107254980080143e+03
1.667479588609205393e+03
1.666831687778248124e+03
1.666163940812631836e+03
1.665476729104111428e+03
1.664770427243581480e+03
1.664045403151116261e+03
1.663302018203308307e+03
1.662540627357950598e+03
1.661761579276135080e+03
1.660965216441822804e+03
1.660151875278945681e+03
1.659321886266078536e+03
1.658475574048763292e+03
1.657613257549514628e+03
1.656735250075565091e+03
1.655841859424408085e+03
1.654933387987180595e+03
1.654010132849928368e+03
1.653072385892809734e+03
1.652120433887287163e+03
1.651154558591328623e+03
1.650175036842696272e+03
1.649182144195772253e+03
1.648176140831127896e+03
1.647157292910485012e+03
1.646125858486404013e+03
1.645082091130119125e+03
1.644026240014087534e+03
1.642958549992885992e+03
1.641879261682490096e+03
1.640788611537967881e+03
1.639686831929626123e+03
1.638574151217643248e+03
1.637450793825217488e+03
1.636316980310262124e+03
1.635172927435686461e+03
1.634018848238286409e+03
1.632854952096271063e+03
1.631681444795467542e+03
1.630498528594217532e+03
1.629306402286999628e+03
1.628105261266812477e+03
1.626895299895848893e+03
1.625676702301029991e+03
1.624449656368256683e+03
1.623214344484349340e+03
1.621970945928741457e+03
1.620719636928913133e+03
1.619460590714755881e+03
1.618193977571879486e+03
1.616919964893888846e+03
1.615638717233665375e+03
1.614350396353648875e+03
1.613055161275161936e+03
1.611753168326784134e+03
1.610444571191804698e+03
1.609129520954764985e+03
1.607808166147117390e+03
1.606480652792008414e+03
1.605147124448219074e+03
1.603807723567038238e+03
1.602462586279360494e+03
1.601111850320070289e+03
1.599755649813415175e+03
1.598394116626777304e+03
1.597027380409867419e+03
1.595655568633166922e+03
1.594278806625653033e+03
1.592897217611818178e+03
1.591510922747999984e+03
1.590120041158027334e+03
1.588724689968202028e+03
1.587324984341637901e+03
1.585921037511954864e+03
1.584512960816347231e+03
1.583100863728043350e+03
1.581684853888166117e+03
1.580265037137000263e+03
1.578841517544690987e+03
1.577414397441366191e+03
1.575983777446724162e+03
1.574549756499054638e+03
1.573112431883751697e+03
1.571671899261289809e+03
1.570228256466766197e+03
1.568781588447472359e+03
1.567331989925119160e+03
1.565879550330262873e+03
1.564424357600983058e+03
1.562966498207955738e+03
1.561506057179063873e+03
1.560043118123561499e+03
1.558577763255809032e+03
1.557110073418580441e+03
1.555640128105944541e+03
1.554168005485749518e+03
1.552693782421687501e+03
1.551217534494980555e+03
1.549739336025670582e+03
1.548259260093532703e+03
1.546777378558613691e+03
1.545293762081410705e+03
1.543808480142686221e+03
1.542321601062937134e+03
1.540833192021513469e+03
1.539343319075408772e+03
1.537852047177706027e+03
1.536359440195712523e+03
1.534865560928767991e+03
1.533370471125738959e+03
1.531874231502212069e+03
1.530376901757383621e+03
1.528878540590653756e+03
1.527379205717930745e+03
1.525878955402559768e+03
1.524377842410688572e+03
1.522875923118418996e+03
1.521373251465143994e+03
1.519869880484136502e+03
1.518365862317227993e+03
1.516861248229232160e+03
1.515356088622124844e+03
1.513850433048973855e+03
1.512344330227635055e+03
1.510837828054208330e+03
1.509330973616265965e+03
1.507823813205854094e+03
1.506316392332273608e+03
1.504808755734634815e+03
1.503300947394211107e+03
1.501793010546571395e+03
1.500284987693511084e+03
1.498776920614784558e+03
1.497268850379624610e+03
1.495760817358086797e+03
1.494252861232187570e+03
1.492745021006857996e+03
1.491237335020713999e+03
1.489729840956648559e+03
1.488222575852236332e+03
1.486715576109978201e+03
1.485208877507355510e+03
1.483702515206737417e+03
1.482196523765103166e+03
1.480690937143613837e+03
1.479185788717022888e+03
1.477681111282925258e+03
1.476176937070859367e+03
1.474673297751251084e+03
1.473170224444217411e+03
1.471667747728218046e+03
1.470165901022053049e+03
1.468664707097070732e+03
1.467164198332952310e+03
1.465664403225242268e+03
1.464165349769000159e+03
1.462667065466635904e+03
1.461169577335610938e+03
1.459672911916019302e+03
1.458177095278039133e+03
1.456682153029269784e+03
1.455188110321937302e+03
1.453694991859996890e+03
1.452202821906110103e+03
1.450711624288509711e+03
1.449221422407758155e+03
1.447732239243387994e+03
1.446244097360446858e+03
1.444757018915923481e+03
1.443271025665079151e+03
1.441786138967673423e+03
1.440302379794092303e+03
1.438819768731369777e+03
1.437338325989124996e+03
1.435858071405395322e+03
1.434379024452377053e+03
1.432901204242077256e+03
1.431424629531872370e+03
1.429949318729981542e+03
1.428475289900844928e+03
1.427002560770427635e+03
1.425531148731431358e+03
1.424061070848422332e+03
1.422592343862884718e+03
1.421124984198188031e+03
1.419659007964476814e+03
1.418194430963485502e+03
1.416731268693275752e+03
1.415269536352896921e+03
1.413809248846976743e+03
1.412350420790237877e+03
1.410893066511943061e+03
1.409437200060271152e+03
1.407982835206623122e+03
1.406529985449867354e+03
1.405078664020503084e+03
1.403628883884777224e+03
1.402180657748723434e+03
1.400733998062147521e+03
1.399288917022539408e+03
1.397845427623065689e+03
1.396403539479042365e+03
1.394963265098868078e+03
1.393524615708770170e+03
1.392087602301363177e+03
1.390652235639213359e+03
1.389218526258357087e+03
1.387786484471754648e+03
1.386356120372695614e+03
1.384927443838153295e+03
1.383500464532083242e+03
1.382075191908674697e+03
1.380651635215548822e+03
1.379229803496911245e+03
1.377809705596653885e+03
