# d_l
# unit = Mpc
0.000000000000000000e+00
4.117490467566396717e+01
8.298060448821919977e+01
1.254104955930744154e+02
1.684579848938170983e+02
2.121164926847409617e+02
2.563794552260193882e+02
3.012403272493038457e+02
3.466925843917900352e+02
3.927297255569915251e+02
4.393452752007249273e+02
4.865327855409931317e+02
5.342858386906981423e+02
5.825980487123201783e+02
6.314630635938948444e+02
6.808745671458195829e+02
7.308262808182435037e+02
7.813119654389091693e+02
8.323254228715723002e+02
8.838604975952287077e+02
9.359110782045665928e+02
9.884710988322074172e+02
1.041534540493436225e+03
1.095095432354256900e+03
1.149147852923729715e+03
1.203685931171673928e+03
1.258703847572897530e+03
1.314195835079251310e+03
1.370156180020859210e+03
1.426579222937990608e+03
1.483459359345057919e+03
1.540791040428377300e+03
1.598568773679278593e+03
1.656787123464307115e+03
1.715440711534204183e+03
1.774524217473474209e+03
1.834032379092303017e+03
1.893959992762693446e+03
1.954301913700590831e+03
2.015053056195918998e+03
2.076208393792322113e+03
2.137762959418512764e+03
2.199711845473042558e+03
2.262050203864366267e+03
2.324773246008010574e+03
2.387876242782680038e+03
2.451354524447082895e+03
2.515203480519254299e+03
2.579418559620121869e+03
2.643995269283046127e+03
2.708929175731002942e+03
2.774215903623076429e+03
2.839851135771891222e+03
2.905830612833547093e+03
2.972150132971625226e+03
3.038805551496764110e+03
3.105792780483279330e+03
3.173107788364236967e+03
3.240746599506414896e+03
3.308705293766412069e+03
3.376980006029328251e+03
3.445566925731134688e+03
3.514462296366088594e+03
3.583662414980258291e+03
3.653163631652366803e+03
3.722962348962997112e+03
3.793055021453240442e+03
3.863438155073771668e+03
3.934108306625348632e+03
4.005062083191613965e+03
4.076296141565157086e+03
4.147807187667623111e+03
4.219591975964708581e+03
4.291647314738312161e+03
4.363970042194070629e+03
4.436557060596689553e+03
4.509405312662105644e+03
4.582511786674425821e+03
4.655873545984612065e+03
4.729487608707679101e+03
4.803351125637437690e+03
4.877461261322442624e+03
4.951815233371009526e+03
5.026410270106092867e+03
5.101243672250704549e+03
5.176312771039302788e+03
5.251614937895083131e+03
5.327147583842614949e+03
5.402908192847496139e+03
5.478894186219580661e+03
5.555103123550209602e+03
5.631532568468942372e+03
5.708180121327309280e+03
5.785043418636373644e+03
5.862120147805049783e+03
5.939407985686467327e+03
6.016904688961722968e+03
6.094608033257504758e+03
6.172515827625990823e+03
6.250625914014854970e+03
6.328936204994818581e+03
6.407444530888978079e+03
6.486148866813032328e+03
6.565047181116497995e+03
6.644137472485044782e+03
6.723417769447345563e+03
6.802886129888237519e+03
6.882540640568350682e+03
6.962379430447601408e+03
7.042400615242655476e+03
7.122602379107453089e+03
7.202982919630933793e+03
7.283540460972843903e+03
7.364273253422195921e+03
7.445179572962243583e+03
7.526257720841858827e+03
7.607506023153390743e+03
7.688922830416938268e+03
7.770506562459259840e+03
7.852255527491238354e+03
7.934168191543078137e+03
8.016242998815571809e+03
8.098478415953563854e+03
8.180872931667906414e+03
8.263425056363514159e+03
8.346133321773510033e+03
8.428996280599376405e+03
8.512012506157039752e+03
8.595180592028815227e+03
8.678499172472404098e+03
8.761966839340078877e+03
8.845582265474897213e+03
8.929344122159916878e+03
9.013251099290440834e+03
9.097301905059901401e+03
9.181495265651163209e+03
9.265829924933159418e+03
9.350304644162821205e+03
9.434918201692165894e+03
9.519669392680549208e+03
9.604557028811928831e+03
9.689579938017130189e+03
9.774737018494894073e+03
9.860027021874089769e+03
9.945448876898459275e+03
1.003100147380585076e+04
1.011668371776437743e+04
1.020249452862300132e+04
1.028843284066658998e+04
1.037449760237532973e+04
1.046068777618853710e+04
1.054700233827268494e+04
1.063344027829357765e+04
1.072000059919266278e+04
1.080668231696743169e+04
1.089348446045572200e+04
1.098040607112398175e+04
1.106744620285932069e+04
1.115460392176537607e+04
1.124187832628711112e+04
1.132926846591071444e+04
1.141677346232939271e+04
1.150439242854460463e+04
1.159212448880789998e+04
1.167996877843808215e+04
1.176792444364164839e+04
1.185599064133653701e+04
1.194416653897903780e+04
1.203245131439391480e+04
1.212084415560757952e+04
1.220934426068428911e+04
1.229795083756537497e+04
1.238666310391132902e+04
1.247548028694685490e+04
1.256440162330860585e+04
1.265342635889580197e+04
1.274255374872351786e+04
1.283178305677862591e+04
1.292111355587836260e+04
1.301054452753142868e+04
1.310007533065456664e+04
1.318970512660249733e+04
1.327943329042862206e+04
1.336925913706838946e+04
1.345918198949117323e+04
1.354920117857570222e+04
1.363931604298786078e+04
1.372952592906065365e+04
1.381983019067629175e+04
1.391022818915044627e+04
1.400071929311852000e+04
1.409130287842396865e+04
1.418197832800868673e+04
1.427274503180526699e+04
1.436360238663120072e+04
1.445454979608496433e+04
1.454558667044401045e+04
1.463671242656444883e+04
1.472792648778263720e+04
1.481922828381841646e+04
1.491061725068008673e+04
1.500209283057107859e+04
1.509365447179828152e+04
1.518530162868190746e+04
1.527703376146698974e+04
1.536885033623648633e+04
1.546075082482576363e+04
1.555273470473872476e+04
1.564480149269877438e+04
1.573695061026969051e+04
1.582918158486976245e+04
1.592149391586634738e+04
1.601388710789703327e+04
1.610636067079401437e+04
1.619891411950986003e+04
1.629154697404450781e+04
1.638425875937353339e+04
1.647704900537761932e+04
1.656991724677329694e+04
1.666286302304479614e+04
1.675588587837708474e+04
1.684898536159005744e+04
1.694216102607385255e+04
1.703541242972518376e+04
1.712873913488490143e+04
1.722214070827642354e+04
1.731561672094531605e+04
1.740916674819989930e+04
1.750279039439950066e+04
1.759648719337657894e+04
1.769025675785031490e+04
1.778409867960498013e+04
1.787801255440495879e+04
1.797199798194102550e+04
1.806605456577752921e+04
1.816018191330041736e+04
1.825437963566604594e+04
1.834864734775101533e+04
1.844298466810262471e+04
1.853739121889029047e+04
1.863186662585762315e+04
1.872641051827542469e+04
1.882102252889531155e+04
1.891570229390422537e+04
1.901044945287950759e+04
1.910526364874492720e+04
1.920014454345515696e+04
1.929509175513115406e+04
1.939010495211618036e+04
1.948518379029237985e+04
1.958032792867801982e+04
1.967553702938760398e+04
1.977081075759239320e+04
1.986614878148159914e+04
1.996155077222426189e+04
2.005701640393166963e+04
2.015254535362037495e+04
2.024813730117573505e+04
2.034379192931616853e+04
2.043950892355782344e+04
2.053528797217986357e+04
2.063112876619023154e+04
2.072703099929208474e+04
2.082299436785053695e+04
2.091901857086014206e+04
2.101510330991259980e+04
2.111124828916533806e+04
2.120745321531011359e+04
2.130371779754251838e+04
2.140004174753164989e+04
2.149642483103003178e+04
2.159286666154985505e+04
2.168936700937977002e+04
2.178592559578991495e+04
2.188254214437951305e+04
2.197921638104937665e+04
2.207594803397473152e+04
2.217273683357836853e+04
2.226958251250430112e+04
2.236648480559183008e+04
2.246344344984983763e+04
2.256045818443168901e+04
2.265752875061023224e+04
2.275465489175342373e+04
2.285183635330012839e+04
2.294907288273638915e+04
2.304636422957191826e+04
2.314371014531707988e+04
2.324111038346005444e+04
2.333856469944447235e+04
2.343607285064721873e+04
2.353363459635675827e+04
2.363124969775150021e+04
2.372891791787875991e+04
2.382663902163382227e+04
2.392441277573934713e+04
2.402223894872509118e+04
2.412011731090795001e+04
2.421804763437218935e+04
2.431602969295003277e+04
2.441406328644095629e+04
2.451214814374810885e+04
2.461028406796289346e+04
2.470847083972024848e+04
2.480670824130988331e+04
2.490499605665832860e+04
2.500333407131137574e+04
2.510172207241663637e+04
2.520015984870643661e+04
2.529864719048090046e+04
2.539718388959123695e+04
2.549576973942331824e+04
2.559440453488145067e+04
2.569308807237235669e+04
2.579182014978935331e+04
2.589060056649680337e+04
2.598942912331474872e+04
2.608830562250369258e+04
2.618722986774976016e+04
2.628620166414972118e+04
2.638522081819665254e+04
2.648428713776541554e+04
2.658340043209853684e+04
2.668256051179214046e+04
2.678176718878225074e+04
2.688102027633101898e+04
2.698031958901343751e+04
2.707966494270385374e+04
2.717905615456308806e+04
2.727849304302533346e+04
2.737797542778541538e+04
2.747750312978629518e+04
2.757707597120646824e+04
2.767669377544783492e+04
2.777635636712346241e+04
2.787606357204569940e+04
2.797581521721432364e+04
2.807561119522804438e+04
2.817545120683304413e+04
2.827533514669249780e+04
2.837526284644069528e+04
2.847523413884249385e+04
2.857524885778238604e+04
2.867530683825362576e+04
2.877540791634763082e+04
2.887555192924337462e+04
2.897573871519702152e+04
2.907596811353160592e+04
2.917623996462688956e+04
2.927655410990937162e+04
2.937691039184232068e+04
2.947730865391603948e+04
2.957774874063811149e+04
2.967823049752398583e+04
2.977875377108744942e+04
2.987931840883129917e+04
2.997992425923821793e+04
3.008057117176163956e+04
3.018125899681670853e+04
3.028198758577148328e+04
3.038275679093816143e+04
3.048356646556435226e+04
3.058441646382459294e+04
3.068530664081179202e+04
3.078623685252901851e+04
3.088720695588102535e+04
3.098821680866630049e+04
3.108926626956891050e+04
3.119035519815048247e+04
3.129148345484239326e+04
3.139265090093797699e+04
3.149385739858475063e+04
3.159510281077692343e+04
3.169638700134779720e+04
3.179770983496235203e+04
3.189907117710991224e+04
3.200047089409688851e+04
3.210190885303958567e+04
3.220338492185709038e+04
3.230489896926427900e+04
3.240645086476494180e+04
3.250804047864476524e+04
3.260966768196470366e+04
3.271133234655419437e+04
3.281303434500464209e+04
3.291477355066267774e+04
3.301654986228575581e+04
3.311836310547050380e+04
3.322021318037048331e+04
3.332209996328968555e+04
3.342402333125573205e+04
3.352598316201371927e+04
3.362797933402029594e+04
3.373001172643754398e+04
3.383208021912710683e+04
3.393418469264435407e+04
3.403632502823249524e+04
3.413850110781699186e+04
3.424071281399970030e+04
3.434296003005344392e+04
3.444524263991634507e+04
