# d_m
# unit = Mpc
0.000000000000000000e+00
4.076723235214254260e+01
8.135353381197960232e+01
1.217577627117227337e+02
1.619788316286702923e+02
2.020157073188009065e+02
2.418674105905843419e+02
2.815330161208447066e+02
3.210116522146203693e+02
3.603025005110013694e+02
3.994047956370226302e+02
4.383178248117054636e+02
4.770409274024090109e+02
5.155734944356815959e+02
5.539149680648199592e+02
5.920648409963648646e+02
6.300226558777961827e+02
6.677880046486403671e+02
7.053605278572647421e+02
7.427399139455703789e+02
7.799258985038055698e+02
8.169182634976921236e+02
8.537168364700297616e+02
8.903214897189079693e+02
9.267321394546206648e+02
9.629487449373391428e+02
9.989713075975377023e+02
1.034799870141142719e+03
1.070434515641296230e+03
1.105875366618597354e+03
1.141122584111582910e+03
1.176176366739219247e+03
1.211036949757029106e+03
1.245704604108501599e+03
1.280179635473286680e+03
1.314462383313684541e+03
1.348553219920811216e+03
1.382452549461819899e+03
1.416160807029413718e+03
1.449678457694905546e+03
1.483005995565944431e+03
1.516143942850009125e+03
1.549092848924677810e+03
1.581853289415640802e+03
1.614425865283340727e+03
1.646811201919089626e+03
1.679009948251426749e+03
1.711022775863438255e+03
1.742850378121704125e+03
1.774493469317480731e+03
1.805952783820668628e+03
1.837229075247070568e+03
1.868323115639401976e+03
1.899235694662449077e+03
1.929967618812743694e+03
1.960519710643073495e+03
1.990892808002102129e+03
2.021087763289322993e+03
2.051105442725578996e+03
2.080946725639253145e+03
2.110612503768330043e+03
2.140103680578344665e+03
2.169421170596350748e+03
2.198565898760894925e+03
2.227538799788028427e+03
2.256340817553331817e+03
2.284972904489903613e+03
2.313436021002258713e+03
2.341731134896040658e+03
2.369859220823440410e+03
2.397821259744210238e+03
2.425618238402119005e+03
2.453251148816691057e+03
2.480720991178215172e+03
2.508028759881649876e+03
2.535175463198108446e+03
2.562162109467105438e+03
2.588989709985551144e+03
2.615659295496972845e+03
2.642171848440043959e+03
2.668528403131909727e+03
2.694729978631183712e+03
2.720777600753302067e+03
2.746672278746498705e+03
2.772415039266687472e+03
2.798006903264487846e+03
2.823448891341442504e+03
2.848742023445248378e+03
2.873887336621008672e+03
2.898885812814592555e+03
2.923738486079058021e+03
2.948446370926147665e+03
2.973010479857973678e+03
2.997431823127654297e+03
3.021711416394355638e+03
3.045850249069983420e+03
3.069849331102920132e+03
3.093709661552033140e+03
3.117432236174742684e+03
3.141018047243645924e+03
3.164468102497409291e+03
3.187783348700984334e+03
3.210964785551006116e+03
3.234013389712560183e+03
3.256930133571100214e+03
3.279715985096266195e+03
3.302371907712736629e+03
3.324898860177946517e+03
3.347297803099808334e+03
3.369569672364907092e+03
3.391715418622596644e+03
3.413735980867740636e+03
3.435632292911718650e+03
3.457405283296805919e+03
3.479055875216002278e+03
3.500584986438073884e+03
3.521993529237680832e+03
3.543282410330386483e+03
3.564452551586816753e+03
3.585504807073624761e+03
3.606440087065035186e+03
3.627259275482159410e+03
3.647963250429533673e+03
3.668552884156011714e+03
3.689029043019425444e+03
3.709392587454893146e+03
3.729644371946627416e+03
3.749785245003101409e+03
3.769816049135444700e+03
3.789737629900613229e+03
3.809550799713078050e+03
3.829256391980474746e+03
3.848855225068929485e+03
3.868348111283451090e+03
3.887735856863206209e+03
3.907019261979218300e+03
3.926199120734388998e+03
3.945276221165746847e+03
3.964251345248809685e+03
3.983125268903995675e+03
4.001898762004970195e+03
4.020572588388850363e+03
4.039147528303675244e+03
4.057624288837074346e+03
4.076003638073139427e+03
4.094286315839122835e+03
4.112473056001779696e+03
4.130564586487045744e+03
4.148561629301044377e+03
4.166464900552340623e+03
4.184275110475415204e+03
4.201992963455253630e+03
4.219619158053006686e+03
4.237154387032672275e+03
4.254599337388752247e+03
4.271954690374793245e+03
4.289221121532805228e+03
4.306399300723470333e+03
4.323489892157122085e+03
4.340493562273016323e+03
4.357410948427197582e+03
4.374242705873330124e+03
4.390989476543742057e+03
4.407651896885133283e+03
4.424230597893213599e+03
4.440726205147791916e+03
4.457139338848322041e+03
4.473470613849826805e+03
4.489720639699222374e+03
4.505890020671962702e+03
4.521979355808995933e+03
4.537989238954012762e+03
4.553920258790930347e+03
4.569772998881631793e+03
4.585548037703870250e+03
4.601245948689382203e+03
4.616867300262144454e+03
4.632412655876760255e+03
4.647882574056964586e+03
4.663277608434204012e+03
4.678598332376631333e+03
4.693845240783806730e+03
4.709018897315113463e+03
4.724119836419925377e+03
4.739148587849004798e+03
4.754105676693228816e+03
4.768991623422328303e+03
4.783806943923572362e+03
4.798552149540379105e+03
4.813227747110881865e+03
4.827834239006386269e+03
4.842372123169748193e+03
4.856841893153659839e+03
4.871244038158794865e+03
4.885579043071837077e+03
4.899847388503377260e+03
4.914049550825679034e+03
4.928186002210252809e+03
4.942257210665314233e+03
4.956263640073048919e+03
4.970205750226695272e+03
4.984083996867468159e+03
4.997898831721285205e+03
5.011650702535283017e+03
5.025340053114141483e+03
5.038967323356225279e+03
5.052532949289465250e+03
5.066037363107076999e+03
5.079481004122978447e+03
5.092864275168184577e+03
5.106187608022503809e+03
5.119451419892716331e+03
5.132656124325972087e+03
5.145802131244094198e+03
5.158889846977662273e+03
5.171919674299843791e+03
5.184892012459979014e+03
5.197807257216914877e+03
5.210665800872106047e+03
5.223468032302444044e+03
5.236214336992838980e+03
5.248905097068553914e+03
5.261540691327282730e+03
5.274121495270955165e+03
5.286647881137315380e+03
5.299120217931206753e+03
5.311538871455618391e+03
5.323904204342476987e+03
5.336216583658384479e+03
5.348476350570388604e+03
5.360683866015247077e+03
5.372839480243196704e+03
5.384943540483421202e+03
5.396996390973280540e+03
5.408998372987284711e+03
5.420949824865796472e+03
5.432851082043466704e+03
5.444702477077452386e+03
5.456504339675332631e+03
5.468256996722799158e+03
5.479960772311065739e+03
5.491615987764053898e+03
5.503222961665295770e+03
5.514782009884613217e+03
5.526293445604508634e+03
5.537757579346355669e+03
5.549174723541952517e+03
5.560545174389380918e+03
5.571869239113844742e+03
5.583147217848819309e+03
5.594379408193720337e+03
5.605566105238634009e+03
5.616707601588747821e+03
5.627804187388554965e+03
5.638856150345836795e+03
5.649863775755399729e+03
5.660827346522577500e+03
5.671747143186480571e+03
5.682623443943063648e+03
5.693456524667917620e+03
5.704246658938850487e+03
5.714994118058236381e+03
5.725699171075161757e+03
5.736362084807310566e+03
5.746983123862675711e+03
5.757562550660986744e+03
5.768100625455010231e+03
5.778597606351529976e+03
5.789053749332206280e+03
5.799469308274159630e+03
5.809844548927035248e+03
5.820179693140122254e+03
5.830475002521443457e+03
5.840730722731880633e+03
5.850947097427677363e+03
5.861124368279834016e+03
5.871262774993279891e+03
5.881362555325827088e+03
5.891423945106957945e+03
5.901447178256419647e+03
5.911432486802588755e+03
5.921380100900705656e+03
5.931290248850846183e+03
5.941163157115775903e+03
5.950999050338575216e+03
5.960798151360100746e+03
5.970560681236248456e+03
5.980286859255059426e+03
5.989976902953622812e+03
5.999631028134826011e+03
6.009249448883902005e+03
6.018832377584848473e+03
6.028380024936607697e+03
6.037892599969150069e+03
6.047370310059345684e+03
6.056813360946669491e+03
6.066221956748760022e+03
6.075596299976813498e+03
6.084936591550801495e+03
6.094243030814543999e+03
6.103515821610239072e+03
6.112755148066860784e+03
6.121961210936044154e+03
6.131134203404529217e+03
6.140274317155911376e+03
6.149381742384773133e+03
6.158456667810683030e+03
6.167499280692048160e+03
6.176509766839812983e+03
6.185488310631027161e+03
6.194435095022253336e+03
6.203350301562852110e+03
6.212234110408118795e+03
6.221086700332290093e+03
6.229908248741388888e+03
6.238698931685976277e+03
6.247458923873737149e+03
6.256188398681941180e+03
6.264887528169799225e+03
6.273556483090625989e+03
6.282195432903964502e+03
6.290804545787509596e+03
6.299383988648941340e+03
6.307933927137621140e+03
6.316454525656190526e+03
6.324945947372004412e+03
6.333408354228507051e+03
6.341841906956407001e+03
6.350246765084834806e+03
6.358623086952292397e+03
6.366971029717538840e+03
6.375290749370369667e+03
6.383582400742237951e+03
6.391846137516820818e+03
6.400082112240429524e+03
6.408290476332344952e+03
6.416471380095029417e+03
6.424624987466371749e+03
6.432751417085170033e+03
6.440850830681661137e+03
6.448923374191066614e+03
6.456969192481290520e+03
6.464988429362530951e+03
6.472981227596756071e+03
6.480947728907124656e+03
6.488888073987274765e+03
6.496802402510543288e+03
6.504690853139060891e+03
6.512553563532786939e+03
6.520390670358434363e+03
6.528202309298293585e+03
6.535988615058989126e+03
6.543749721380113442e+03
6.551485761042823469e+03
6.559196865878292556e+03
6.566883166776109647e+03
6.574544793692591156e+03
6.582181875659001889e+03
6.589794540789674102e+03
6.597382916290083813e+03
6.604947128464817979e+03
6.612487302725457084e+03
6.620003563598396795e+03
6.627496034732568660e+03
6.634964838907115336e+03
6.642410098038929391e+03
6.649831933190193013e+03
6.657230464575784026e+03
6.664605811570616424e+03
6.671958092716929059e+03
6.679287425731484291e+03
6.686593927512685696e+03
6.693877714147652114e+03
6.701138900919195294e+03
6.708377602312732051e+03
6.715593932023139132e+03
6.722788002961531674e+03
6.729959927261968005e+03
6.737109816288095317e+03
6.744237780639724406e+03
6.751343930159363481e+03
6.758428373938620098e+03
6.765491220324626738e+03
6.772532576926334514e+03
6.779552550620794136e+03
6.786551247559315925e+03
6.793528778248098206e+03
6.800485237262936607e+03
6.807420733682475657e+03
6.814335370815886563e+03
6.821229251276679861e+03
6.828102476988538001e+03
6.834955149191117016e+03
6.841787368445749962e+03
6.848599234641115800e+03
6.855390846998859161e+03
6.862162304079132809e+03
6.868913703786113729e+03
6.875645143373433712e+03
6.882356719449587217e+03
6.889048527983269196e+03
