# h
# unit = 1.0/Mpc
2.447542813594097508e-04
2.458394034529835077e-04
2.469413173289968801e-04
2.480600117798671548e-04
2.491954724091288123e-04
2.503476817123270444e-04
2.515166191588333300e-04
2.527022612744336144e-04
2.539045817245408256e-04
2.551235513978882897e-04
2.563591384905639634e-04
2.576113085902495287e-04
2.588800247605323982e-04
2.601652476251626982e-04
2.614669354521347196e-04
2.627850442374723267e-04
2.641195277886087666e-04
2.654703378072509399e-04
2.668374239716276284e-04
2.682207340180243712e-04
2.696202138215127251e-04
2.710358074757902619e-04
2.724674573720466814e-04
2.739151042767855120e-04
2.753786874085271323e-04
2.768581445133315834e-04
2.783534119390795370e-04
2.798644247084584543e-04
2.813911165906036300e-04
2.829334201713504270e-04
2.844912669220567747e-04
2.860645872669623723e-04
2.876533106490521824e-04
2.892573655943995472e-04
2.908766797749659429e-04
2.925111800698381825e-04
2.941607926248911392e-04
2.958254429108634156e-04
2.975050557798384764e-04
2.991995555201295643e-04
3.009088659095648759e-04
3.026329102671776049e-04
3.043716115033037262e-04
3.061248921680975493e-04
3.078926744984720890e-04
3.096748804634797563e-04
3.114714318081457313e-04
3.132822500957708751e-04
3.151072567487231023e-04
3.169463730877368902e-04
3.187995203697416898e-04
3.206666198242423831e-04
3.225475926882770514e-04
3.244423602399754180e-04
3.263508438307445819e-04
3.282729649161105043e-04
3.302086450852412670e-04
3.321578060891808900e-04
3.341203698678241185e-04
3.360962585756592318e-04
3.380853946063114529e-04
3.400877006159137936e-04
3.421030995453392710e-04
3.441315146413211653e-04
3.461728694764949852e-04
3.482270879683904371e-04
3.502940943974039737e-04
3.523738134237830379e-04
3.544661701036519799e-04
3.565710899041074048e-04
3.586884987174148776e-04
3.608183228743352326e-04
3.629604891566078051e-04
3.651148872450766581e-04
3.672815195549950645e-04
3.694602771529798772e-04
3.716510887336893650e-04
3.738538834935319684e-04
3.760685911386788243e-04
3.782951418924258781e-04
3.805334665019247196e-04
3.827834962443126075e-04
3.850451629322597358e-04
3.873183989189627982e-04
3.896031371026017630e-04
3.918993109302879420e-04
3.942068544015172281e-04
3.965257020711592949e-04
3.988557890519918653e-04
4.011970510168108941e-04
4.035494242001259348e-04
4.059128453994675250e-04
4.082872519763185160e-04
4.106725818566909223e-04
4.130687735313618445e-04
4.154757660557891722e-04
4.178934990497173139e-04
4.203219126964942041e-04
4.227609477421092363e-04
4.252105454939706080e-04
4.276706478194316195e-04
4.301411971440846811e-04
4.326221364498299702e-04
4.351134092727354866e-04
4.376149597006979411e-04
4.401267323709174856e-04
4.426486724671966949e-04
4.451807257170739356e-04
4.477228383888010987e-04
4.502749572881779459e-04
4.528370297552495758e-04
4.554090036608762792e-04
4.579908274031871136e-04
4.605824499039221304e-04
4.631838206046742052e-04
4.657948894630343194e-04
4.684156069486528160e-04
4.710459240392183113e-04
4.736857922163646684e-04
4.763351634615107513e-04
4.789939902516383245e-04
4.816622255550170981e-04
4.843398228268782735e-04
4.870267360050458587e-04
4.897229195055262429e-04
4.924283282180667073e-04
4.951429175016817908e-04
4.978666431801560734e-04
5.005994615375242455e-04
5.033413293135345894e-04
5.060922036991003176e-04
5.088520423317386592e-04
5.116208032910053933e-04
5.143984450939241776e-04
5.171849266904182630e-04
5.199802074587417736e-04
5.227842472009185766e-04
5.255970061381873325e-04
5.284184449064585794e-04
5.312485245517827677e-04
5.340872065258334741e-04
5.369344526814081794e-04
5.397902252679463936e-04
5.426544869270689226e-04
5.455272006881400123e-04
5.484083299638509591e-04
5.512978385458303923e-04
5.541956906002820952e-04
5.571018506636483047e-04
5.600162836383029349e-04
5.629389547882757009e-04
5.658698297350065994e-04
5.688088744531318323e-04
5.717560552663038817e-04
5.747113388430446536e-04
5.776746921926332072e-04
5.806460826610293719e-04
5.836254779268304320e-04
5.866128459972679270e-04
5.896081552042384960e-04
5.926113742003734277e-04
5.956224719551443149e-04
5.986414177510084988e-04
6.016681811795913763e-04
6.047027321379090398e-04
6.077450408246268037e-04
6.107950777363590393e-04
6.138528136640082579e-04
6.169182196891412730e-04
6.199912671804073223e-04
6.230719277899932681e-04
6.261601734501186971e-04
6.292559763695721115e-04
6.323593090302848498e-04
6.354701441839424132e-04
6.385884548486399186e-04
6.417142143055715956e-04
6.448473960957627846e-04
6.479879740168386889e-04
6.511359221198317242e-04
6.542912147060292016e-04
6.574538263238575465e-04
6.606237317658050084e-04
6.638009060653822079e-04
6.669853244941206316e-04
6.701769625586082068e-04
6.733757959975615213e-04
6.765818007789357750e-04
6.797949530970706167e-04
6.830152293698727372e-04
6.862426062360333723e-04
6.894770605522827778e-04
6.927185693906795071e-04
6.959671100359346007e-04
6.992226599827702522e-04
7.024851969333137120e-04
7.057546987945245839e-04
7.090311436756552982e-04
7.123145098857470384e-04
7.156047759311560258e-04
7.189019205131143894e-04
7.222059225253229121e-04
7.255167610515752185e-04
7.288344153634149225e-04
7.321588649178218311e-04
7.354900893549320843e-04
7.388280684957863756e-04
7.421727823401089641e-04
7.455242110641185612e-04
7.488823350183654564e-04
7.522471347256008429e-04
7.556185908786722727e-04
7.589966843384509873e-04
7.623813961317833180e-04
7.657727074494735274e-04
7.691705996442920216e-04
7.725750542290108847e-04
7.759860528744672763e-04
7.794035774076512246e-04
7.828276098098221501e-04
7.862581322146489169e-04
7.896951269063755795e-04
7.931385763180138007e-04
7.965884630295578216e-04
8.000447697662264272e-04
8.035074793967252960e-04
8.069765749315372131e-04
8.104520395212335337e-04
8.139338564548074390e-04
8.174220091580344056e-04
8.209164811918494807e-04
8.244172562507524199e-04
8.279243181612293062e-04
8.314376508802010565e-04
8.349572384934884082e-04
8.384830652143020592e-04
8.420151153817489629e-04
8.455533734593647516e-04
8.490978240336603637e-04
8.526484518126937161e-04
8.562052416246561208e-04
8.597681784164828804e-04
8.633372472524779772e-04
8.669124333129619650e-04
8.704937218929351475e-04
8.740810984007610319e-04
8.776745483568661535e-04
8.812740573924585487e-04
8.848796112482636839e-04
8.884911957732764300e-04
8.921087969235326617e-04
8.957324007608939752e-04
8.993619934518521384e-04
9.029975612663476356e-04
9.066390905766036085e-04
9.102865678559803964e-04
9.139399796778382079e-04
9.175993127144213687e-04
9.212645537357540618e-04
9.249356896085530891e-04
9.286127072951534276e-04
9.322955938524493972e-04
9.359843364308498151e-04
9.396789222732482207e-04
9.433793387140029666e-04
9.470855731779368250e-04
9.507976131793451600e-04
9.545154463210199286e-04
9.582390602932859330e-04
9.619684428730488918e-04
9.657035819228592310e-04
9.694444653899827059e-04
9.731910813054911891e-04
9.769434177833579043e-04
9.807014630195704397e-04
9.844652052912494008e-04
9.882346329557873364e-04
9.920097344499889669e-04
9.957904982892311439e-04
9.995769130666290990e-04
1.003368967452214402e-03
1.007166650192125061e-03
1.010969950107805599e-03
1.014778856095216236e-03
1.018593357124054433e-03
1.022413442236985975e-03
1.026239100548883209e-03
1.030070321246079985e-03
1.033907093585627887e-03
1.037749406894568089e-03
1.041597250569210138e-03
1.045450614074421155e-03
1.049309486942922622e-03
1.053173858774597354e-03
1.057043719235806895e-03
1.060919058058712797e-03
1.064799865040611578e-03
1.068686130043277911e-03
1.072577842992310628e-03
1.076474993876494132e-03
1.080377572747163268e-03
1.084285569717579256e-03
1.088198974962309527e-03
1.092117778716620788e-03
1.096041971275874254e-03
1.099971542994932373e-03
1.103906484287572268e-03
1.107846785625903529e-03
1.111792437539798565e-03
1.115743430616325787e-03
1.119699755499191460e-03
1.123661402888187846e-03
1.127628363538650449e-03
1.131600628260916999e-03
1.135578187919800532e-03
1.139561033434060948e-03
1.143549155775888714e-03
1.147542545970394205e-03
1.151541195095100297e-03
1.155545094279444504e-03
1.159554234704284576e-03
1.163568607601412133e-03
1.167588204253072574e-03
1.171613015991486949e-03
1.175643034198386181e-03
1.179678250304543562e-03
1.183718655789319386e-03
1.187764242180205801e-03
1.191815001052381855e-03
1.195870924028269834e-03
1.199932002777100073e-03
1.203998229014477915e-03
1.208069594501958929e-03
1.212146091046628019e-03
1.216227710500681573e-03
1.220314444761017849e-03
1.224406285768831273e-03
1.228503225509208676e-03
1.232605256010733561e-03
1.236712369345095795e-03
1.240824557626700637e-03
1.244941813012289712e-03
1.249064127700559796e-03
1.253191493931789854e-03
1.257323903987471545e-03
1.261461350189943629e-03
1.265603824902029623e-03
1.269751320526684574e-03
1.273903829506636831e-03
1.278061344324045012e-03
1.282223857500148665e-03
1.286391361594931308e-03
1.290563849206779979e-03
1.294741312972155214e-03
1.298923745565261009e-03
1.303111139697718046e-03
1.307303488118242984e-03
1.311500783612332089e-03
1.315703019001943346e-03
1.319910187145188546e-03
1.324122280936024937e-03
1.328339293303949483e-03
1.332561217213701788e-03
1.336788045664963342e-03
1.341019771692066737e-03
1.345256388363703145e-03
1.349497888782635446e-03
1.353744266085414811e-03
1.357995513442099029e-03
1.362251624055974301e-03
1.366512591163282237e-03
1.370778408032944469e-03
1.375049067966298971e-03
1.379324564296828797e-03
1.383604890389903167e-03
1.387890039642515963e-03
1.392180005483028334e-03
1.396474781370914348e-03
1.400774360796510319e-03
1.405078737280763710e-03
1.409387904374988535e-03
1.413701855660622498e-03
1.418020584748982613e-03
1.422344085281031885e-03
1.426672350927138833e-03
1.431005375386846124e-03
1.435343152388641151e-03
1.439685675689725752e-03
1.444032939075788309e-03
1.448384936360786043e-03
1.452741661386717760e-03
1.457103108023409185e-03
1.461469270168294166e-03
1.465840141746201086e-03
1.470215716709142098e-03
1.474595989036099966e-03
1.478980952732822721e-03
1.483370601831621345e-03
1.487764930391157706e-03
1.492163932496252650e-03
1.496567602257681956e-03
