# mu
-inf
3.307316301202243380e+01
3.459488297103199983e+01
3.549166942040866957e+01
3.613245800662830476e+01
3.663287218754998520e+01
3.704441610190433209e+01
3.739456555360433043e+01
3.769972276189939464e+01
3.797046887045697616e+01
3.821402980140135242e+01
3.843556055498267199e+01
3.863886831654440357e+01
3.882684512858756420e+01
3.900173976142034604e+01
3.916533556093051516e+01
3.931907078186118554e+01
3.946412237691905744e+01
3.960146580047590703e+01
3.973191862197984392e+01
3.985617293984652321e+01
3.997481987911752555e+01
4.008836838532647562e+01
4.019725983761080812e+01
4.030187954978561038e+01
4.040256592234890576e+01
4.049961779869464351e+01
4.059330043250043474e+01
4.068385036956062351e+01
4.077147947277811824e+01
4.085637826471037926e+01
4.093871872200773510e+01
4.101865662620684816e+01
4.109633355282712586e+01
4.117187856358297182e+01
4.124540965336684906e+01
4.131703499346659214e+01
4.138685400452447993e+01
4.145495828648784453e+01
4.152143242784411825e+01
4.158635471248098270e+01
4.164979773934101814e+01
4.171182896748071300e+01
4.177251119706590998e+01
4.183190299514063071e+01
4.189005907361551806e+01
4.194703062577651309e+01
4.200286562666548207e+01
4.205760910189576407e+01
4.211130336880684411e+01
4.216398825331036448e+01
4.221570128531460853e+01
4.226647787522236399e+01
4.231635147366453253e+01
4.236535371634833780e+01
4.241351455565842343e+01
4.246086238044175332e+01
4.250742412523056402e+01
4.255322537000446914e+01
4.259829043146130800e+01
4.264264244665227466e+01
4.268630344973771429e+01
4.272929444253411191e+01
4.277163545944750211e+01
4.281334562732308768e+01
4.285444322068329370e+01
4.289494571277603541e+01
4.293486982281054054e+01
4.297423155971917197e+01
4.301304626274867360e+01
4.305132863915436303e+01
4.308909279924287006e+01
4.312635228898578532e+01
4.316312012337018444e+01
4.319940880289675533e+01
4.323523035775774304e+01
4.327059636076621985e+01
4.330551795342067578e+01
4.334000588159094036e+01
4.337407045975169950e+01
4.340772167393296144e+01
4.344096914373030671e+01
4.347382215762043955e+01
4.350628967035885353e+01
4.353838034534299339e+01
4.357010255027441303e+01
4.360146437490319471e+01
4.363247364345166091e+01
4.366313793997390036e+01
4.369346456497268605e+01
4.372346062743133643e+01
4.375313300041526077e+01
4.378248834399327194e+01
4.381153311410818674e+01
4.384027357664822944e+01
4.386871579278233213e+01
4.389686566042833960e+01
4.392472889885546294e+01
4.395231106113796926e+01
4.397961754063419448e+01
4.400665359027163959e+01
4.403342427597230824e+01
4.405993456079477966e+01
4.408618925793473409e+01
4.411219304885163695e+01
4.413795048809625143e+01
4.416346600791537469e+01
4.418874392264610407e+01
4.421378843721436169e+01
4.423860363394666706e+01
4.426319350216682125e+01
4.428756192469641917e+01
4.431171268564223453e+01
4.433564947374686938e+01
4.435937588559617240e+01
4.438289542869090099e+01
4.440621152438943398e+01
4.442932751072822128e+01
4.445224665778178519e+01
4.447497211967660746e+01
4.449750701288428445e+01
4.451985436811807517e+01
4.454201714523895816e+01
4.456399823545899608e+01
4.458580046345869619e+01
4.460742658942223926e+01
4.462887931099443506e+01
4.465016126516311346e+01
4.467127503007035472e+01
4.469222313194794793e+01
4.471300802604206126e+01
4.473363212933767841e+01
4.475409780139251836e+01
4.477440735101485814e+01
4.479456303771013381e+01
4.481456707307597753e+01
4.483442162214762305e+01
4.485412880469601049e+01
4.487369069648052289e+01
4.489310933045824470e+01
4.491238669795163929e+01
4.493152474977625843e+01
4.495052540939175856e+01
4.496939052573786455e+01
4.498812194653338281e+01
4.500672147110181953e+01
4.502519086335497178e+01
4.504353185271320115e+01
4.506174613499577930e+01
4.507983537328255608e+01
4.509780119874794480e+01
4.511564521146843276e+01
4.513336898120446250e+01
4.515097404815784898e+01
4.516846192370553581e+01
4.518583409111057847e+01
4.520309200621127843e+01
4.522023709808924963e+01
4.523727076971711369e+01
4.525419440251273073e+01
4.527100934125206777e+01
4.528771691819358125e+01
4.530431843797074976e+01
4.532081518206715742e+01
4.533720840935700380e+01
4.535349935662981125e+01
4.536968923910005458e+01
4.538577925090206833e+01
4.540177056557085677e+01
4.541766433650926160e+01
4.543346169744192764e+01
4.544916376285655701e+01
4.546477162843279984e+01
4.548028637145932862e+01
4.549570905123937337e+01
4.551104070948510838e+01
4.552628237070133821e+01
4.554143504255877417e+01
4.555649971625724248e+01
4.557147736687914374e+01
4.558636896514657622e+01
4.560117543212118107e+01
4.561589770795695387e+01
4.563053670661736305e+01
4.564509332758032656e+01
4.565956845613950321e+01
4.567396296369769715e+01
4.568827770805285127e+01
4.570251353367666525e+01
4.571667127198611524e+01
4.573075174160820211e+01
4.574475574863795657e+01
4.575868408689001399e+01
4.577253753814397896e+01
4.578631687238363668e+01
4.580002284803031642e+01
4.581365621217054240e+01
4.582721770077810675e+01
4.584070803893075663e+01
4.585412794102164469e+01
4.586747811096572747e+01
4.588075924240119008e+01
4.589397201888608890e+01
4.590711711409036155e+01
4.592019519198323962e+01
4.593320690701635556e+01
4.594615290430248677e+01
4.595903381979023550e+01
4.597185028510281768e+01
4.598460290903692993e+01
4.599729230571945493e+01
4.600991907610931264e+01
4.602248381281585665e+01
4.603498710025100138e+01
4.604742951477768997e+01
4.605981162485518610e+01
4.607213399118103325e+01
4.608439716682994458e+01
4.609660169738954494e+01
4.610874812109314291e+01
4.612083696894964646e+01
4.613286876487055110e+01
4.614484402579424227e+01
4.615676326180759048e+01
4.616862697626490331e+01
4.618043566590432647e+01
4.619218982096180071e+01
4.620388992528255301e+01
4.621553645951280487e+01
4.622712988884339325e+01
4.623867068170756056e+01
4.625015929745630672e+01
4.626159618957315445e+01
4.627298180577233211e+01
4.628431658809495985e+01
4.629560097300321075e+01
4.630683539147255345e+01
4.631802026908212611e+01
4.632915602610329131e+01
4.634024307758629391e+01
4.635128183344533426e+01
4.636227269854177990e+01
4.637321607276581403e+01
4.638411235111637865e+01
4.639496192377960426e+01
4.640576517620563379e+01
4.641652249096271987e+01
4.642723424069732374e+01
4.643790079887510558e+01
4.644852253274089549e+01
4.645909980516570670e+01
4.646963297471503296e+01
4.648012239571577453e+01
4.649056841832189946e+01
4.650097138857887558e+01
4.651133164848687329e+01
4.652164953606266806e+01
4.653192538540054102e+01
4.654215952673190770e+01
4.655235228648386681e+01
4.656250398733665463e+01
4.657261494828000536e+01
4.658268548466853076e+01
4.659271590827597009e+01
4.660270652734853769e+01
4.661265764665724021e+01
4.662256956754924886e+01
4.663244258799834085e+01
4.664227700265437448e+01
4.665207310289197551e+01
4.666183118207460723e+01
4.667155151473916419e+01
4.668123438793060132e+01
4.669088008039137350e+01
4.670048886781893316e+01
4.671006102290942863e+01
4.671959681540049303e+01
4.672909651211340076e+01
4.673856037699435717e+01
4.674798867115520551e+01
4.675738165291332393e+01
4.676673957783084745e+01
4.677606269875322909e+01
4.678535126584714732e+01
4.679460552663772432e+01
4.680382572604511893e+01
4.681301210642049426e+01
4.682216490758140992e+01
4.683128436684653195e+01
4.684037071906983840e+01
4.684942419667417823e+01
4.685844502968434000e+01
4.686743344575948100e+01
4.687638967022508751e+01
4.688531392610437365e+01
4.689420643414914025e+01
4.690306741287013637e+01
4.691189707856695179e+01
4.692069564535738380e+01
4.692946332520629937e+01
4.693820033010994308e+01
4.694690686350151765e+01
4.695558313321063793e+01
4.696422934287014073e+01
4.697284569409753630e+01
4.698143238652115627e+01
4.698998961780594641e+01
4.699851758367879029e+01
4.700701647795354887e+01
4.701548649255551737e+01
4.702392781754566897e+01
4.703234064114438695e+01
4.704072514975493391e+01
4.704908152798644494e+01
4.705740995867662946e+01
4.706571062291412488e+01
4.707398370006043109e+01
4.708222936777158907e+01
4.709044780201949010e+01
4.709863917711280834e+01
4.710680366571769184e+01
4.711494143887811958e+01
4.712305266603587484e+01
4.713113751505029825e+01
4.713919615221770698e+01
4.714722874229053673e+01
4.715523544849614268e+01
4.716321643255536600e+01
4.717117185470085872e+01
4.717910187369500363e+01
4.718700664684770629e+01
4.719488633003385303e+01
4.720274107771048477e+01
4.721057104293380746e+01
4.721837637737586135e+01
4.722615723134096299e+01
4.723391375378196244e+01
4.724164609729893272e+01
4.724935439822581174e+01
4.725703880653681210e+01
4.726469946593630311e+01
4.727233651885477173e+01
4.727995010646364449e+01
4.728754036868996735e+01
4.729510744423080837e+01
4.730265147056748987e+01
4.731017258397957903e+01
4.731767091955874349e+01
4.732514661122233690e+01
4.733259979172684950e+01
4.734003059268114555e+01
4.734743914455951597e+01
4.735482557671451076e+01
4.736219001738968615e+01
4.736953259373208169e+01
4.737685343180454112e+01
4.738415265659791942e+01
4.739143039204304131e+01
4.739868676102254597e+01
4.740592188538255414e+01
4.741313588594418604e+01
4.742032888251487321e+01
4.742750099389959928e+01
4.743465233791189206e+01
4.744178303138475883e+01
4.744889319018138707e+01
4.745598292920578132e+01
4.746305236241318681e+01
4.747010160282040658e+01
4.747713076251598352e+01
4.748413995267024035e+01
4.749112928354517038e+01
4.749809886450421459e+01
4.750504880402191787e+01
4.751197920969340771e+01
4.751889018824381594e+01
4.752578184553752294e+01
4.753265428658730229e+01
4.753950761556336602e+01
4.754634193580221790e+01
4.755315734981547848e+01
4.755995395929856784e+01
4.756673186513921081e+01
4.757349116742594219e+01
4.758023196545643430e+01
4.758695435774569660e+01
4.759365844365622422e+01
4.760034431691845214e+01
4.760701207536939705e+01
4.761366181447372981e+01
4.762029362895307827e+01
4.762690761279366569e+01
4.763350385925379982e+01
4.764008246087132648e+01
4.764664350947096239e+01
4.765318709617150716e+01
4.765971331139303402e+01
4.766622224486392412e+01
4.767271398562785123e+01
4.767918862205066688e+01
4.768564624182718603e+01
